0 0.078125 0.0875 0.040625 0.125
0 0.1828125 0.08984375 0.05 0.134375
0 0.2328125 0.0875 0.0421875 0.125
0 0.2828125 0.0875 0.0375 0.1296875
0 0.3328125 0.08125 0.04375 0.125
0 0.384375 0.0875 0.046875 0.128125
0 0.4859375 0.078125 0.0390625 0.13125
0 0.5359375 0.0875 0.0390625 0.1171875
0 0.5875 0.0875 0.046875 0.125
0 0.6890625 0.08125 0.040625 0.125
0 0.7421875 0.0875 0.046875 0.121875
0 0.8375 0.07265625 0.0421875 0.13125
0 0.8875 0.07578125 0.0421875 0.1375
0 0.9375 0.08125 0.040625 0.134375
0 0.0828125 0.23828125 0.046875 0.125
0 0.13125 0.23515625 0.040625 0.125
0 0.1765625 0.2328125 0.0390625 0.1203125
0 0.28125 0.2328125 0.046875 0.1375
0 0.3359375 0.2296875 0.0390625 0.134375
0 0.384375 0.2296875 0.0421875 0.121875
0 0.4859375 0.2296875 0.0359375 0.128125
0 0.534375 0.2296875 0.0390625 0.121875
0 0.5875 0.23515625 0.0390625 0.125
0 0.6890625 0.22421875 0.04375 0.125
0 0.7390625 0.2265625 0.0390625 0.13125
0 0.7890625 0.2265625 0.04375 0.13125
0 0.8390625 0.22421875 0.04375 0.1203125
0 0.08125 0.38046875 0.04375 0.1375
0 0.13125 0.378125 0.040625 0.128125
0 0.184375 0.38046875 0.04375 0.13125
0 0.28125 0.378125 0.040625 0.1203125
0 0.3328125 0.38046875 0.0515625 0.13125
0 0.3875 0.378125 0.04375 0.125
0 0.4390625 0.38046875 0.04375 0.1328125
0 0.4859375 0.378125 0.040625 0.140625
0 0.5875 0.375 0.0421875 0.1375
0 0.690625 0.378125 0.04375 0.140625
0 0.74375 0.38046875 0.04375 0.1375
0 0.7890625 0.375 0.04375 0.140625
0 0.840625 0.371875 0.040625 0.128125
0 0.8921875 0.36953125 0.04375 0.13125
0 0.13125 0.671875 0.040625 0.134375
0 0.18125 0.67734375 0.0421875 0.134375
0 0.23125 0.67734375 0.0453125 0.1421875
0 0.284375 0.68046875 0.0375 0.1328125
0 0.334375 0.67421875 0.0421875 0.1453125
0 0.384375 0.67421875 0.040625 0.1375
0 0.4359375 0.68046875 0.04375 0.1421875