0 0.9918244206715453 0.07726201179133349 0.016351158656909347 0.10392552067816443
0 0.8989107620146356 0.06600348821768492 0.07627269334818117 0.11286818114108114
0 0.8417522426798175 0.05772226137704871 0.06526246801399935 0.10610875889134015
0 0.7869647453453176 0.05229222642860605 0.059012468013999356 0.1045844528572121
0 0.7305511133434086 0.04429994396361734 0.06515338001272664 0.08859988792723468
0 0.6711124786759995 0.04497418610573448 0.07149428668045399 0.08994837221146897
0 0.5560141900063634 0.03463067235443949 0.06046588001272681 0.06926134470887899
0 0.4989465773392725 0.03283380893412139 0.060393154678545 0.06566761786824278
0 0.44190623667249973 0.03347166377268561 0.06818747334499946 0.06694332754537122
0 0.32611760467059075 0.02202904962849648 0.061610209341181485 0.04405809925699296
0 0.26749658267027254 0.021140791770613624 0.06936816534054513 0.04228158354122725
0 0.15717670066836356 0.009552628412212775 0.06122840133672711 0.01910525682442555
0 0.10325226933481813 0.00926368403656528 0.06275453866963623 0.01852736807313056
0 0.9753369020130449 0.2218125324694979 0.0493261959739101 0.15240156203449332
0 0.9358033293682256 0.21358480955780315 0.07049540802036276 0.15320208271265773
0 0.8848675380330894 0.2026687342887435 0.0688420013526354 0.14531680810555192
0 0.7659175433640895 0.19101210442878866 0.08001585868872638 0.16613873035529286
0 0.7055885706954077 0.17897017680236416 0.07214881468808994 0.1610873573197636
0 0.6515823233609078 0.17288715074751626 0.07362040802036277 0.15334763192686945
0 0.5357482380251352 0.1603037216733497 0.06896927068745348 0.15625430810555185
0 0.48096074069063527 0.1542570829220547 0.06891472668681722 0.1515668081055519
0 0.4199959686903171 0.15475154259918314 0.07049540802036272 0.15320208271265773
0 0.30715961401972636 0.13108506431080488 0.07521927068745357 0.1565454065339753
0 0.25004654801877185 0.12671008747016868 0.07213063335454448 0.15952485731976357
0 0.19212496001749918 0.12002774793308539 0.07681813335454449 0.15974318114108116
0 0.13731019068268108 0.11163735918179041 0.07512836401972636 0.1487329065339753
0 0.9637368780235445 0.3848947293263448 0.07252624395291107 0.16919095574818704
0 0.9118947567234065 0.3757230905750498 0.07211245202099903 0.15796235731976357
0 0.8524197593889065 0.3698947756450724 0.07525563335454458 0.1596704065339752
0 0.7420362427195885 0.3554941354460353 0.07200336401972632 0.14858735731976366
0 0.682579426718634 0.3512283205160579 0.08621131468808993 0.16174232878371625
0 0.6238584073838158 0.3430198682825275 0.0736567706874535 0.15647263192686953
0 0.563629432049634 0.33957169065610304 0.0752919960216353 0.1627954065339753
0 0.396051033378407 0.31376482361642977 0.0753283586887263 0.1659204065339753
0 0.2794447887094071 0.30199903184581617 0.07848972135581711 0.16919095574818704
0 0.21924308537554352 0.3008946042193917 0.07692722135581712 0.16911818114108118
0 0.16827093137331633 0.28685352895033206 0.07848972135581711 0.16919095574818704
0 0.11109423070495279 0.27700980210969584 0.07209427068745358 0.15639985731976358
0 0.056297642703680116 0.27018191335840086 0.07213063335454448 0.15952485731976357
0 0.8633872681014954 0.707848539913096 0.0737294960216353 0.16272263192686937
0 0.8071099961011772 0.7081246757689069 0.0752919960216353 0.1627954065339754
0 0.7499605674331318 0.7006246989282706 0.08010676535645356 0.1739512303552928
0 0.6881872734324954 0.6988117959089519 0.06906017735518084 0.16406680810555194
0 0.6340628474299501 0.6825725198541042 0.07699994668999892 0.17536818114108108
0 0.5769497814289956 0.6781975430134679 0.07218517735518085 0.16421235731976366
0 0.5191009187619047 0.6777652034763847 0.07699994668999892 0.17536818114108108
0 0.5080425033815887 0.331998939208361 0.07367495202099902 0.15803513192686944