0 0.17549208992388782 0.03733385280989042 0.16973417984777567 0.06833831614940158
0 0.16727768330781678 0.08463543874473986 0.1609321828135252 0.08207343393541644
0 0.15869586216700923 0.1420659928284239 0.16224001482874764 0.07587799763774727
0 0.14383220752810455 0.19849704210278446 0.15943334980971957 0.08358137023308557
0 0.1408464703796858 0.2592435691446265 0.16424818380210837 0.08687006134007813
0 0.11752832859236237 0.37623017250267105 0.1639298488211364 0.07905756134007813
0 0.11991584094965205 0.43482392250267105 0.14974001482874763 0.07544148801910051
0 0.11139768680503892 0.49381697658635504 0.16268568380210832 0.08681549763774736
0 0.09507896151961828 0.6102678666048884 0.14368101581733078 0.0799107332097769
0 0.09453247486549114 0.6734399892002267 0.13774935079830275 0.08750497840045349
0 0.08336416459909854 0.7822693521769183 0.1062446828135252 0.08016370435383653
0 0.08403000946590225 0.8369022884745874 0.10324701680591397 0.08317957694917481
0 0.08341985581558073 0.8985119110699257 0.0968060158173308 0.07827382213985139
0 0.3567911694676523 0.025721774131435126 0.15733233893530468 0.03201887023308558
0 0.3439383423953458 0.05491820081045743 0.14974001482874763 0.07544148801910044
0 0.3294367850947027 0.17767365453132172 0.17375051779449713 0.09032244355406327
0 0.31554538144438116 0.23881948565684774 0.16861734882113638 0.0792212524470707
0 0.307649309809282 0.2939335715916972 0.15624468281352524 0.08190974282842385
0 0.2913942515200558 0.41194696161023064 0.16067751482874754 0.07582343393541642
0 0.2843112633830539 0.4678695793962454 0.15605368182494192 0.07722224282842376
0 0.28376477672892675 0.5310417019915837 0.15917868182494202 0.07733137023308564
0 0.2564448844473117 0.6455481460938012 0.16099584980971962 0.08363593393541642
0 0.2502068133065042 0.7030605457309815 0.1639298488211364 0.07905756134007813
0 0.2425017426599883 0.762862131665831 0.16418451680591398 0.0853075613400783
0 0.2315443380210836 0.8194295901960187 0.15468218281352514 0.081855179126093
0 0.5230528394295962 0.047130526578505846 0.1617306788591925 0.06337799763774729
0 0.5158743507983028 0.10070939436452071 0.1641208498097196 0.08374506134007813
0 0.49783395802239616 0.21319947068072329 0.1529923488211363 0.0786756154237622
0 0.49247263737588015 0.273082902169069 0.16612901878308045 0.09473712504240908
0 0.4824874837255587 0.33436514255042216 0.16093218281352506 0.08207343393541641
0 0.47793924657714 0.3950571058899333 0.16880834980971957 0.0839087524470707
0 0.446661366158523 0.5655952951828274 0.171997016805914 0.0855803798517325
0 0.4328137248654912 0.6852530307548571 0.17362318380210837 0.08719744355406327
0 0.4298279877170724 0.7459995577966991 0.17355951680591386 0.08563494355406327
0 0.41324266558768175 0.7984697933687288 0.17362318380210837 0.08719744355406327
0 0.40234892794497146 0.8565997518989166 0.1608685158173308 0.08051093393541642
0 0.39308135729845545 0.9163467741314351 0.165747016805914 0.08536212504240907
0 0.8657788503040112 0.11058791368663243 0.16861734882113658 0.0792212524470707
0 0.8642601126613009 0.1690452544308053 0.16880834980971962 0.0839087524470707
0 0.8557101250185906 0.2272570585144893 0.18000051779449713 0.0905406983633867
0 0.8520386383644635 0.2903200537051659 0.16692751482874754 0.07604168874473985
0 0.8347994002274615 0.34588800742603015 0.18143568380210837 0.08747026206571755
0 0.827780079086654 0.40337312521204505 0.17180601581733085 0.0808928798517325
0 0.8255437584401379 0.46336568410505247 0.18143568380210837 0.08747026206571765
0 0.46776309193823523 0.4516518462712865 0.16255834980971962 0.08369049763774719