0 0.8411799328607096 0.921744065967944 0.06127598960843983 0.07449488585581107
0 0.739054704148033 0.9233858027333776 0.06171303218308673 0.08074488585581072
0 0.635929704148033 0.9281889268023642 0.06327553218308672 0.08081766046291676
0 0.5320780844698638 0.9322471881749037 0.06338479282674854 0.08238016046291677
0 0.421867204148033 0.9381590479758666 0.06640053218308672 0.08096320967712849
0 0.321085954148033 0.9428530101341945 0.06327553218308672 0.08081766046291676
0 0.21499984511352555 0.9454579334173928 0.06672831411407196 0.08565070967712814
0 0.8556134094796992 0.7598797667537323 0.06357046312533612 0.10730738585581072
0 0.7480740610888533 0.7609949646440364 0.05830380891829172 0.12107878742738745
0 0.6454571594796991 0.7696679514094701 0.0645538089182919 0.12136988585581072
0 0.540769659479699 0.7745438500855625 0.06411676634364483 0.1151198858558109
0 0.432957159479699 0.7795652979758667 0.06411676634364483 0.1151198858558109
0 0.3274884094796991 0.784477583955512 0.05786676634364492 0.11482878742738745
0 0.2230740610888534 0.7854472326316044 0.06567926634364492 0.11519266046291676
0 0.8681783835007986 0.5801922667537323 0.06411676634364483 0.11511988585581072
0 0.7623818515698133 0.5897920527333775 0.06411676634364483 0.1151198858558109
0 0.6576943515698134 0.59466795140947 0.0614288089182919 0.121224336641599
0 0.5502096335007985 0.5950018992997742 0.06186585149293879 0.12747433664159918
0 0.4451943515698134 0.6045652979758666 0.06477233020561535 0.12449488585581073