0 0.9888769804039587 0.05956967102325279 0.015426423198680438 0.04802291181871081
0 0.9822345238191834 0.1271398082961564 0.024710494985435004 0.04566318636451801
0 0.9780722095542762 0.1898311269326082 0.029397994985435005 0.04604582363742162
0 0.9721655388628783 0.25889999132669456 0.03711956677218993 0.043558552425594324
0 0.966440724597971 0.3217188557207809 0.04502299498543536 0.04732128121376693
0 0.9590170180131956 0.3893527658725017 0.055960494985435004 0.0482141015172088
0 0.9231132395751587 0.006291356952974697 0.07305706677218993 0.012582713905949394
0 0.9111384253102515 0.052665708904979555 0.07310253087881265 0.04805460485118862
0 0.9037374507787875 0.11951836905670044 0.08105142319868044 0.053379833639361295
0 0.8909131903539462 0.18525493936014217 0.08105142319868044 0.053379833639361295
0 0.881145733769171 0.25308016814831485 0.07475595909205772 0.05130715060882309
0 0.8714692053976411 0.3177803969364875 0.07475595909205772 0.05130715060882309
0 0.8617699449727997 0.3832618757246602 0.08261392319868008 0.05350737939699579
0 0.8125849165347627 0.0033335834701834323 0.06988660266556712 0.006667166940366865
0 0.799002138163233 0.0493490034546661 0.07930706677218957 0.047002287881726765
0 0.7924278777383916 0.1145753907275697 0.07939799498543501 0.050127287881726754
0 0.7827058852602391 0.18083811951574238 0.07622753087881229 0.048309696366457724
0 0.7721571786754637 0.24872712118273235 0.07622753087881229 0.048309696366457724
0 0.7624579182506225 0.31420859997090506 0.07613660266556703 0.04518469636645772
0 0.74882967577247 0.38079019315316404 0.07788095909205772 0.051562242124092175
0 0.6997128434943669 0.0010534129420698758 0.07613660266556703 0.0021068258841397515
0 0.6931613151228371 0.04395961497381451 0.07622753087881247 0.0483096963664577
0 0.6834393226446844 0.11022234376198718 0.07935253087881229 0.04856478788172676
0 0.6697883481132205 0.17758518694424621 0.0824775308788123 0.048819879396995836
0 0.6631686235817565 0.2443740742171498 0.080960494985435 0.05025483363936134