0 0.6559093000126353 0.5059009374204051 0.068336126022532 0.1476204346753633
0 0.7161564782258807 0.5097259187619047 0.06842705423577744 0.1507454346753633
0 0.8261893931112908 0.3188838374442676 0.06364862602253218 0.14756589067472686
0 0.8479376756394558 0.5026684914464947 0.06842705423577726 0.1507454346753633
0 0.737859296647423 0.6919480727641318 0.06333037727617316 0.13662839067472685
0 0.677771242807357 0.6935918414226323 0.06319398495630538 0.13194089067472686
0 0.7644479110579795 0.3173844247692226 0.07655780298213628 0.16177384134309047
0 0.5937502808123053 0.5168924340785873 0.06373955423577726 0.15069089067472685
0 0.7776933717993899 0.5041940814369499 0.06829066191590946 0.1460579346753633
0 0.800427492807357 0.6950190761059496 0.058961126022531916 0.14751134667409058
0 0.6126690800335178 0.7107969754137236 0.06217705423577744 0.1506727093411815
0 0.921370478621592 0.6644059701224944 0.058642877276173164 0.1365738466740906
0 0.6921389343484374 0.8921293387571321 0.061767877276173166 0.13661020934118112
0 0.6274088446149942 0.8952810634149962 0.058642877276173164 0.13657384667409075
0 0.7566189714954561 0.8803838640992682 0.068336126022532 0.1476204346753633
0 0.8183377214954561 0.8811020267743132 0.06217705423577726 0.1506727093411815
0 0.8787523842692953 0.8638423487825856 0.06093280298213628 0.16159202800763595
0 0.9403802060560498 0.8614355114576305 0.05909751834239998 0.15219884667409067
0 0.9846216702291795 0.844139470798812 0.030756659541641085 0.12874316534054522