0 0.29932100140851264 0.7990219667064418 0.0237850098858317 0.047893844499482086
0 0.4204784184047071 0.8030994987571457 0.025411176882026255 0.04952911910658777
0 0.44632333540090147 0.8027377797743924 0.025347509885831697 0.04796661910658777
0 0.4713551688989986 0.8031209234880861 0.026973676882026253 0.04960189371369381
0 0.4955739188989986 0.8042489298982268 0.026973676882026253 0.04960189371369381
0 0.5191069193932902 0.8029967990048148 0.027037343878220453 0.051164393713693815
0 0.5441387528913875 0.8033799427185084 0.02528384288963732 0.04640411910658804
0 0.5683575028913874 0.8045079491286493 0.025347509885831697 0.04796661910658804
0 0.5926080863894846 0.80485470553879 0.026973676882026076 0.04960189371369381
0 0.6418586698875818 0.8063658556626245 0.025347509885831697 0.04796661910658777
0 0.6652643363894846 0.8082387247692125 0.025347509885831697 0.04796661910658804
0 0.685640503385679 0.8076222946615885 0.02059634288963732 0.04618579528527036
0 0.7130160868837763 0.8081146002859411 0.026973676882026253 0.04960189371369381
0 0.7372348368837762 0.8092426066960818 0.026973676882026253 0.04960189371369381
0 0.7614854203818734 0.8095893631062226 0.025347509885831697 0.04796661910658777
0 0.1902563606097724 0.6710531703877141 0.02722834486680372 0.05585189371369381
0 0.7865490873780677 0.8091912568199163 0.026973676882026253 0.04960189371369381
0 0.21844502760596676 0.6708006133156197 0.021042011862998145 0.05712329528527036
0 0.23875752760596675 0.6717466832079957 0.028918178859192522 0.0590496683207995
0 0.26691436110406397 0.6722753761359013 0.03035334486680368 0.05599744292790554
0 0.292695611104064 0.6734761571531479 0.02710101087441492 0.05272689371369381
0 0.31694619460216117 0.6738229135632887 0.03022601087441492 0.052872442927905536
0 0.34279111159835557 0.6734611945805353 0.02710101087441492 0.05272689371369381
0 0.18439763285289384 0.5651113854415261 0.024103344866803676 0.055706344499482086
0 0.2079306333471854 0.563859254548114 0.028663510874414922 0.0527996683207995
0 0.23374371684528264 0.5642787855653607 0.02872717787060939 0.0543621683207995
0 0.3142124668452826 0.5680266778313122 0.028663510874414922 0.0527996683207995
0 0.340838633841477 0.5677013461521119 0.02710101087441492 0.05272689371369381
0 0.411151133841477 0.5709762034718755 0.04441584486680372 0.05665241439185813
0 0.44637105083767137 0.5710511321317572 0.030353344866803765 0.05599744292790554
0 0.49096596783386576 0.5715627084342741 0.04285334486680377 0.056579639784752264
0 0.5253409678338657 0.573163749790603 0.02710101087441501 0.05272689371369381
0 0.551935301331963 0.5736196681114025 0.02397601087441501 0.05258134449948208
0 0.17286190806176477 0.44481600206691463 0.02722834486680368 0.05585189371369381
0 0.20105057505795915 0.44456344499482 0.02722834486680368 0.05585189371369381
0 0.23002049205415354 0.44434727522627837 0.024294345855386902 0.06039384449948208
0 0.25495682505795914 0.44707416893997215 0.02722834486680368 0.05585189371369381
0 0.28389490855605637 0.44763924917143055 0.0240396778706093 0.054143844499482084
0 0.309771659050348 0.4464962801886772 0.02722834486680368 0.05585189371369381
0 0.33708357555225077 0.4485510858130296 0.0287271778706093 0.0543621683207995
0 0.36524040905034794 0.4490797787409351 0.03035334486680368 0.05599744292790554
0 0.4191466590503479 0.4515905026860871 0.028854511862997968 0.057487168320799496
0 0.4441784925484452 0.4519736463997809 0.031915844866803766 0.05607021753501122
0 0.4738659925484452 0.4533563639347921 0.025793178859192523 0.05890411910658777
0 0.5004603260465423 0.4538122822555918 0.030480678859192523 0.05912244292790554
0 0.5684609095446396 0.4561967276646965 0.05554434585538672 0.061849336641599174
0 0.6083364930427366 0.4572712301458958 0.025665844866803768 0.05577911910658777
0 0.6387415760465422 0.46025283498446007 0.024039677870609212 0.054143844499482084
0 0.6629603260465423 0.4613808413946009 0.030353344866803765 0.05599744292790554
0 0.6895864930427367 0.46105550971540055 0.027292011862997966 0.05741439371369381
0 0.7161489930427367 0.46229267803620006 0.030353344866803765 0.05599744292790536
0 0.7692739930427367 0.46476701467779924 0.030480678859192523 0.05912244292790554
0 0.7943058265408339 0.4651501583914929 0.030608012851581278 0.06224744292790554
0 0.8208364930427366 0.4671685767122925 0.025793178859192523 0.05890411910658777
0 0.8489614930427368 0.4684785196401979 0.027228344866803412 0.05585189371369381
0 0.8747427430427368 0.46967930065744457 0.02879084486680341 0.055924668320799495
0 0.1999112504199295 0.7990882791552198 0.026973676882026166 0.04960189371369363
0 0.2256925004199295 0.8002890601724666 0.025411176882026165 0.04952911910658777
0 0.24916183391802668 0.8005994292790544 0.026973676882026166 0.04960189371369381
0 0.32357158490660987 0.7993687231165826 0.025411176882026165 0.04952911910658777
0 0.3485397514085126 0.8013143668302762 0.0237850098858317 0.047893844499482086
0 0.3657909184047071 0.8005523875084407 0.0206600098858317 0.04774829528527036
0 0.2610556333471854 0.5663335911897132 0.02710101087441492 0.052726893713693636
0 0.2876818003433798 0.5660082595105127 0.02710101087441492 0.05272689371369381