0 0.464801033378407 0.3132494861226546 0.1414067973424542 0.07291752965749528
0 0.4641010520369074 0.2530932361226545 0.14609429734245422 0.0731085306460784
0 0.28604768268618097 0.13216260669262075 0.14291475334181775 0.06829369665368965
0 0.46502665802036275 0.1311227356283629 0.14609429734245408 0.0731085306460784
0 0.6610760493714073 0.25366494460216116 0.13353975334181775 0.06791169467652329
0 0.6469050087125888 0.3120822810660079 0.1288340720082724 0.06615819368794007
0 0.28437664202736235 0.19007060718691235 0.15712270401018139 0.08136669961943914
0 0.4639476053866794 0.3742506531188489 0.14603975334181776 0.0684210306460784
0 0.4610755020289532 0.1945949866169461 0.14138861600890867 0.07135502965749523
0 0.6540987960295895 0.19141961258693874 0.14284202800763596 0.06204369665368965
0 0.6539095340547247 0.3766713630812303 0.14603975334181776 0.0684210306460784
0 0.642588036680454 0.0754271980622023 0.13190452800763594 0.06159802768032889
0 0.8337237560470887 0.3130678250207781 0.13350339067472702 0.06478669467652329
0 0.8313260093889066 0.37569515901316686 0.13815452800763595 0.06185269566510652
0 0.8275004807049529 0.24844690950745849 0.14296929734245403 0.07298119665368966
0 0.8299436806969986 0.1897258255150697 0.14600339067472703 0.0652960306460784
0 0.8315965400222718 0.13025532502077813 0.1569227093411815 0.06417919961943915
0 0.836401671347863 0.07300124053409775 0.14752952800763594 0.06223469764227281
0 0.8154073713399088 0.02256279566620025 0.12563634667409077 0.0451255913324005