0 0.6625 0.44375 0.05625 0.134375
0 0.721875 0.440625 0.05625 0.1390625
0 0.834375 0.259375 0.0515625 0.1359375
0 0.840625 0.434375 0.05625 0.1390625
0 0.7265625 0.6328125 0.0515625 0.1265625
0 0.66875 0.621875 0.0515625 0.121875
0 0.778125 0.2609375 0.0625 0.1484375
0 0.603125 0.446875 0.0515625 0.1390625
0 0.778125 0.434375 0.0546875 0.134375
0 0.7875 0.621875 0.046875 0.1359375
0 0.60625 0.6328125 0.0515625 0.1390625
0 0.9 0.6046875 0.046875 0.125
0 0.6734375 0.8046875 0.05 0.1265625
0 0.6125 0.80625 0.046875 0.13125
0 0.7359375 0.7953125 0.05625 0.1359375
0 0.79375 0.79375 0.05 0.1390625
0 0.8515625 0.7921875 0.046875 0.15
0 0.9078125 0.79375 0.046875 0.140625
0 0.9640625 0.7703125 0.046875 0.11875