0 0.3958848388775003 0.3756343429556745 0.1763091298696164 0.0882607070582587
0 0.4001808267026357 0.30886124005124505 0.16846935633066593 0.08610621120744355
0 0.18502165665497752 0.1404152029090738 0.16370003571381497 0.08106351369695447
0 0.39371086404130373 0.16169024212583752 0.16846935633066593 0.08610621120744359
0 0.612708100241586 0.32652602719341633 0.1543250357138149 0.08035311867597636
0 0.6139626830333016 0.3984010271934163 0.1480750357138149 0.07987952199532425
0 0.18859271590774282 0.2109053016643183 0.17957049756436802 0.09631000539858474
0 0.3972076055165918 0.4514155929556745 0.16838753571381498 0.08141871120744355
0 0.39500635714144494 0.23590899212583755 0.16378185633066594 0.08575101369695448
0 0.6114807909888207 0.2562135271934164 0.163618215096964 0.07637601369695446
0 0.6237973790555421 0.47014597262931296 0.1683602621748646 0.07985621120744354
0 0.5958403798696164 0.12005088424703061 0.15111821509696383 0.0754288203356503
0 0.8423195081143795 0.42896855603721784 0.15429776217486477 0.07879061867597628
0 0.8420115909060952 0.5007251568670548 0.15893071509696383 0.07602081618646536
0 0.8340064017837137 0.3549982597714842 0.16378185633066594 0.08575101369695445
0 0.8343825028393738 0.2871479089416472 0.16836026217486477 0.07985621120744354
0 0.8205733729697574 0.2112007155803431 0.18239548863591432 0.0793593037389108
0 0.8114653798696164 0.13638996972952794 0.16986821509696384 0.07684961037760658
0 0.8074812633926806 0.08693442138920189 0.14267842370110628 0.0388993244848352