0 0.2170103405913731 0.17881547602842476 0.2016607545523465 0.28202900723608926
0 0.35855298291124116 0.1815387635676673 0.19738243151195062 0.29584584577069994
0 0.5034479457642226 0.17661332541716937 0.1893426109788372 0.2876239099950512
0 0.6370189637109112 0.18439592718076314 0.18460964687221448 0.2858157485296619
0 0.8875046970178639 0.2076950655790883 0.16009772868809904 0.1940443283578455
0 0.9675415380049482 0.22675600406827057 0.05927937476889085 0.16067855042954132
0 0.06294496621819373 0.48090584124814423 0.12588993243638746 0.2711866824962884
0 0.3279261423863751 0.48117359339585075 0.20693928793844138 0.3025871687014785
0 0.4735568911327338 0.4778515988229177 0.18470057508545992 0.2889407485296619
0 0.055137163236057586 0.7948045669378847 0.11027432647211517 0.25523413387576943
0 0.17869405436879138 0.796500943011738 0.2154337495377816 0.3264341044771271