0 0.8087103469951751 0.1647826848182143 0.2737762394466934 0.22050291607077463
0 0.8095751919617553 0.30397273057584884 0.28772964529089184 0.2154008278894854
0 0.8198968575451868 0.4470850017876762 0.27980805113509044 0.20851309910131272
0 0.8276974951254408 0.5802323416359553 0.30012055113509034 0.21017119395056164
0 0.8226589878185449 0.8294351161817625 0.22794554220663663 0.18711658909937298
0 0.8044232309186861 0.9052481881521942 0.20106366801906325 0.07726335697722035
0 0.5074773092527654 0.055007009083855765 0.26495461850553065 0.11001401816771153
0 0.5145121079522237 0.29754635588995876 0.29417056006354414 0.22684851092002364
0 0.5240252499967047 0.43915989998060334 0.278136456979289 0.20213555334367825
0 0.20965741801906326 0.056983581513329405 0.22556483603812652 0.11396716302665881
0 0.2072608952908918 0.1755427786286931 0.3005023806803952 0.23204619395056172