0 0.23181360431491965 0.16859511250618597 0.20000732633910118 0.27882212008095947
0 0.37154369404836296 0.1573599621220732 0.19255853919208255 0.2909126843053107
0 0.5141487311953815 0.13976742763504837 0.18612668276559177 0.27953485527009675
0 0.6467793747688908 0.1366778485420339 0.18653585972519587 0.2733556970840678
0 0.8946856773553155 0.11977151515360632 0.16197847743445806 0.20506371551297523
0 0.9716991552519918 0.1303980766644241 0.056601689496016405 0.1749867118949306
0 0.08523308715965383 0.48221163444159626 0.14982546991261042 0.2699517311168075
0 0.35908812430667236 0.45534043871632485 0.20367789561857333 0.297735894391219
0 0.501693161453691 0.4353477640219525 0.18300168276559176 0.2841713613745323
0 0.08398780205769933 0.7889939009499397 0.1288764724198929 0.24701219810012062
0 0.20726617768451994 0.7770560656946893 0.21378032132453625 0.32322721732199755