0 0.4951328760343621 0.22158419186046388 0.21211928668045385 0.11507998920265836
0 0.4917618806890444 0.13345313618493782 0.204306786680454 0.11457934145441176
0 0.5119823793364089 0.00943914944628961 0.19896475867281788 0.01887829889257922
0 0.7655175540260897 0.1432742149963066 0.1870283800127268 0.10566541640826924
0 0.7524095740372255 0.22620663094315052 0.18076019867918128 0.1037023982096719
0 0.24995509400859053 0.05528482765319288 0.22005905601527206 0.11056965530638577
0 0.48759364337999783 0.3127599043835351 0.20423406134627217 0.10832934145441175
0 0.5009363386775905 0.0519520704826499 0.1964579240133631 0.1039041409652998
0 0.7637272400143175 0.05660552977113129 0.19791133601209054 0.10167882325581448
0 0.7620487507160887 0.31549966842007926 0.2042158800127268 0.10676684145441176
0 0.9639999600174992 0.2367576974160182 0.07200007996500161 0.08605621838316742
0 0.9558880153564534 0.31855840993908946 0.08822396928709324 0.08403264342930994
0 0.9587579293443632 0.14721433606496614 0.08248414131127361 0.09759449568106335
0 0.9606471460057271 0.06503289174049216 0.07870570798854573 0.08948160703211538
0 0.9557414700031817 0.01221848627722289 0.0885170599936366 0.02443697255444578