0 0.532731591225405 0.353125 0.19907497091226495 0.084375
0 0.5407516431919573 0.26953125 0.18969997091226495 0.084375
0 0.5342470674285038 0.11328125 0.18969997091226495 0.084375
0 0.2822536169791602 0.2515625 0.1734372421240922 0.0765625
0 0.28725972349733875 0.33203125 0.16718724212409217 0.0765625
0 0.7868774730382968 0.2125 0.20621779121570666 0.0953125
0 0.5234838791071318 0.43125 0.1891897878817268 0.078125
0 0.5432231968254996 0.19453125 0.18332242515463051 0.0828125
0 0.2933189206127025 0.1765625 0.18086710485118865 0.071875
0 0.27579580713670004 0.41171875 0.1891897878817268 0.078125
0 0.08188669728454159 0.3140625 0.09792705909355408 0.0703125
0 0.08330541819680651 0.3984375 0.09754442182065048 0.065625
0 0.08703684076636303 0.23359375 0.11262728788172678 0.078125
0 0.08853582576345354 0.15625 0.11680460485118864 0.071875
0 0.09757624379108218 0.08515625 0.133609467578285 0.0671875
0 0.09690682197043168 0.01953125 0.13131364394086337 0.0390625