0 0.14909290486734242 0.8345120487999269 0.15908515027114647 0.22610023531769166
0 0.28015200732667045 0.8734376157968189 0.16534424063022612 0.2279538337461151
0 0.5095395254770431 0.9218344203877141 0.16196471057599685 0.1563311592245718
0 0.7671520375772914 0.9622497127775003 0.15843973477649378 0.07550057444499955
0 0.09776779596510672 0.5226627121583277 0.15757719242562418 0.23540246071058563
0 0.2311388321676561 0.5671661910658786 0.17014991529826115 0.24848465756743252
0 0.3598496394474443 0.6067638461521119 0.16855105386194272 0.24216188296032684
0 0.48779737744539176 0.6432001139347922 0.17014991529826115 0.24848465756743252
0 0.6141689799047197 0.6819073571103665 0.16234650565734085 0.2496832845319034
0 0.17295973526747294 0.22452061869230308 0.1717487767345796 0.2548074321745385
0 0.3102415666495621 0.26842478411761855 0.17022263817089806 0.2609846575674326
0 0.4428313528521115 0.3128918757216165 0.1718305899662962 0.2688699321745385
0 0.5793182986955813 0.35910340384337897 0.17961581888905725 0.2645463052100678