0 0.8659050965709059 0.7215588018778238 0.2060402923897861 0.1320147106938169
0 0.8677844278358215 0.5973855052116874 0.21421666542531526 0.13991811736154425
0 0.8724698895798646 0.3459048212126419 0.21570639081820958 0.13837379869508962
0 0.8648544044670607 0.10706049721518726 0.2093836162111038 0.1367385733609078
0 0.5924204390034732 0.8933996285805493 0.21824919396136266 0.12591016136218053
0 0.591611417911024 0.759887694581504 0.22976889081820956 0.1385374306969986
0 0.5911298825505511 0.6193445105824584 0.22500861621110388 0.13692038669636233
0 0.5870139249403373 0.48977518925050384 0.22976889081820956 0.1385374306969986
0 0.5825340942945942 0.36801836791854925 0.23409251778268025 0.13077947469763487
0 0.27950090798622657 0.9228080546228657 0.23765416542531542 0.14019083736472596
0 0.2797642353222008 0.7830370299570475 0.24361306699689197 0.13401356269890757
0 0.2833708864794926 0.6385421426241383 0.24993584160399784 0.13564878803308938
0 0.28174422808349053 0.5058205492918655 0.24404971463952715 0.1433885626989076
0 0.8626433951614357 0.026005232614593303 0.19658820967712848 0.052010465229186606