0 0.5830451777561587 0.72673856515757 0.20372917568342572 0.11857208130638916
0 0.6051847264365756 0.8047551155944103 0.19577997464666658 0.11682774335048621
0 0.6279695326098629 0.9469796363959728 0.19169806738935158 0.10581750816812523
0 0.35810538341106646 0.8639800727570144 0.17777226842611088 0.10705269984750032
0 0.34839748421227 0.7870357130496184 0.1729480673893516 0.10538109707395851
0 0.842850821771159 0.8173324232494451 0.18579938190398124 0.12751067021222234
0 0.5612084254470846 0.6542089485163199 0.19367067049962933 0.11054137575930571
0 0.6224706797824091 0.8756131294621186 0.19081907257314795 0.11359364057694457
0 0.38255928779365916 0.9334392407850352 0.18701056738935168 0.1057084053945836
0 0.32350408242157547 0.7136521112260072 0.19367067049962944 0.11054137575930571
0 0.11538064118676088 0.8465879785328474 0.17763556738935166 0.10549019984750033
0 0.09962779354310332 0.7671543984607293 0.1821863663525924 0.1040368026210416
0 0.13538149142231656 0.9222062275829168 0.19265497464666645 0.11675500816812523
0 0.15437620772764077 0.9696780267854862 0.1899797425071295 0.060643946429027554