0 0.4015625 0.46723133197804145 0.1125 0.21239652372599624
0 0.315625 0.44495176676873294 0.1109375 0.2045203567298018
0 0.1515625 0.42351180136914407 0.1109375 0.2045203567298018
0 0.2640625 0.7142402776431478 0.1015625 0.18695085475263545
0 0.3484375 0.7225210098486508 0.1 0.18063718775644108
0 0.28828125 0.17419093920213474 0.1234375 0.22065469269935695
0 0.48046875 0.48979739867022465 0.1046875 0.20270318874502422
0 0.23671875 0.42785445007654965 0.1078125 0.19814302273741297
0 0.18671875 0.6892667939547702 0.0984375 0.19619852076024671
0 0.428125 0.7481802430427367 0.1046875 0.20270318874502422
0 0.3046875 0.9243036857420937 0.08125 0.08456068380210838
0 0.3921875 0.9371445839552077 0.0765625 0.08280718281352506
0 0.21953125 0.904336037034688 0.090625 0.09744268577927465
0 0.14140625 0.8895506368444076 0.084375 0.10187551779449713
0 0.06796875 0.8683242356655441 0.0828125 0.12056185079830258
0 0.0140625 0.8548957470342504 0.028125 0.11833350593149916