0 0.08809746144967646 0.8543030648834572 0.12812609468490826 0.1387946598887993
0 0.07861227876349554 0.7108258833951115 0.12665450135263548 0.14655259618646851
0 0.054836234723088316 0.4138789615254126 0.10163632001909004 0.1441170769491748
0 0.04139825401813553 0.1322023755905632 0.08130563868554459 0.14184524881887364
0 0.36747697346431213 0.9524032258685649 0.23831816000954503 0.07860618275429018
0 0.35425826344681294 0.8239062036360464 0.2532715453532718 0.1556597560752678
0 0.33832308609163214 0.663459776957024 0.24858404535327186 0.15549606496827514
0 0.3264305187380422 0.5145956910221745 0.25327154535327184 0.1556597560752678
0 0.3176902233847704 0.3679662276826634 0.2578499573519991 0.1464484471822603
0 0.7257889127943578 0.9156621061836334 0.25908519334818114 0.11837801088459124
0 0.710180999442995 0.7833406795046113 0.2672795013526354 0.15146332939624543
0 0.6880412754216778 0.6270187576349123 0.2766908640197265 0.15491571161023074
0 0.6743771227323152 0.46024048540239376 0.27053177068745365 0.16250995680090727