0 0.9594214209505271 0.22211276967210275 0.08115715809894582 0.2668400192218769
0 0.8379350346004111 0.207626466529028 0.16589289133021304 0.2831068283578454
0 0.514291946159398 0.16649801899473424 0.16589289133021304 0.28310682835784545
0 0.19453786167271767 0.14428334577069996 0.16382105536065775 0.27052494120271564
0 0.9580538750185905 0.5818186403188891 0.08389224996281897 0.278678277928304
0 0.8197977772232183 0.5660630862713033 0.16407572334543516 0.27677494120271573
0 0.654731192736538 0.5519552414051144 0.16433039133021285 0.28302494120271576
0 0.4921038587441492 0.5403139772716201 0.15364755931499055 0.28870173111680747
0 0.959666749048598 0.9138809520568495 0.0806665019028042 0.17223809588630096
0 0.8210644358536368 0.8998793277920185 0.1581148834215475 0.2002413444159629
0 0.6584371018612479 0.8925780828804012 0.1521195514063251 0.21484383423919767
0 0.0622201101898429 0.13033263116223595 0.11819022037968581 0.26033771370395287