0 0.119385338078054 0.811219301131468 0.11327912441111074 0.18806360226293614
0 0.1079619481155544 0.6003227077473264 0.12816183063166625 0.19752041549465282
0 0.0815896270030089 0.19178349990180413 0.1172243306316663 0.19745678298109554
0 0.462440145382637 0.9732743944174139 0.33447203628657396 0.053451211165172194
0 0.45253959066995214 0.8170617976154269 0.37470463996249953 0.21301010187015298
0 0.44131169033986 0.5905492945903645 0.36689213996249953 0.21296465007475476
0 0.43413630296925854 0.38358167710392194 0.37470463996249953 0.2130101018701529
0 0.4309355161170367 0.17741803551517832 0.37986103166842555 0.2005464633064713
0 0.8896234682850916 0.981710104895215 0.22075306342981663 0.03657979020957001
0 0.8779693506365502 0.8603320921075955 0.24406129872689952 0.2016998971478884
0 0.8659540022858329 0.6408326583643742 0.26809199542833434 0.2049430718159236
0 0.8623810057494442 0.4213423149802324 0.27523798850111164 0.19707602966144583