0 0.7751705861055337 0.8743700809522771 0.12728522868809905 0.19090352570316255
0 0.6369348002121563 0.8784421101154809 0.13518865690134446 0.19434686068413437
0 0.37280410405222225 0.891545582472333 0.1350068004748537 0.18809686068413461
0 0.109704710478713 0.8960234713310878 0.13326244404836296 0.18178319368794008
0 0.9246694470843708 0.5904832177966848 0.12033654671392995 0.2202726907221905
0 0.7793796791376822 0.5956229984427631 0.13627979546028862 0.23184686068413446
0 0.6324819470843709 0.6023889460850359 0.13618886724704335 0.22872186068413444
0 0.4974166252976162 0.6047711412558507 0.1362797954602888 0.23184686068413463
0 0.3647405176174843 0.605495335932374 0.12704118778015677 0.23615235870696819
0 0.9332765351019544 0.2678588012947819 0.1224446159934022 0.23908635771838496
0 0.8059782492085773 0.27148516148462487 0.13360943652651552 0.2473445266917457
0 0.6636316248353978 0.28274760813831445 0.1337912929530063 0.2535945266917457
0 0.5191003748353978 0.28863680528629565 0.1273139724198929 0.24552735870696818
0 0.024852618171480226 0.8985038255894316 0.04970523634296045 0.17174234882113665