0 0.8059734485996394 0.5126429636182992 0.19115444804263432 0.3184266109416668
0 0.6422745752705483 0.4775743665443408 0.2019828600413618 0.3093061840799308
0 0.48506205927754803 0.4223387398351046 0.19586012937617986 0.3200982137152085
0 0.3214086392823205 0.38336389276114613 0.20367262937617986 0.3202800516711113
0 0.16779329061904763 0.35478168502986124 0.18323286004136174 0.308869772985764
0 0.05604945798854598 0.32788991707809034 0.11209891597709196 0.31827983415618066
0 0.7307252638845053 0.8583093413743754 0.19097263470717998 0.2833813172512493
0 0.5637013958864143 0.8422829914506252 0.19442489871099794 0.3154340170987496
0 0.4025280858927777 0.7994266102760766 0.20701580537872527 0.33910278685347245
0 0.7023517459818645 0.14997734982684088 0.18397720003181667 0.2385936405769446
0 0.2498540019891823 0.08552449838447937 0.1752919960216354 0.16341180262104182