0 0.8269470013507624 0.5091593286107982 0.14056054573098145 0.23193892946385705
0 0.7113319250345598 0.5406363167879433 0.14810022721932725 0.22471842531467204
0 0.6000050446346732 0.5827548070396811 0.14524804573098143 0.23229412697434615
0 0.4890501864673052 0.6130953477063373 0.1499901094333124 0.23421182448483507
0 0.38186516904411005 0.639233640447586 0.1340922909216581 0.22521533278320494
0 0.27802340643023826 0.6713851348485086 0.13776292794496667 0.241077131123531
0 0.7753472626986897 0.24282485620519978 0.13959824645662094 0.24900803029369403
0 0.6588418089778255 0.2712360439674265 0.1443403101589517 0.2509257278041831
0 0.5458705830244426 0.3111291833893273 0.1520436827542902 0.24839272365499826
0 0.775176203342346 0.776276896247156 0.1414137176006804 0.21174482863402008
0 0.4432565699472347 0.8719268186620432 0.13645339908902615 0.2035771311235309