0 0.057118249715659555 0.5407345426276252 0.11423649943131911 0.2908440852552504
0 0.17024815045749958 0.5157898535726162 0.18601546086541693 0.2812920228399215
0 0.3177959508943399 0.49458099615481277 0.18005640159486128 0.2934644742194024
0 0.45856707446944406 0.46206614653892564 0.18627003400368078 0.2922295228399215
0 0.5998103235195135 0.4428734905006032 0.16261432845659735 0.2816262155129753
0 0.7364569915475344 0.41952892299689165 0.17089960714194471 0.30234815128862386
0 0.08061542069038122 0.8671841779737326 0.14840635809187525 0.2656316440525348
0 0.21304671419336732 0.8530674462910983 0.17889394509784748 0.29386510741780325
0 0.3686070363817007 0.8320267644721785 0.18979507750666694 0.30958079715018094
0 0.11485801453329844 0.207045617367426 0.17467791736243074 0.26353131275401315
0 0.5410224306614582 0.14568422998515365 0.17108013867708358 0.2430550384437537