0 0.8271968622739028 0.34374858010554293 0.2165003917312668 0.30739538524403176
0 0.690268558757845 0.3031230592246958 0.2249742257844229 0.29338742739850954
0 0.5405398665928394 0.25773731547121176 0.22255013263196838 0.3043067466803503
0 0.3938162584809898 0.19831179761542672 0.22890026218161763 0.3059056081166688
0 0.24317590838870476 0.16307321350286305 0.2045615962347737 0.29170675273047453
0 0.1303860117201923 0.13352154800821017 0.17014702344038457 0.26651585518980253
0 0.7689265939184219 0.7018696314334029 0.2191643167774096 0.3245919756031116
0 0.6177355313030656 0.658037297320839 0.22238944632705895 0.3261726563212708
0 0.45092996066814467 0.5899043999765589 0.2331266872277602 0.32311128883482815
0 0.7430374036083427 0.07851394466511938 0.1606952729789592 0.09464994554888215
0 0.599979016039129 0.051910017168413966 0.14995803207825792 0.09771131303532483