0 0.16765178695038158 0.4102132697854478 0.13652330072118074 0.23114585099579193
0 0.2735933156357288 0.3862177198781151 0.14408122758291686 0.22048116950744623
0 0.38894621191225665 0.3603322877567972 0.14117443313000022 0.22974704210278452
0 0.5029911813270483 0.32356391933781015 0.14586193313000012 0.229910733209777
0 0.6189434896476733 0.3054637053653268 0.12693009517409734 0.22144346878180682
0 0.7243219738801039 0.2721204373091595 0.13194490349472243 0.2356696598887993
0 0.19399085572024247 0.6871924320364998 0.1352881090418058 0.24515378729346118
0 0.3108698844055897 0.662814936212851 0.1384131090418058 0.24526291469812272
0 0.4406671403895134 0.6200321807705556 0.14771537385944455 0.24246529691210786
0 0.23791496124666653 0.14156990798988278 0.13590505167111128 0.2045833509957919
0 0.5652054662806597 0.07637149392473222 0.13208906743868062 0.15274298784946444
0 0.3476354533628818 0.12290669882672287 0.13165396276527802 0.22316965988879933