0 0.07726634837269178 0.8523327710180091 0.15453269674538356 0.145134717153796
0 0.07548252035353062 0.7139442142790738 0.15096504070706124 0.1512480161170366
0 0.0651325978068649 0.45109289976444433 0.1302651956137298 0.14906079952888862
0 0.0608279573723748 0.1946672425071295 0.1216559147447496 0.142459485014259
0 0.3440854404138055 0.9600276938267127 0.2273614393936934 0.07994461234657457
0 0.33714712291009385 0.8449371019324993 0.24010045680654796 0.1594309544771292
0 0.33399222467368767 0.7104547951935641 0.2353310696514182 0.15745835136685143
0 0.3257370686353654 0.5684627848259716 0.24001856965141818 0.15786845447712922
0 0.3231177589335699 0.43873632860541606 0.2458591338757694 0.15060275862416614
0 0.6701499734304923 0.9566469985393976 0.24758540818602892 0.08670600292120482
0 0.665473518771651 0.8548259691335633 0.2539172953411587 0.1559737638079625
0 0.6525718063108934 0.7116426056556932 0.26181168249628844 0.15821976899175869
0 0.6445213681603955 0.5657443452881006 0.2553160210308992 0.1529854648447216
0 0.055553959181397106 0.07835873732333323 0.11110791836279421 0.10359247464666646