0 0.5894563541538294 0.21400418892607637 0.23494553029369386 0.1443547576807463
0 0.6185420481398334 0.3207015099586464 0.224600026144509 0.15153022084904338
0 0.6437098367318972 0.4372820652062008 0.23073162697434615 0.1503317418957307
0 0.6850470769836349 0.5516931757013095 0.23253092531467204 0.15354774715740263
0 0.7302905672353727 0.666331799350598 0.22521533278320494 0.1391212261107153
0 0.7518597591467844 0.7764803440748087 0.23951463112353083 0.14306527346576167
0 0.335432627599046 0.24898832075022126 0.24744553029369404 0.14508279977412106
0 0.3710051199253762 0.35917466282947863 0.2492448286340201 0.14829880503579282
0 0.40969095685776596 0.4796537628012437 0.2467118244848351 0.15592929451244936
0 0.875394776769209 0.28199313865784514 0.20861982863402 0.14593266823232484
0 0.9259751172260838 0.6176723044005084 0.1480497655478324 0.14051712613895012
0 0.887484823447539 0.40253315181202476 0.22503035310492203 0.14077473137238705