0 0.3369672025216528 0.7811995580632081 0.2191784683433749 0.12038201082055267
0 0.3457712325534249 0.679432469583406 0.2084046095770768 0.129438762074194
0 0.3541349318220762 0.5581568631569154 0.21616256249917615 0.12654108260730723
0 0.34680544724335177 0.44124214779665144 0.21777960957707682 0.12971154671392998
0 0.3331986891256769 0.3260717888628782 0.20969437418757347 0.11385922618081654
0 0.3421799971606262 0.21414845038307612 0.22381142126547413 0.11739340314042072
0 0.6024694715963763 0.7805019099373522 0.23633869480442443 0.1193196159934022
0 0.604528623787127 0.6625331599373523 0.23324096834337488 0.12079118778015677
0 0.597253686286303 0.5424934445770884 0.230279609577077 0.13007525956691132
0 0.09376404220993201 0.681374368962903 0.18752808441986402 0.12429662100796719
0 0.10314299634984732 0.3538487625364123 0.18795574188232517 0.12103522868809904
0 0.10258566315109459 0.5616612625364124 0.20517132630218918 0.11702969028743926