0 0.3300880489592033 0.20529443832137204 0.23500352103089917 0.14987168061464215
0 0.3373007626631561 0.3129793925637375 0.22291295680654793 0.15666381455356593
0 0.3584088800305822 0.4312989578662094 0.23368668249628843 0.15443163485700762
0 0.3701419973980082 0.5503837977144885 0.2323698439616777 0.158991589099373
0 0.3725001147654342 0.6702339121085749 0.22061347241038015 0.1424737687959313
0 0.39599624773669245 0.7742358858957777 0.23952724672063966 0.14712931788754596
0 0.5896744108995624 0.15821304679640466 0.2521910210308992 0.15127468394862204
0 0.6113181168015991 0.2717813392200593 0.2492297953411587 0.15414459243335302
0 0.6154843956344144 0.3961914078565111 0.24651423111680745 0.16170200091808393
0 0.10127473145549168 0.3604913477241869 0.17094102103089917 0.14464230455162622
0 0.14420801842890735 0.7006381156020344 0.18796474672063965 0.14292030788560606
0 0.12193246946970407 0.47021716302665884 0.20030097241038014 0.14081567394668237