0 0.14217537539648475 0.3086666431777979 0.14435194482076033 0.25381898495630517
0 0.26498875565420954 0.2723306749145401 0.15447057326946273 0.23851223370266394
0 0.41243696574011784 0.25711954889200805 0.15035628335537116 0.24931334138279587
0 0.5459455065587207 0.23997384982908015 0.155043783355371 0.24944973370266393
0 0.6701985560837509 0.20593616745919968 0.13900934757972222 0.24118259263643713
0 0.8137847817734913 0.20487846964991302 0.13991010628614972 0.2583700926364371
0 0.1478267526019918 0.5729420918450143 0.14377209068231736 0.2725235208496827
0 0.2754947291962434 0.5481657492085772 0.14673331637205783 0.26948944906292793
0 0.41862393148023563 0.5260597655059132 0.15578076775153882 0.263512233702664
0 0.2711479816826343 0.05164140485628036 0.1350101650834338 0.10328280971256072
0 0.6446640468114968 0.03368571206155863 0.12942190637700648 0.06737142412311727
0 0.40893458672558847 0.04765376108491538 0.1304864393936933 0.09530752216983077