0 0.15966311234948588 0.8487182159850463 0.23068709983059077 0.1806885680299076
0 0.16038490721487095 0.7134619686505462 0.2485116366622937 0.1918260626989076
0 0.16948064420186565 0.5609091333147737 0.2841761208772782 0.18755673337045273
0 0.18509939697387592 0.41297107264481914 0.3064151419239656 0.19406127204008908
0 0.18551037869919879 0.25895573464354654 0.2959480787839034 0.17520218403881638
0 0.21565436305535757 0.10537620130491039 0.31331758930724707 0.1785271787078163
0 0.4742408228163598 0.9076001306095026 0.3305050893072471 0.17872717337681615
0 0.48493685715840124 0.7691007046069572 0.3262726156156063 0.18648512937617986
0 0.5028615625753649 0.607063781269912 0.32378465244730936 0.19738626670908896
0 0.8379343050710866 0.4920809345560505 0.32413138985782697 0.19909421737745245
0 0.22710082629424183 0.022183535327818436 0.29170165258848363 0.04436707065563687