0 0.14835451400122565 0.8937029038983496 0.29116957352223155 0.18013396641955381
0 0.19023744808915322 0.7659970553496284 0.28444913666229377 0.1986111479078998
0 0.23639065322376815 0.6321776160567344 0.28886362087727824 0.19408733901489228
0 0.2780383688817268 0.4950694856568477 0.29400614718563745 0.20206353012188494
0 0.308976097693865 0.35367315934064514 0.28032307878390333 0.1813145205032381
0 0.3609620738751674 0.21379469300590914 0.29769258930724707 0.18503972122887744
0 0.46699882721187497 0.9487078624285374 0.3036093893637169 0.1025842751429252
0 0.5009026613280374 0.8621751732204613 0.31230112087727824 0.1949057945498552
0 0.5498924401260583 0.7065352976298981 0.3098131577089811 0.2057341671451935
0 0.8422612216255022 0.6329812688587756 0.2543976156156063 0.19132443756361361
0 0.3988022500705871 0.0882961852013608 0.2930204998588257 0.15836809382421574