0 0.9066994103683779 0.7765493611807927 0.16542667624907353 0.27723166394474286
0 0.7673635082948594 0.7847759336102663 0.170856470028518 0.2683668469752808
0 0.6219047453353689 0.7769788933126436 0.1716766762490735 0.2777418469752808
0 0.47869198755967435 0.7768668072573862 0.17792667624907352 0.278252030005819
0 0.3396588818574985 0.7795608568080427 0.156793970028518 0.26721893515656986
0 0.1893759178612485 0.7705839537833234 0.15999688246962912 0.2860964809142047
0 0.9027187905754157 0.44325862905864016 0.16421549076370318 0.29885157242947363
0 0.7659610843548601 0.44498010997284465 0.1673404907637032 0.29910666394474267
0 0.6037932750240269 0.4440548230092018 0.17929368661666611 0.293877030005819
0 0.45672632803976815 0.1570646192258783 0.18025059387398096 0.304814530005819
0 0.09477631734286887 0.777519222120213 0.07636417624907357 0.26996155575957415