0 0.6555642159112951 0.11171655805478398 0.2705034318225902 0.1384876415249674
0 0.6756690350067889 0.23442060547940846 0.2596295757634536 0.17640222970625657
0 0.6887744260727142 0.37595440123704293 0.27031198424818437 0.17417005000969832
0 0.711844748502188 0.515973494419302 0.27069462152108803 0.1788575500096984
0 0.7342773421434889 0.648180087601561 0.2597890724294736 0.15934227546389118
0 0.7539675730576935 0.7848190892685509 0.27735920970237726 0.16543277879787102
0 0.34551953621473686 0.09727245228551144 0.28947657242947367 0.1617656448589473
0 0.363854561219586 0.22681643107368413 0.2886793469752808 0.17101309910131274
0 0.3861754556194913 0.3861754556194913 0.2848846672787226 0.1815679618284091
0 0.1574600085041276 0.5219383860649556 0.24400457576345352 0.17512677212991115
0 0.7800513251837253 0.9135672609200235 0.27031198424818437 0.17286547815995307