0 0.12204923466476128 0.18125 0.22792789406758573 0.13125
0 0.13486558096191997 0.3421875 0.23170845792955616 0.140625
0 0.14481328939567922 0.6296875 0.20983345792955616 0.140625
0 0.15943207233507062 0.928125 0.19867743664223267 0.1375
0 0.4350905480225286 0.04375 0.2483060960450572 0.0875
0 0.44663397142320954 0.19765625 0.25961493664223273 0.1375
0 0.4493651235365669 0.3484375 0.25648993664223274 0.1375
0 0.46078286079921826 0.51171875 0.2627399366422327 0.1375
0 0.4670378506597596 0.65703125 0.26833437278026223 0.128125
0 0.8034252847809767 0.06015625 0.26778806956195356 0.1203125
0 0.810171947537996 0.2125 0.27814641535490914 0.134375
0 0.8094338922260004 0.36953125 0.2843964153549091 0.134375
0 0.8146726853048504 0.52265625 0.28395937278026223 0.128125