0 0.18404092944063508 0.821450033355371 0.24948162697434612 0.15002873473485218
0 0.21220366346859548 0.698213929216928 0.23612952199532425 0.1586667503386842
0 0.2489009479114744 0.5762094544316987 0.24671182448483514 0.15455246042459247
0 0.27309823235435327 0.4535498824054313 0.24718542116548728 0.16080246042459262
0 0.2938153192867431 0.3354140360689045 0.23650803029369402 0.14312363749381413
0 0.3211968033147035 0.21213698835289665 0.2523698286340201 0.1470675090451116
0 0.46131290184623347 0.8783362777011614 0.2665507278041831 0.1493669934412793
0 0.4899608879487863 0.7590473671402835 0.2636625261445092 0.1523282191310198
0 0.52098851284854 0.6187056501569701 0.26136632033565027 0.1631019448207603
0 0.7990202696970172 0.551704015149547 0.2708597195058132 0.1651557677515388
0 0.3451572894172564 0.09260241632662929 0.24983682448483516 0.15471623473485202