0 0.09167247882986833 0.812048671162153 0.18334495765973666 0.2743129350298613
0 0.22402731201405862 0.7823637840036808 0.19754246390673594 0.26039590539458357
0 0.3599181904382972 0.7448300292540282 0.19680875809787715 0.2712970378034029
0 0.49564312550123163 0.7198144582999658 0.20149625809787713 0.27140614057694457
0 0.6271658126387585 0.698614218367952 0.18191746390673594 0.2600322294827778
0 0.7639679956271005 0.6697105812094799 0.18634485477852927 0.277292464665139
0 0.06601239584617073 0.5073234971502083 0.13202479169234146 0.2927719943004167
0 0.16965300102568526 0.47743858824024327 0.19666704813983338 0.2900106702122223
0 0.3246607323543533 0.4458281783803475 0.20568685062934433 0.2855413757593057
0 0.4112782742704093 0.14966299961875035 0.20556845145918134 0.2839788757593057
0 0.8801024811049534 0.6450216653656605 0.16591395560836597 0.27525718597979176