0 0.7566588765501859 0.1386053776417835 0.23721751778268024 0.1294703731437834
0 0.7513977959044429 0.2605440101553408 0.22984166542531526 0.13879992134838534
0 0.7484804652586997 0.3824690071302787 0.2343836162111037 0.13570219242562426
0 0.7300472965236153 0.5068286576960128 0.23765416542531562 0.13884537314378348
0 0.7234056523956369 0.6326826305686497 0.22747864474715093 0.12160333098930565
0 0.7085512479285763 0.7499883052366847 0.24168669396136266 0.1248101442210224
0 0.47875004631872764 0.11130812119887583 0.2558947431755744 0.12801695745273883
0 0.46433228949430205 0.23798879586691085 0.25447779238978613 0.1311328670936592
0 0.46859175806277065 0.3629978862259905 0.24986306699689198 0.13266809601642038
0 0.18128015673886305 0.46938528337387897 0.2596019400324213 0.14053513817089805
0 0.7031446180686214 0.8688019377502421 0.24041529238978612 0.13105105386194255