0 0.6755864981909777 0.03278459499244196 0.28632700361804453 0.06556918998488392
0 0.6720376950479029 0.1361029559110738 0.2817899898232348 0.1753009207925736
0 0.6717843102676223 0.28955417960271457 0.2877124412027158 0.16941494183926098
0 0.6524533768668228 0.4503474664344175 0.2911649898232348 0.17584695236260472
0 0.647266830621153 0.6087592059110738 0.2806435696514182 0.15342592079257358
0 0.6316750508838266 0.757651732219433 0.3012017311168075 0.1592964891943076
0 0.3246824174582831 0.04575320929263034 0.3146976650834339 0.09150641858526068
0 0.30954101707417025 0.17201442398810687 0.31402927973732647 0.1662745312876824
0 0.31936199513875996 0.32643661347888064 0.30794305404758593 0.169035510240995
0 0.06111016112670499 0.513737005332259 0.12222032225340998 0.16315098933548206
0 0.6306780376548435 0.8955689611727458 0.2941328595655099 0.14330746814761994