0 0.9269489321800698 0.2890941942565938 0.13241768218006983 0.2567195266917457
0 0.8133773946610072 0.30554025353440323 0.16988131458888917 0.25668503460041114
0 0.6819643937110766 0.3267228923559771 0.16693815254479177 0.26437020060802235
0 0.5492798334905906 0.3603418641813566 0.17162565254479176 0.2645612015966055
0 0.4146145459715281 0.37592841901054175 0.149496079406528 0.25273236364988405
0 0.2872168977951392 0.4019577253226017 0.15770862290951407 0.2702381986308559
0 0.9594880220358334 0.5873380346747732 0.08102395592833318 0.27556768577927465
0 0.8658361263279867 0.6144178464240406 0.164213196047778 0.2814303666156334
0 0.7301350156706603 0.6190350677551285 0.16722909327423635 0.27687020060802237
0 0.6416596228126049 0.8977490570906783 0.1645028303564585 0.20450188581864345
0 0.16358002925402812 0.4218961991251476 0.16384952013597248 0.2658053666156335