0 0.6546456990629279 0.18593530805478395 0.2587338054894186 0.15985245849442925
0 0.6608993622324786 0.3205016266912358 0.24793269780928676 0.16364713819098747
0 0.674320667721897 0.460329401237043 0.2526201978092866 0.16402977546389116
0 0.6767135449980703 0.5961393554794084 0.25588159012915473 0.16897236697916024
0 0.6876319761143096 0.7303070613887639 0.24747805674305995 0.14802213819098747
0 0.6921412828573694 0.8584958342675811 0.2648019490629279 0.15411264152496748
0 0.35645825164935263 0.17016781834658773 0.27895537727617326 0.1583855533436782
0 0.3590102532987053 0.3114465225889532 0.27596676959604133 0.16281796182840919
0 0.38327813057487853 0.4490421174382021 0.2712338054894186 0.1608728245555056
0 0.12235866561032605 0.5890780886403311 0.21521112602253206 0.1640936772806622
0 0.699752857547118 0.9546786097072264 0.2585519490629279 0.0906427805855472