0 0.07530783984952574 0.7513238564289144 0.12868205140632508 0.2527483369323898
0 0.2068761748304977 0.7335658261352204 0.13442271543676992 0.2407219336130419
0 0.3435949248304977 0.7232058987459558 0.1346773834215475 0.2469719336130419
0 0.4768530938038584 0.7022044692820988 0.1394285504177418 0.24888963112353082
0 0.6081667608000528 0.6906964389884047 0.11879771543676991 0.23953794191141178
0 0.734298179279122 0.6725715557902813 0.12262305239490826 0.25696224025173786
0 0.07796590213026573 0.4567217514498926 0.130881221368269 0.26849173610255284
0 0.21350415410743206 0.43710522323079093 0.129318721368269 0.2683733369323898
0 0.3482147351340713 0.43780119501168935 0.13062655338349138 0.2622417361025528
0 0.500505382890075 0.1293402674219321 0.1404472223568522 0.2586805348438642
0 0.8642085137658023 0.6572756746667503 0.13024455140632513 0.25286673610255284