0 0.07241570575817782 0.6981372152190233 0.1259035754848197 0.32872556956195353
0 0.1831174265371846 0.7216843398408709 0.22258766071216735 0.3245622294689811
0 0.34475040178041827 0.7502742435437122 0.22113425486796867 0.3307029688253193
0 0.5045890519425741 0.7656921578902152 0.22743880194586943 0.3342650113999664
0 0.659136230107907 0.7916487344895343 0.20219334009531628 0.3184543411013786
0 0.810149305188985 0.794386332376177 0.21148651947846525 0.31442240496334894
0 0.10462859334172717 0.3478040794493107 0.20276608441327343 0.3512668411013786
0 0.25749054058178367 0.3668386666922915 0.22151608441327345 0.3525779688253195
0 0.41387295413662006 0.40831098264794885 0.2214342637964224 0.3478904688253195
0 0.6534540568171333 0.12822695784194266 0.2174365105500115 0.2564539156838853
0 0.9127930641174388 0.8044172602163332 0.1186990016215578 0.27360102698730665