0 0.5752633508590826 0.109375 0.30875528154634874 0.196875
0 0.6110038562861495 0.2546875 0.29798155585660824 0.2
0 0.6555428296010408 0.40390625 0.304313443011738 0.2015625
0 0.6875408593383673 0.55234375 0.30776599163225704 0.2078125
0 0.7232813647654343 0.69765625 0.2923932971501809 0.1828125
0 0.7474259509251958 0.8453125 0.31319712008095946 0.1921875
0 0.25394827283992144 0.1796875 0.326188443011738 0.2015625
0 0.2891531897323777 0.3296875 0.3245440558566083 0.2
0 0.34516525158187966 0.47421875 0.31985655585660827 0.2
0 0.13931912256735032 0.690625 0.17792136137453216 0.175
0 0.7712529545432404 0.9421875 0.27867827792830424 0.1