0 0.9190927086250926 0.35998860701722685 0.1183885626989074 0.2442343893637169
0 0.7869796426241383 0.35932991240595563 0.12921697469763505 0.23549642619541977
0 0.6564108952896384 0.36032472305635627 0.12460220003181668 0.2414734104104042
0 0.5282858952896383 0.3528622915992646 0.12928970003181667 0.24174642619541978
0 0.3991887412874112 0.36176060751133704 0.11046697469763486 0.23440436305535756
0 0.27096374395291123 0.3628919260542454 0.11377378803308939 0.2502113735787013
0 0.9259126839195038 0.6472988912180939 0.12169537603436212 0.26004139988706054
0 0.793772345918231 0.6489839466068226 0.11857037603436212 0.2598593893637169
0 0.6546916645846856 0.6424469783180281 0.12164083203372585 0.25535389988706053
0 0.5217860685471418 0.8941195392507773 0.12934424403245295 0.21176092149844541
0 0.1404313592855022 0.360761736704646 0.12151356269890759 0.24441639988706054