0 0.2451630504748537 0.1716415978092509 0.2595976235152496 0.18061226095825478
0 0.2861865187381115 0.2909887572387103 0.25674540815498564 0.18984171174404307
0 0.3311844331613033 0.41249773015040514 0.26134197994174035 0.18693503556536056
0 0.3722533655311837 0.5334073895798646 0.2630408722616083 0.19169531017246655
0 0.42189331584775286 0.6531355386702418 0.25146687476889085 0.1693108879227255
0 0.46606451616432204 0.7731183988854895 0.26892715940862677 0.17948640860089
0 0.5246483105039836 0.08284559832597954 0.28013744404836305 0.16569119665195908
0 0.5697144210871093 0.1948585041383384 0.27848401583511767 0.18617305624352504
0 0.6087805842566599 0.32759607547845665 0.2754044799417404 0.18759000702931336
0 0.8868277132486929 0.37610623428874346 0.22634457350261422 0.18598896567298445
0 0.506329466480891 0.8932831956185018 0.2642851235152496 0.18083058477957223