0 0.3375422832867458 0.8746786638423 0.23572422359113024 0.1442955752619369
0 0.3294346282072699 0.7546393154514542 0.22823910580511528 0.15312427204362802
0 0.32434284572313227 0.6312564457732851 0.23594247840045365 0.1505455752619369
0 0.315426658792491 0.5104904777042704 0.23605160580511528 0.15367057526193673
0 0.3166394400106842 0.38823306545145425 0.22607640507947585 0.13582751139996638
0 0.3092584712288775 0.26657658673877777 0.24024803248413756 0.13993585719292198
0 0.6170388103285879 0.8496522586268493 0.25302085099579197 0.14862244234221578
0 0.6101662730351268 0.7201286495923419 0.25296628729346116 0.14705994234221578
0 0.5954266720393349 0.5895888437761433 0.24833335099579196 0.14829466041123068
0 0.8489459977225653 0.4261937072501262 0.25798116950744615 0.15676272427320118
0 0.30026043874473984 0.14346686866976294 0.238903787293461 0.14607659654926025