0 0.20625 0.1359375 0.1078125 0.1984375
0 0.3296875 0.134375 0.1140625 0.20625
0 0.56875 0.11875 0.1140625 0.20625
0 0.809375 0.1125 0.1125 0.196875
0 0.065625 0.4203125 0.103125 0.196875
0 0.1984375 0.415625 0.1125 0.20625
0 0.334375 0.409375 0.1125 0.2015625
0 0.4625 0.403125 0.1125 0.20625
0 0.5875 0.4 0.1046875 0.2109375
0 0.075 0.71875 0.1140625 0.2125
0 0.20625 0.7125 0.109375 0.21875
0 0.3359375 0.6984375 0.109375 0.225
0 0.4671875 0.6984375 0.1046875 0.2203125
0 0.9234375 0.1078125 0.090625 0.19375