0 0.877152689239456 0.12006029031836236 0.20446384364130096 0.1402740512811263
0 0.8710945236277233 0.2711326387467858 0.21122402667183912 0.1468151497095497
0 0.8676355863451214 0.5344695467285032 0.19559902667183912 0.14608740363849115
0 0.8584050101226259 0.8108693808889029 0.16890898091420467 0.14328773531769165
0 0.570807094390207 0.12618174193272017 0.2488515724294736 0.15012424028009033
0 0.5685914058996572 0.27821727687890824 0.24572657242947357 0.1499786910658786
0 0.5762609004396453 0.42443945946773143 0.2488515724294736 0.15012424028009033
0 0.5764367593737199 0.5663915190210254 0.254463843641301 0.14260283870851378
0 0.22238531196849204 0.04251079342324347 0.2444513727290361 0.05808228949430204
0 0.2196273606010645 0.14354675454811397 0.2642214809142046 0.14772698635114892
0 0.23627324241395634 0.28548169747601937 0.2735964809142046 0.14816363399378404
0 0.24348035134803087 0.4277612427612897 0.26540134364130097 0.14311226095825483
0 0.8551050537542284 0.9377593666208792 0.15306084030732103 0.12075776385373871