0 0.8291588134547672 0.846844492883951 0.13370448002863497 0.21858194198043535
0 0.6876525661202673 0.8464867190652534 0.14171697469763486 0.23622446828879468
0 0.4430122281189945 0.8513540425168978 0.14171697469763492 0.2362244682887944
0 0.18344632411676737 0.8500546659544247 0.13846470536281683 0.22510495776545092
0 0.9575692413669529 0.5467395351185003 0.08486151726609421 0.21934080517696727
0 0.8499322007479053 0.5493401613280374 0.14015447469763487 0.23613346302712265
0 0.7076174314130872 0.5466841401401756 0.14008174936345325 0.22988346302712265
0 0.5708895907463145 0.5538658505364624 0.14015447469763487 0.23613346302712265
0 0.4372049340785873 0.5538343004094056 0.13237833736472576 0.23880343671876342
0 0.9634545200111357 0.22362825881014098 0.07309095997772844 0.23561825256024874
0 0.8593862800365892 0.21966036660382673 0.13873742536599848 0.24854245776545084
0 0.7266737773710892 0.23598956384593386 0.13884651336727122 0.25791745776545094
0 0.592271505370771 0.24147226634971292 0.13406810669954403 0.24983194198043535
0 0.0661951894493583 0.8514113105798135 0.1149726613621805 0.21905237884037304