0 0.8572505206874534 0.1332137438286451 0.22173064401654452 0.12700283035645848
0 0.8588232060391346 0.2683699938286451 0.23121473201781734 0.13659603590354186
0 0.8815725520766783 0.5444778989388881 0.23121473201781734 0.13659603590354194
0 0.8845906534452223 0.8038528989388881 0.2218033693507265 0.13325283035645868
0 0.56335507001909 0.1275508509705898 0.23119655068427197 0.13503353590354186
0 0.5612033187062254 0.27842301994854124 0.2264545066836355 0.13023693313000012
0 0.5651742980585428 0.4182122185617704 0.23119655068427197 0.1350335359035419
0 0.5722611867440873 0.5571474319926384 0.23733746268299924 0.12580400626826407
0 0.22749938602004455 0.14240113307440955 0.24522268801718106 0.13223584422416684
0 0.2306891153723618 0.28220851548322895 0.25303518801718106 0.13241768218006963
0 0.24097372939208822 0.42732099373173593 0.24671246268299923 0.12602221181534734
0 0.8919458833943154 0.9286892447785757 0.21610823321136935 0.10661759517409734
0 0.2608162514321773 0.72225163402434 0.25772268801718107 0.13252678495361145