0 0.12069981916364117 0.22278242464990985 0.24139963832728234 0.1825601507001803
0 0.131642636350116 0.38121254264800086 0.263285272700232 0.19382491470399826
0 0.1363175602478021 0.70675743531191 0.2726351204956042 0.19231695870463456
0 0.15853288083854641 0.9578563113065013 0.2641845168059139 0.08272378270208947
0 0.44256554889768607 0.15805411660568464 0.296702539543327 0.19086354670590727
0 0.4643410953239142 0.33271776193509395 0.2886990385547438 0.18608514003818008
0 0.4779685607235032 0.4965439045990031 0.296702539543327 0.19086354670590727
0 0.48615910962118924 0.6596524319303214 0.30100803756616057 0.1815430907065437
0 0.8170363082892262 0.10918661855509604 0.2698217045623551 0.18274196403563475
0 0.8322262736888153 0.27299457988545983 0.2792603715585494 0.18441355203690737
0 0.842537738099821 0.44154458521645995 0.2853830375661608 0.18136127737108917
0 0.8402179154389575 0.7859394752148691 0.26239120653952136 0.19202605736790748