0 0.08632581846155053 0.12274828269656675 0.1282470896316822 0.21502182757475113
0 0.22502146555712108 0.11006780999446268 0.1382140854824973 0.22013561998892536
0 0.4689257535244849 0.0874640198966403 0.1371484929510302 0.1749280397932806
0 0.7218022997902185 0.07232227637504528 0.13452040041956295 0.14464455275009055
0 0.06340270902099382 0.4184112361203393 0.12680541804198764 0.2233349753229977
0 0.20275076617253224 0.3920618823274265 0.13629638797200821 0.21864747532299766
0 0.3404759091189179 0.3700192967331109 0.1366515854824973 0.22333497532299768
0 0.46721600787416245 0.3595650532115159 0.12919428299298624 0.2275218275747511
0 0.05762353785550654 0.7215164497231449 0.11524707571101309 0.23719721622369896
0 0.1906596275758241 0.6952672254798813 0.1350657746946166 0.24344721622369897
0 0.32646707301172073 0.678012269435215 0.13146717801396451 0.23699695712440044
0 0.8449913460559522 0.061035520514949135 0.11314230788809568 0.12207104102989827
0 0.6026394093194106 0.6346582834717591 0.13530257303494259 0.24657221622369896