0 0.7357022082844366 0.6258803755742527 0.280021231953368 0.14386891026922993
0 0.7328830163730249 0.7355738939901042 0.2689653327832051 0.14166937343752703
0 0.7592758825502015 0.9445356746682403 0.27005423610255297 0.11092865066351934
0 0.3892980371189493 0.754797246945641 0.24481743776222675 0.13092929451244917
0 0.39469777737068706 0.6421152364222974 0.2368865385920637 0.12891176820408995
0 0.7156875514406037 0.5172110308641594 0.26681083693238994 0.13376586817585512
0 0.7644388244616132 0.8472695281627363 0.2593535344428789 0.1379983418674957
0 0.4122008956224562 0.8667736021790781 0.2598504419114117 0.12402684712916781
0 0.38075552177160965 0.5361536627588915 0.26681083693238977 0.13376586817585512
0 0.09231830787648468 0.6616494025178964 0.18463661575296936 0.13314424189573087
0 0.09078633028440523 0.5501203683170294 0.18157266056881047 0.11899073663405879
0 0.10407156275061583 0.7769859761813024 0.20814312550123165 0.13745231029746457
0 0.10536674200236924 0.8831372656438411 0.21073348400473849 0.12798630503579317
0 0.12282554521682643 0.9629928236634058 0.24565109043365285 0.07401435267318845