0 0.8520187657112566 0.8959921591458511 0.10535539578060842 0.20801568170829796
0 0.9404091776219154 0.9005351685967018 0.10491874813797324 0.1989296628065965
0 0.9494394594677313 0.6300324450009382 0.09630572745980856 0.19109908510611112
0 0.8580695967712844 0.6286861909168756 0.09594185442427942 0.18328658510611112
0 0.7643903331224333 0.8793563785121881 0.09866874813797324 0.20832295269729179
0 0.989233897847523 0.9171966449453477 0.02153220430495395 0.1656067101093047
0 0.9971555018597723 0.6533803324437508 0.005688996280455427 0.1975659842324305
0 0.7721856007002257 0.6110791571975354 0.09866874813797324 0.20832295269729179
0 0.8689170897419711 0.35891920478458406 0.09972182588823202 0.19742182028847227
0 0.7788550159206535 0.35214056829170204 0.09034682588823202 0.197203614741389
0 0.9547774491309038 0.37825239266423694 0.09044510173819234 0.20378092306201392
0 0.9997539050862333 0.3817235379908342 0.0004921898275334514 0.2018534407294445