0 0.034426262338501136 0.22946327966899407 0.06885252467700227 0.21830155933798814
0 0.11032052899593894 0.21404103444287892 0.1580685255998529 0.23433022365499817
0 0.3646563780084898 0.17757535125404425 0.15796839605020363 0.23276772365499818
0 0.5949038849483201 0.1494899305127642 0.15394223010335964 0.21846842531467217
0 0.0522774915190102 0.5080385655617655 0.1045549830380204 0.231702131123531
0 0.1471349043835351 0.4970912553985848 0.15454300740125562 0.22784342531467208
0 0.27350643970099553 0.47291023942654514 0.15484339605020364 0.2325309253146722
0 0.4025023272702093 0.4567785217948316 0.1519186551495022 0.23541912697434614
0 0.05827491556386033 0.8038013514545369 0.11654983112772066 0.24323162697434597
0 0.17846074337393675 0.7922862788438015 0.15770758019564476 0.25296182448483506
0 0.30037531616832586 0.7764030149463543 0.1511571915466968 0.24780072780418294
0 0.7237297917958654 0.14826116246613222 0.14004041640826922 0.19564623195336797
0 0.5640756732004413 0.7163105776083348 0.15624520974529404 0.25440592531467204