0 0.9712402057647683 0.33980857564276734 0.05255580438150105 0.23989141848667064
0 0.9053385162353497 0.30548163094329955 0.17788308684890525 0.26884507909743344
0 0.6325379902607674 0.2018473504784386 0.17785581330995512 0.26728257909743347
0 0.38419199350717825 0.13150380213573024 0.17224101298564348 0.21377494182452977
0 0.9260917524389273 0.6404624088230866 0.1324342191541536 0.25733375212603204
0 0.8172213129095086 0.6026279557886692 0.17305921915415362 0.26064994182452994
0 0.6828696323085437 0.5455014977532819 0.17470353977100467 0.26546498758216436
0 0.5460378340128269 0.4959962210814428 0.1716603603878557 0.2698973960668953
0 0.8674711343404338 0.9121319198637965 0.14172739853730257 0.1757361602724071
0 0.735081374194164 0.8853065984973387 0.1767024163942102 0.22938680300532255
0 0.6044723023594971 0.8636390859949141 0.17187854869945837 0.27272182801017164
0 0.24308575243563196 0.10277341106980478 0.15757849512873606 0.17825203000581896
0 0.3243092897775953 0.7384236107702423 0.1782649163942102 0.29072007909743347