0 0.7058606449601645 0.968683559474653 0.2824153463973609 0.06263288105069406
0 0.7506850631442801 0.8957561931810801 0.30135922618081673 0.2084876136378398
0 0.8511841344688162 0.5954473710970123 0.2715353338609486 0.21704581637205783
0 0.9079415659807669 0.3120483729060346 0.17438754922121263 0.20259381275401322
0 0.362048460478713 0.9079087545225558 0.29791597743445786 0.1841824909548883
0 0.40770560444793363 0.7779877176606818 0.29180236975432583 0.21654784938874466
0 0.4715360868969564 0.6279744295556122 0.29809783386094857 0.21843789800926353
0 0.5253239796125359 0.4735226249421995 0.30264894154108046 0.21399605947465292
0 0.07532163110360396 0.8318475435321364 0.15064326220720792 0.20432008706427274
0 0.10346701464798339 0.6730424315917773 0.20693402929596677 0.21170986318355461
0 0.12920045203242878 0.5148957389187235 0.25840090406485755 0.21104147783744712
0 0.93421221245727 0.18901698665541602 0.12666545157021042 0.11740658525525038
0 0.2430045392585896 0.1997388076656305 0.32635922618081653 0.22459936680159914