0 0.7262845207272245 0.3998839628368383 0.08461245202099903 0.159994366131414
0 0.786522586728179 0.4030602251753394 0.08453972668681722 0.1537443661314141
0 0.7559645720878141 0.5989129457179752 0.0781442760184536 0.14084384793281685
0 0.6948270774188142 0.5856304981542987 0.07652723201781733 0.1360562183831675
0 0.8782453680378619 0.22283370219638016 0.09406017735518084 0.16684514342930995
0 0.6567169080601336 0.40121472779623313 0.08141472668681722 0.15354410703211538
0 0.8490680400620427 0.4029612931893666 0.0829226826861806 0.14895673658176473
0 0.8184827534213597 0.5964702637320023 0.07354768268618095 0.1483559592838688
0 0.6299742367520416 0.5890046244647456 0.08141472668681722 0.15354410703211538
0 0.664250881444904 0.7799207186969345 0.08288632001908987 0.14583173658176474
0 0.6016327027768587 0.7737696506829073 0.07349313868554468 0.1436684592838688
0 0.7260605381126312 0.7837781014857863 0.08294086401972631 0.15051923658176475
0 0.7886696261139039 0.7891479194998133 0.07827154535327185 0.15178134793281686
0 0.8456645134468129 0.7823681909376132 0.07683631468809012 0.1626187183831675
0 0.9059571234484037 0.7902319532761144 0.07516472668681722 0.15314358883351814
0 0.8215195834659029 0.924645328506827 0.0677329400063634 0.05118057063492074