0 0.6855782681335028 0.2595383675249152 0.11001057878390341 0.17828329117755654
0 0.7449686786850813 0.22907081508859167 0.10799305247554418 0.17037066162790723
0 0.8136408969032887 0.43874740130121614 0.10165204721387226 0.16840764342931003
0 0.7450196995200072 0.4588281662606109 0.09587248407381015 0.14935725478036196
0 0.7447202367752332 0.04828399907714935 0.11444047355046649 0.0965679981542987
0 0.611670331273565 0.2830945859080826 0.10165204721387226 0.16840764342930994
0 0.8164418602833473 0.20410229102989827 0.10459503669052843 0.1654829025286086
0 0.8809803153473752 0.41012295111664604 0.09512903142885669 0.1633196252307126
0 0.6808962863375927 0.4888148573458825 0.10165204721387226 0.16840764342931003
0 0.8112571624765428 0.6670924467977093 0.10285052616718496 0.16225777297895938
0 0.7492954887707846 0.6938039435585068 0.09503802616718496 0.16175712523071262
0 0.8819945967056448 0.6429552375138405 0.10624854195220053 0.1671455320782579
0 0.9446010125188952 0.6138499259782184 0.10165204721387226 0.16840764342931003
0 0.9780086918392609 0.5844640121908429 0.04398261632147822 0.17834384793281685