0 0.3115616279435072 0.30587761140329184 0.1742388934267362 0.11458640871793264
0 0.28047397568305577 0.2479709456363893 0.16639002583555565 0.11243191286711748
0 0.49315450721819465 0.172375259324055 0.16468205547083342 0.10606351369695446
0 0.5119603650257294 0.24060411845226176 0.14582295269729179 0.09995522365499825
0 0.07634952013597243 0.2540470373426639 0.14317073138263897 0.12003092531467219
0 0.333619772320174 0.37933842219117253 0.16468205547083342 0.10606351369695446
0 0.2584885664887502 0.1776351348485086 0.1616297906531945 0.10895171535662844
0 0.46579126700184037 0.10636009563174491 0.1598854526972918 0.10102081618646541
0 0.5392326862641322 0.30271303214457185 0.16468205547083342 0.10606351369695446
0 0.7207346465608683 0.16530443006533502 0.1585047906531946 0.10871491701630243
0 0.7464444677992711 0.22753174292780817 0.15828658510611113 0.09933991701630236
0 0.6979861711621529 0.09580906886253585 0.16322865824437507 0.11063261452679148
0 0.6699689675149306 0.04417680580189225 0.16468205547083342 0.0883536116037845
0 0.6421881532103819 0.012577897296063244 0.17500130642076392 0.02515579459212649