0 0.2365001945850445 0.5596656134082935 0.09506855913900916 0.16759629465362344
0 0.17162005728149154 0.5642235817676752 0.09321496071058574 0.16125528939195172
0 0.21738212924078232 0.3511929607492227 0.08696496071058571 0.1608912683452642
0 0.28391465777682956 0.36134223449733316 0.08296666542531543 0.14195925782192056
0 0.06508530521457695 0.7605364106221657 0.10160965756743259 0.17421031570031112
0 0.30935549772819765 0.5678883661097165 0.08696496071058579 0.1608912683452644
0 0.10181697953123256 0.5573813185429083 0.08987163688926819 0.15638577886860788
0 0.14806920306209986 0.3505551948936199 0.08205913688926816 0.15593075256024874
0 0.35095660856261784 0.3605540082454436 0.08696496071058579 0.1608912683452643
0 0.3287499305219086 0.1514821161097165 0.08972608767505648 0.153260778868608
0 0.39333896939703805 0.15317414775033478 0.08042386228216233 0.1542772472985769
0 0.2581292154680967 0.14546660551578566 0.09150691149637406 0.15803928413027987
0 0.1926497646823084 0.14616382650600332 0.08532968610347988 0.15923776308359247
0 0.12560781389652012 0.14695205275789283 0.08427660835322089 0.17008425782192066
0 0.06734154962849648 0.14333350007058715 0.07126718610347989 0.1584187157285458
0 0.15857447932183558 0.013501786902290114 0.06722604135632886 0.02700357380458023