0 0.7125 0.384375 0.05625 0.1453125
0 0.775 0.375 0.05625 0.1390625
0 0.7796875 0.5828125 0.0515625 0.1390625
0 0.7125 0.5734375 0.0546875 0.1359375
0 0.840625 0.1796875 0.0625 0.15
0 0.6484375 0.39375 0.0515625 0.1390625
0 0.840625 0.3671875 0.0546875 0.1359375
0 0.8421875 0.5703125 0.046875 0.1359375
0 0.6484375 0.5890625 0.0515625 0.1390625
0 0.7171875 0.778125 0.0546875 0.13125
0 0.653125 0.775 0.046875 0.13125
0 0.784375 0.7765625 0.05625 0.1359375
0 0.8453125 0.76875 0.05 0.1390625
0 0.9078125 0.7609375 0.046875 0.15
0 0.96875 0.7578125 0.046875 0.140625
0 0.9109375 0.9390625 0.046875 0.121875
0 0.971875 0.925 0.046875 0.15