0 0.7249752505570051 0.7821675599044978 0.2657715453532717 0.15609626569391466
0 0.7166803978755967 0.8910068465649866 0.25636018268618094 0.15264388347992935
0 0.36589060455127803 0.8368774295894292 0.2547249573519991 0.14633931977759856
0 0.4077973885662319 0.7253025233288269 0.25007382001909007 0.14930062867060592
0 0.7325161252387316 0.6710118050951743 0.2547249573519991 0.14633931977759856
0 0.7097031445337788 0.95372510137431 0.24580339600572695 0.050754001265944385
0 0.36631677120468775 0.9344791158870983 0.2434056493475448 0.1131448738612825
0 0.4052092852482766 0.6121576825846541 0.2547249573519991 0.14633931977759856
0 0.09101316195895644 0.6709176460089832 0.18202632391791287 0.14566470798203354
0 0.10487621463241066 0.564203854539171 0.20975242926482132 0.13409229092165803
0 0.08176488395132042 0.786061496371803 0.16352976790264084 0.14975200725639404
0 0.07878478727722985 0.8791120919252993 0.1575695745544597 0.11677581614940138