0 0.3245647086298393 0.34997019583149797 0.0778929824490227 0.15568949400955026
0 0.25859872783016924 0.34054312132939396 0.07771112602253201 0.14943949400955026
0 0.23323632963780644 0.5439781453760111 0.07454066191590938 0.14776786660488844
0 0.30205452579774045 0.5439210924734533 0.07605769780928666 0.14625993030721923
0 0.2126173234361073 0.13099699573883075 0.08276233887551347 0.16210318511654281
0 0.3874056894295094 0.35950639773826376 0.07454066191590929 0.14776786660488844
0 0.19245089060400838 0.32486604682728987 0.07454066191590933 0.14776786660488844
0 0.17248904625171158 0.5257663479157489 0.068199733702664 0.14442461179556504
0 0.3698557912371466 0.5626686032732267 0.07454066191590929 0.14776786660488844
0 0.27825462760537767 0.7473015528177396 0.07596676959604132 0.1431349303072194
0 0.3478540737653117 0.7472172180640164 0.0665463054894186 0.14124504809323427
0 0.2130471647523962 0.7370659464644702 0.07605769780928666 0.1462599303072194
0 0.15174595189941478 0.7266939308553735 0.07141566191590938 0.14765873920022674
0 0.0864248287798766 0.712552074502104 0.0702168747688908 0.16010417549789596
0 0.03923158003351785 0.7032514855720298 0.04181909012915471 0.14974702885594054