0 0.4640861651808768 0.661939081589146 0.1699491594684389 0.15093834361388012
0 0.4927396961794005 0.5426185826688801 0.1701494185677376 0.15406334361388013
0 0.5050475339331845 0.4476868144702829 0.18906010487264702 0.1334900277593213
0 0.5267000933093383 0.3404855837486143 0.1711716980251019 0.12145110271317865
0 0.4316963649040216 0.7667162191583599 0.2076494185677376 0.15646645280546387
0 0.25349911860464935 0.6699878207918044 0.1952099753229977 0.13232804595791842
0 0.2714957518549265 0.559130663944259 0.18719721622369906 0.128702398209672
0 0.3015918669066064 0.4537224706995192 0.2089720866740498 0.1285417119047624
0 0.32849313078626696 0.3617457217792534 0.19324695712440043 0.12597791640826922
0 0.14702069016242084 0.26756133251199665 0.19793445712440044 0.1262783050572172
0 0.16635977791620477 0.1721789813399774 0.1899216980251018 0.12265265730897053
0 0.08924191818475398 0.4699341633259502 0.17848383636950796 0.124014898209672
0 0.07991293453303736 0.5724478940476188 0.1598258690660747 0.13525278685861988
0 0.2105642396733089 0.866471597009966 0.17732156847545247 0.12028912091177588
0 0.06478977984496044 0.67065485657069 0.12957955968992088 0.11616282541528271
0 0.8959252529346606 0.540122529309706 0.13765829117755643 0.10841088217054295
0 0.9045270997877433 0.44231608498523195 0.13307092072720578 0.10967299352159503
0 0.9145913170911765 0.3459720111111087 0.11910855027685514 0.11033432757475117