0 0.6218260357702483 0.622130711783389 0.1995420434232436 0.23490834577069997
0 0.45524215735803564 0.6942967181149671 0.20579204342324342 0.235235894391219
0 0.3193068114108116 0.7350965377663851 0.17152835938667818 0.26928998982323477
0 0.166948098838199 0.7932033661242306 0.15317646567298446 0.24338923111680727
0 0.7648632522718024 0.5488492627787571 0.20216192927905433 0.2911583457707
0 0.5440990262597356 0.31529089156614387 0.16869445781510173 0.2753762155129752
0 0.3867981025622526 0.36817463138937856 0.16527835938667818 0.2689624412027157
0 0.24049033684648694 0.43849485470426985 0.16048385152879535 0.29988489258219675
0 0.114876060791639 0.49911585142490955 0.1561944578151016 0.27472111827193724
0 0.17266486621110372 0.12679931676854256 0.15375866252983134 0.2535986335370851
0 0.31908394789030414 0.09967689478770372 0.165929022745079 0.19935378957540745
0 0.8208733879227255 0.2044574536427885 0.15048811331561965 0.25260045680654797
0 0.4589983184446341 0.06562724276391077 0.1429966368892682 0.13125448552782154