0 0.9085718156831508 0.8151449781768081 0.18285636863369845 0.26420837452429885
0 0.7451526225908127 0.7705858477581911 0.21306961599340218 0.2427790434976597
0 0.5831467160851798 0.7404247983662134 0.17813232633910125 0.2756897025851888
0 0.42927155832590547 0.7208829139932638 0.16021740063313833 0.24998936562705049
0 0.9804653676427548 0.8206508788613801 0.03906926471449026 0.2196705128515813
0 0.5429860319994397 0.9462092247539481 0.14722199247815268 0.07154603064607841
0 0.4089376409332128 0.9360277529285685 0.1465687746106063 0.10273236364988421
0 0.7549639478092867 0.12287117832771985 0.14973454169936512 0.2457423566554397
0 0.5989723605831259 0.11514886163553661 0.1541947211662517 0.23029772327107323
0 0.447804665676833 0.105019127947159 0.16123433135366608 0.210038255894318
0 0.13229257290738186 0.9175774777568787 0.1623589106622681 0.16268036661563343