0 0.710512691242155 0.2652330084815646 0.2598918414544116 0.2146233879227255
0 0.6785246067275736 0.4240643529810466 0.24466735965300898 0.22014564185166688
0 0.6597374290605373 0.5713760006236818 0.26816541640826924 0.1978725355653605
0 0.6485322139165725 0.7097664125343405 0.24186373226282817 0.17639564185166706
0 0.7347488325119966 0.13013026241050601 0.293405248301957 0.22708915467194846
0 0.9135876264673304 0.2565535595578031 0.1045244185677376 0.14818925103345731
0 0.9202009669988914 0.39645081348674455 0.1125371776670363 0.15167812406898662
0 0.884156438159836 0.5578078445039912 0.16500084361388012 0.16814218610347992
0 0.8724901480620136 0.6790835310217558 0.17331399136212652 0.17631855913900907
0 0.10958469656238408 0.5183603941279784 0.21916939312476816 0.17072783870851377
0 0.10681659354005094 0.6539340210924492 0.21363318708010187 0.1718536910658786
0 0.10133914790513013 0.7884352996284965 0.20267829581026026 0.17188792431665564