0 0.56404562198013 0.3215383550203665 0.2812811772806622 0.23249273304023638
0 0.6517364248647664 0.4831293013868242 0.2842786315230278 0.23118532455550547
0 0.7361906574459608 0.6335914291168301 0.29068812818904777 0.21463555334367826
0 0.8128323900271553 0.7834158280586634 0.2640300333397988 0.1922823212215256
0 0.464109781672809 0.2000782010775634 0.3182390433417385 0.2479262854658308
0 0.2708213936509993 0.4085770009180839 0.29486544515850976 0.20876819061658178
0 0.3406231948686456 0.5601711939505617 0.2883603536432406 0.20513300758604364
0 0.4586552019956474 0.7226867825908928 0.31973789940087516 0.20924642273873442
0 0.5317574753335066 0.8481648857750915 0.292665216370337 0.20082814485894715
0 0.31544630443094 0.9875476684866706 0.27924096091032524 0.024904663026658724
0 0.18030667457490218 0.7923146589437728 0.18163212152108804 0.17158744182452973
0 0.13510626063015949 0.6473849251546303 0.16689994182452983 0.18124948424818435
0 0.13536302833882904 0.15616986485312828 0.2605223960668953 0.1873397297062566