0 0.5070341618254876 0.8639021319552054 0.21615986758448216 0.17478971732199752
0 0.503040066536735 0.7317856727738083 0.21928486758448215 0.17495349163225704
0 0.49693716802967386 0.607563600747541 0.22444226114786478 0.15965604025277608
0 0.49697500887895096 0.48457648010075466 0.20314641535490913 0.14452900723608925
0 0.5408357254353564 0.9259583966545264 0.2309000747577336 0.09616675033868419
0 0.7578700421473183 0.8499779935568803 0.2304737398605413 0.1568585888732951
0 0.7633220026747646 0.7274855178671398 0.22255197921687966 0.15488665309764613
0 0.7372725909261517 0.587962672435124 0.24755197921687966 0.15619684757972224
0 0.7304759237296571 0.48479340683129185 0.22847419728589421 0.15052670171816515
0 0.9137633071535809 0.3459754890343245 0.12614687278026224 0.13426653663473145
0 0.9173032064169468 0.250826763344584 0.1321783514929386 0.13146908525525042
0 0.05125223549794049 0.760872222976207 0.10250447099588098 0.13450555404758582
0 0.04659186866976295 0.6480413523294206 0.0931837373395259 0.1320422953411587
0 0.04923590345073975 0.5293732394845504 0.0984718069014795 0.13500352103089916
0 0.7052948793134247 0.25493216644223027 0.20972419728589423 0.14954405585660827