0 0.8583410680923379 0.4941034739294965 0.15081365690134446 0.19837454811738692
0 0.7390682308661771 0.5044623781561481 0.150859121007967 0.19993704811738694
0 0.6183010897999504 0.5123774028331505 0.1370239415410804 0.20684838217054297
0 0.5009771974800822 0.5095551866094514 0.12554087226160818 0.18739747532299766
0 0.9380345797708205 0.4452037014119625 0.10774561850068451 0.21900842072720583
0 0.867587002111571 0.23014110347914585 0.13403533386094857 0.21133562307124434
0 0.7394930943522968 0.24776179518272617 0.1322909774344577 0.20498549352159498
0 0.6171945455267958 0.28140800508490377 0.1314104390337981 0.22832286397194573
0 0.5133193877675215 0.3005807048080486 0.12934783386094856 0.21103523442229638
0 0.40029786520197935 0.09609585903470019 0.12127926959604132 0.1481347162236991
0 0.29533758056224324 0.09876217920819567 0.12182483887551347 0.1668847162236991
0 0.6143974691211876 0.08163854256183252 0.10843227711788864 0.08180880937615384
0 0.7442471950393068 0.9455859168696946 0.11543844655564542 0.10882816626061072
0 0.6261647847727501 0.9456872439830203 0.11677362602253201 0.10862551203395938
0 0.518079500133014 0.9515577097452941 0.11935305674305993 0.09688458050941193
0 0.30379362358175654 0.3192446599298642 0.13031930047485368 0.19082286397194573