0 0.16298372980652392 0.5863449379774102 0.11340903590796177 0.15755905601527206
0 0.2662769014494969 0.5562387199634108 0.11341812626704133 0.15912155601527206
0 0.3711234827333902 0.5276768206158661 0.09940107806243947 0.1667704240133631
0 0.4751251815037262 0.510061511935094 0.08837267447164336 0.151018154678545
0 0.07592863652057807 0.6451665019891824 0.11823289129415604 0.18105110001590852
0 0.18818722112412106 0.8196296053071375 0.09474993949875792 0.1729658800127268
0 0.2985616397420319 0.7808478212921837 0.09471357806243948 0.16671588001272664
0 0.40274969087350004 0.7312012626114116 0.0917158430895542 0.18855451734563572
0 0.49044967877325163 0.6958081079328668 0.08849993949875792 0.172893154678545
0 0.6182423597859985 0.8857143979153677 0.09165221057599685 0.17761701734563573
0 0.7082724621471306 0.8526377212365045 0.0853567587805987 0.1697317920114539
0 0.43046055865453037 0.9363336579408209 0.08818177693097126 0.118205654678545
0 0.03601320540963538 0.8573670573281366 0.07202641081927076 0.15714088534372692
0 0.1992318646577723 0.12970403930618307 0.08062380698520064 0.16186474801081768
0 0.30482787968488695 0.10660179929186556 0.08377607806243947 0.1665886106779086
0 0.39874150614832005 0.07997221397597838 0.09157948770335986 0.15994442795195676
0 0.6727763654433392 0.6429087325748224 0.09464085518980259 0.15421588001272662