0 0.12779701419342765 0.637098915977092 0.11626295496493211 0.15748633068109025
0 0.22855728023255661 0.5875250826305016 0.12926360271317874 0.16544428134945371
0 0.324610259874491 0.5504967026177751 0.118426232262828 0.16687951201463563
0 0.4292069247416007 0.5141495752705484 0.10648743676633483 0.15112724267981753
0 0.04419143160298928 0.662363092655955 0.08838286320597856 0.16046588001272663
0 0.16797502391103514 0.8263335913033195 0.11560162091177598 0.1715306493475449
0 0.26607136490402156 0.7939654392902747 0.113738732262828 0.16682496801399935
0 0.37459406616832586 0.7450819492759572 0.11181528685861988 0.18553860534690844
0 0.4619031014857862 0.7104973165977304 0.10985226866002265 0.17927042401336307
0 0.5862849329180487 0.8526928125795947 0.11121450956072394 0.17616360534690836
0 0.6716309500369119 0.8243763612349136 0.10602636181247735 0.168296561346272
0 0.4062481770579526 0.9211444626034574 0.10628717766703626 0.1480022426798179
0 0.034372890965299815 0.8741091146562731 0.06874578193059963 0.14164315467854466
0 0.1498033335917308 0.18405573197804648 0.0975129549649321 0.1572681546785449
0 0.2457061189091912 0.14937110196531977 0.10270110271317874 0.16513519867918122
0 0.3438024599021776 0.11700294995227493 0.1108139913621267 0.16991360534690844
0 0.6347979858157975 0.6194894139083679 0.11137519586563335 0.154306786680454
0 0.6904154464839423 0.03604385128900204 0.08479410703211539 0.07208770257800408
0 0.6077333544112218 0.046745541295365386 0.10953329117755643 0.09349108259073077
0 0.43569886566998867 0.08404636764004668 0.10915136181247735 0.16809273528009336
0 0.7450474660760408 0.7751207012253686 0.09681204811738695 0.14633065467854484