0 0.46922728693163096 0.02211537773839167 0.21970457386326192 0.04423075547678334
0 0.509980746346552 0.10944291534762865 0.23567622158978577 0.17083665188677952
0 0.5476052516215578 0.24982622294861828 0.23693871266133204 0.1536946159934022
0 0.5763593173671449 0.41938856518934403 0.2163807508107789 0.13904108260730727
0 0.1789841164769357 0.0483776640274804 0.24234323295387142 0.0967553280549608
0 0.19507849512873604 0.16003291488541022 0.2368296185055306 0.1474446159934022
0 0.25794846225429485 0.313751296780437 0.26490007142762995 0.14513796991261038
0 0.2906809159871731 0.4425522467012947 0.25865007142762997 0.1449561134861197
0 0.09283157142433464 0.6163631344023093 0.16646257142762994 0.14227373119538153
0 0.11300947807931216 0.7424027971761484 0.2022364301939279 0.13394440564770313
0 0.38173615868027716 0.688466488783736 0.21805234496658024 0.14533654671392995
0 0.13299646996163733 0.8575049599499875 0.20678756249917618 0.12626829796757127
0 0.41057599918263055 0.8181623489711504 0.21786143019392784 0.13439904671392994