0 0.9483214894333709 0.7053299840123852 0.10335702113325809 0.16319445916315994
0 0.8611152914820984 0.6653646937236993 0.13248873226282792 0.1698809687818068
0 0.7582813857142872 0.6298140849233591 0.12235226866002265 0.18199902286549072
0 0.6409949537283144 0.563358216504372 0.10815006631598419 0.15500001324684387
0 0.894423648975639 0.914853723359462 0.11882675046142524 0.17029255328107595
0 0.8037893545588801 0.8777257952676454 0.11540136181247726 0.17084326805616748
0 0.6863224498708032 0.8206176449974929 0.11660291640826922 0.18959326805616722
0 0.5971808042820248 0.7676166413692959 0.11474002775932135 0.18485120435383653
0 0.46415515807493773 0.9056200944571879 0.11756463911037329 0.18027283175849823
0 0.37225875230712663 0.8704514315731636 0.10935162091177605 0.17375001324684397
0 0.943886109653009 0.24186768473802464 0.10240071406423076 0.16259425843752046
0 0.849045176587302 0.19724217630050417 0.10290136181247718 0.17040675843752046
0 0.7486854287467704 0.15164444490482565 0.11433950956072395 0.17860120435383647
0 0.4196286983296436 0.6608606659640671 0.11480058451458142 0.1614682680561673
0 0.37507914558877825 0.06298616115474369 0.09390829117755653 0.10305556733052793
0 0.45672966378737556 0.07207347367594819 0.10720932757475107 0.11599207694917477
0 0.6467026241509786 0.12937508610448545 0.11247662091177588 0.17385914065150562
0 0.286292171493173 0.8183408053496283 0.10013730721668548 0.1516021947351896
0 0.33330117211148186 0.6274454760382009 0.10718834361388012 0.16432044954451291