0 0.32079376815037264 0.07401556227248654 0.1661704215447771 0.1053316282281439
0 0.3546233466055956 0.1701692964330447 0.1725931383672897 0.13545617080279088
0 0.3821074762904825 0.282292238018956 0.18658291549465283 0.12393951659574647
0 0.4423177475641131 0.4115534031217636 0.16151019262201594 0.10969134629715871
0 0.08811307835702707 0.11711072636688802 0.17622615671405414 0.11859645273377603
0 0.11987109670379141 0.21862394988378447 0.17718064441741405 0.11859645273377603
0 0.16836261797742197 0.34706566015912915 0.19747496369925477 0.11689184110137862
0 0.21702231089402552 0.44660112043447375 0.19278746369925476 0.11656405917039336
0 0.07387253503370383 0.5795178912175942 0.14774507006740767 0.11517652179152656
0 0.08826955523668475 0.6798838779760423 0.17243860226293628 0.10889367080279086
0 0.8207983133299124 0.10819771824424176 0.16770565046753835 0.10075338887180565
0 0.8584932351692771 0.21165585401395423 0.17708974082661788 0.1029714527337761
0 0.8984910003927833 0.32230913074915934 0.18184996369925485 0.1157992346647613
0 0.3159269226249316 0.6418750516288249 0.16623405405833439 0.11626912822814398
0 0.9508377329297819 0.7284770032773201 0.09112496974937905 0.0922746173323807
0 0.94666838339732 0.6390867213463348 0.10059087334017533 0.10855518119435104
0 0.9087921752572102 0.4324489552547915 0.17088519262201593 0.11034691015912909
0 0.1314786788714475 0.775911925998571 0.15521474082661785 0.10144180372251163
0 0.3427252510801545 0.7375371128929051 0.17086701190385672 0.10722191015912905