0 0.8766876577358029 0.737641799579344 0.12915631275401332 0.16944995764913048
0 0.7758554980794361 0.6944917632785987 0.14050324852966192 0.17732609016268802
0 0.6739145398025501 0.6575962721573934 0.1334277329258297 0.19134313836728972
0 0.56164691316287 0.5942064587292851 0.1178912641334943 0.1631363251355733
0 0.7682189812324085 0.9296207422013598 0.12562852103089917 0.13194086729005078
0 0.6770141270939654 0.9114070733870573 0.12446881275401331 0.16942268657189175
0 0.5707098954113311 0.8534496485226306 0.1334277329258297 0.19134313836728972
0 0.4773184215306129 0.8024462056060271 0.12577900723608923 0.19442268657189174
0 0.3203137477407518 0.9220734252572103 0.11641729534115867 0.1350113251355733
0 0.23112177295552244 0.895256916083828 0.1178912641334942 0.1631363251355733
0 0.9393236923343695 0.24289692614097297 0.10415631275401331 0.1693045119038567
0 0.8468396212126132 0.2043843928652899 0.11550324852966191 0.177180644417414
0 0.7478565665992004 0.15575651620546502 0.12380707146044045 0.1866010962128121
0 0.3073921031223902 0.6917501210024841 0.12282442559888347 0.16785109621281222
0 0.45268790875185577 0.06680518403780893 0.11962418249628844 0.13361036807561785
0 0.6418046404344901 0.12279000098195865 0.12199890999505118 0.18190450585373244
0 0.14505147614402572 0.8535830213718263 0.1177274898232347 0.16001132513557303
0 0.22650395126793935 0.6555131600337039 0.1153394742194025 0.1740556444174139