0 0.13722794672805172 0.9345443697233466 0.20263952174882985 0.10658873944669338
0 0.16735450402869478 0.8117205243497292 0.23943386760421675 0.16656375730360082
0 0.1995237223940332 0.6623887260540127 0.2576745316346616 0.15439103977100466
0 0.2677750207974277 0.4980728559236288 0.2210366946765233 0.13657624837514676
0 0.0586281724705829 0.423378998782184 0.08803319368794012 0.12957049756436803
0 0.808862866195704 0.9518348299490466 0.22939302273741297 0.09633034010190684
0 0.8479187545229865 0.8259419005626023 0.24272069368794008 0.13227057792045152
0 0.8844260212731289 0.6808027244258642 0.23114795745374234 0.14186376623205438
0 0.1121537846004111 0.16590346387914795 0.18847886266130084 0.14225350405718978
0 0.9378130177944971 0.25380957629230333 0.12437396441100575 0.1397909772718286
0 0.900510630455798 0.528840803971169 0.19897873908840397 0.13660352191409722
0 0.1334465113687065 0.056197227271828555 0.22626802273741303 0.11168534253094828