0 0.1625 0.61875 0.103125 0.15
0 0.2546875 0.590625 0.090625 0.1625
0 0.38125 0.5578125 0.08125 0.1390625
0 0.13125 0.8515625 0.0875 0.1578125
0 0.21875 0.8234375 0.0875 0.153125
0 0.334375 0.7796875 0.09375 0.1625
0 0.415625 0.7453125 0.0828125 0.1671875
0 0.5453125 0.896875 0.0859375 0.1625
0 0.628125 0.8671875 0.08125 0.15625
0 0.0984375 0.190625 0.0734375 0.1453125
0 0.19375 0.1609375 0.0765625 0.153125
0 0.29375 0.1296875 0.0828125 0.1609375
0 0.5890625 0.665625 0.0859375 0.14375
0 0.58125 0.0703125 0.0859375 0.1359375
0 0.39375 0.1078125 0.08125 0.15625
0 0.70625 0.83125 0.08125 0.1359375
0 0.6640625 0.64375 0.078125 0.1484375
0 0.63125 0.4515625 0.0734375 0.15