0 0.1171875 0.621875 0.103125 0.15
0 0.215625 0.6015625 0.090625 0.1625
0 0.3296875 0.5734375 0.08125 0.1390625
0 0.0875 0.8484375 0.0875 0.1578125
0 0.1796875 0.8296875 0.0875 0.153125
0 0.275 0.79375 0.09375 0.165625
0 0.3609375 0.75625 0.0828125 0.1671875
0 0.49375 0.9046875 0.0859375 0.1625
0 0.5765625 0.871875 0.08125 0.15625
0 0.065625 0.221875 0.0734375 0.1484375
0 0.153125 0.190625 0.0765625 0.153125
0 0.2484375 0.1453125 0.0828125 0.1609375
0 0.534375 0.6796875 0.0859375 0.140625
0 0.5328125 0.084375 0.0859375 0.1359375
0 0.3453125 0.121875 0.08125 0.15625
0 0.6578125 0.83125 0.08125 0.1359375
0 0.621875 0.65625 0.078125 0.1484375
0 0.590625 0.4609375 0.0734375 0.1484375
0 0.6828125 0.434375 0.0828125 0.153125