0 0.023128144907737357 0.44960151621085753 0.046256289815474715 0.19142196757828497
0 0.08551693991429675 0.4540979554503134 0.14960369980235594 0.21903652667183912
0 0.22389690045175786 0.45446513302083985 0.1322495998305908 0.18807356909549372
0 0.04304507373399306 0.19858115014978123 0.08609014746798611 0.20283769970043758
0 0.13285248442674596 0.21541822166117094 0.1545642155873715 0.22410666394474274
0 0.2390723923474886 0.23396131438438802 0.14050171558737148 0.2229587521260319
0 0.3811597237622279 0.06606400264541697 0.1323560156438413 0.13212800529083393
0 0.48153145008470466 0.0717162769617032 0.13381209983059072 0.1434325539234064
0 0.06164680040940558 0.9210941368138617 0.12329360081881116 0.1486284318225902
0 0.1769275640576954 0.9271532049912714 0.12659186305535758 0.11763352333785945
0 0.4536739476656302 0.2739811811943703 0.13868161035393456 0.1917087521260319
0 0.515034508810141 0.9158820255845773 0.11530575256024882 0.08405574879205205
0 0.2922340456418439 0.9231835689263159 0.1197048262236546 0.10618584030732095
0 0.5825556237904628 0.07805414195976353 0.13206758930724707 0.15610828391952705
0 0.5608494108339273 0.27611802391758744 0.13132413666229362 0.19888352333785925
0 0.5463718689523139 0.5113380467964046 0.12498313140062187 0.19681084030732113
0 0.6587885689664313 0.5169347293679009 0.1362846524473092 0.2039536606107628