0 0.08050923426541286 0.48541458425733675 0.10995239820967191 0.1854208314853265
0 0.1714346229143608 0.48482377908036955 0.14210356415651582 0.20130343671876355
0 0.3024540854374321 0.4858185897307701 0.12633886181247736 0.1739218893637169
0 0.07544579271871603 0.24732305005646973 0.13046515730897057 0.18972889988706054
0 0.18539129163898188 0.2620919343702762 0.1456290823551131 0.20773544724210719
0 0.2877245496585464 0.280440844992442 0.13449132325581453 0.2039734104104042
0 0.39216531847545244 0.09372870673238158 0.1374160641565158 0.18745741346476316
0 0.490291937846069 0.10083112677423456 0.13056528685861987 0.19129139988706054
0 0.13813287861757345 0.9196229842855714 0.05815006631598414 0.15438366311182747
0 0.21123971159099536 0.9224224896178306 0.12131140036914027 0.14405237884037306
0 0.32068456276301466 0.9293788739316371 0.12429669802510172 0.11776289462538862
0 0.49488501002214935 0.3193459083442657 0.1312266209117759 0.17731990514873236
0 0.6394543491602092 0.9233593031814159 0.11175712523071261 0.09212585779368573
0 0.43030988663713793 0.9269147556146077 0.11754605027685514 0.10958637357870131
0 0.5882380845145814 0.12414055318141586 0.12613860271317884 0.17079688936371684
0 0.5954357225452205 0.3221153215972673 0.1253771391103733 0.18320588410204497
0 0.6133601094961255 0.5406378084430876 0.11902700956072394 0.18127936305535747
0 0.7195297663436708 0.5454324532802379 0.13036502775932135 0.18816639988706055