0 0.12661826339927118 0.9267214011049513 0.18502165665497755 0.13934599530842284
0 0.13579048620687287 0.8035734782084735 0.23896486282348772 0.189935857192922
0 0.1334445564166868 0.6250496404612895 0.2386103068171333 0.169623357192922
0 0.7501784943245478 0.8760951542839189 0.24404210064862325 0.12318539976756888
0 0.7819387832847735 0.7552692020543461 0.2589500803560837 0.17260624556052448
0 0.823851368105084 0.5892564359628027 0.27320349512873604 0.18452709135348008
0 0.027655621348199672 0.304174047770427 0.055311242696399344 0.15102690445914596
0 0.8629152370143565 0.1394149730895679 0.21062167451188502 0.17546916560701079
0 0.8297173587695932 0.43200666467547916 0.265309174511885 0.17929328813517156
0 0.03817610998411395 0.16836223390845664 0.0763522199682279 0.14452553218308672
0 0.25767831209543435 0.16847222250849025 0.25412621266133195 0.1644659636295393
0 0.27771985105566016 0.05753685346057499 0.25358074188232516 0.11507370692114997
0 0.05267498660731938 0.08612888811550101 0.10534997321463876 0.08399222376899798