0 0.6156307178169133 0.07451158226585194 0.17560056956195352 0.12128516842151908
0 0.5859271563007313 0.1754246424725064 0.18577324505632137 0.11041130093507641
0 0.5587640867387778 0.29584622678146183 0.15800887797604232 0.09306926483072289
0 0.8453782019774714 0.04153195238457327 0.17799359604505724 0.08306390476914655
0 0.8204003452887525 0.12798551932872299 0.17596120248167466 0.10410675878059869
0 0.790915305059894 0.2257735795353774 0.185991766343645 0.11353630093507638
0 0.755016373865543 0.32594175117835034 0.18980518119435102 0.10106357201231528
0 0.8939153468782364 0.4391497574248663 0.15699268119435103 0.10087267447164336
0 0.875750218902194 0.5314054351179635 0.17864915990702776 0.09787493949875792
0 0.17542633489719234 0.05989210870584396 0.16716535668871887 0.08999880698520064
0 0.14403458724298085 0.15144380445111785 0.17363387797604238 0.09316016842151909
0 0.10222986347398284 0.2578937923508694 0.1834459205506893 0.09946471057599685
0 0.6658506950169805 0.5177888835937118 0.16168018119435104 0.10089994554888229
0 0.05576459088771436 0.5550415031232581 0.11152918177542873 0.10085449375348396
0 0.0878201151510802 0.36263128932580735 0.1756402303021604 0.09787493949875792
0 0.8311318515698133 0.6222531489154142 0.15666489926336585 0.09618517447164336
0 0.6432165883282617 0.6069468323640479 0.16749313861970413 0.09468630698520072
0 0.4398402160522024 0.5893876694034776 0.1702903566887189 0.09001698770335978
0 0.41749568646700574 0.6855723229942738 0.17563342055068923 0.0994192587805987
0 0.8011222874557415 0.7052065494811481 0.15332137797604234 0.09304199375348396
0 0.6140975348578515 0.6883331877502421 0.1725084205506892 0.09940107806243947
0 0.754870364307162 0.7859116488172182 0.15935285668871907 0.08995335518980241