0 0.9732784183123613 0.6124478426028813 0.053443163375277436 0.21429487336031983
0 0.8634917231176047 0.5906813059681498 0.11515614057694457 0.1870639880142125
0 0.9993895894745142 0.902275066710742 0.0012208210509715655 0.19544986657851596
0 0.9301032205521536 0.8711777114406454 0.13310735999173637 0.22077724672063964
0 0.8197826631814589 0.8248206105815628 0.11759146276527802 0.2246458751693421
0 0.6355193787965285 0.9376432604018783 0.11759015634451409 0.12471347919624343
0 0.5424415260229869 0.9293886861143331 0.114792464665139 0.1412226277713337
0 0.9206040939398263 0.09428434079385897 0.10995818787965277 0.09783771370395286
0 0.5705801373459034 0.7118824400710618 0.11998911094166687 0.1935596494796016
0 0.7999461018236111 0.07313527984886808 0.1061422036472223 0.06798643939369338
0 0.4277607769729174 0.9099935549520971 0.11508340539458342 0.18001289009580573
0 0.4604232341355214 0.6725565892119792 0.11075958130638916 0.19931832654882306
0 0.4946118237069448 0.431675961667788 0.10458231648875013 0.20211577792830404
0 0.3768242584524656 0.39975317503305663 0.11708231648875014 0.20277087516934209
0 0.32428963164632013 0.8581554952503015 0.11032317021222235 0.18056832654882307
0 0.35735213231191026 0.6359429805509805 0.11708231648875014 0.20277087516934209
0 0.22430716223152847 0.8201431608995623 0.10429137575930572 0.1896157779283043