0 0.1484375 0.6171875 0.090625 0.1625
0 0.2625 0.6015625 0.08125 0.1390625
0 0.1234375 0.84375 0.0875 0.153125
0 0.2234375 0.81875 0.09375 0.1625
0 0.3078125 0.784375 0.08125 0.1671875
0 0.4578125 0.9109375 0.0859375 0.1625
0 0.5296875 0.896875 0.08125 0.15625
0 0.1015625 0.20625 0.0765625 0.15625
0 0.1953125 0.1703125 0.08125 0.1609375
0 0.496875 0.7 0.0859375 0.14375
0 0.4828125 0.1015625 0.0859375 0.1359375
0 0.2890625 0.1453125 0.078125 0.15625
0 0.6171875 0.8578125 0.08125 0.1359375
0 0.58125 0.6703125 0.078125 0.1484375
0 0.54375 0.4828125 0.0734375 0.15
0 0.634375 0.459375 0.0828125 0.15
0 0.6953125 0.8171875 0.078125 0.134375
0 0.659375 0.64375 0.0828125 0.15
0 0.771875 0.7890625 0.0734375 0.140625
0 0.571875 0.08125 0.0828125 0.153125