0 0.1359375 0.63125 0.090625 0.1625
0 0.2484375 0.603125 0.08125 0.1390625
0 0.1125 0.8578125 0.0875 0.153125
0 0.2109375 0.8375 0.09375 0.1625
0 0.296875 0.8 0.0828125 0.1671875
0 0.4453125 0.91875 0.0828125 0.1625
0 0.5234375 0.9140625 0.08125 0.15625
0 0.0890625 0.2109375 0.0734375 0.15625
0 0.1765625 0.1703125 0.08125 0.1609375
0 0.4859375 0.709375 0.0859375 0.15
0 0.46875 0.0953125 0.0875 0.153125
0 0.271875 0.1453125 0.08125 0.15625
0 0.6078125 0.875 0.08125 0.1359375
0 0.571875 0.68125 0.078125 0.1484375
0 0.5359375 0.4859375 0.0734375 0.15
0 0.621875 0.4671875 0.0828125 0.153125
0 0.6890625 0.8359375 0.078125 0.134375
0 0.6578125 0.6546875 0.0859375 0.15
0 0.7671875 0.8015625 0.0734375 0.140625
0 0.5546875 0.08125 0.0828125 0.153125