0 0.16911955480524332 0.3236160931912436 0.12456750816812515 0.18701390507947585
0 0.28196570013184064 0.37595489790789977 0.10992312670923621 0.16152283175849816
0 0.17692748233256952 0.08892363466105586 0.11947996466513904 0.16966271397248334
0 0.27616506933854174 0.12673614790789978 0.12772887575930572 0.1886855324841376
0 0.36021406743868073 0.18275302413143513 0.1183902433504862 0.18992065027015248
0 0.529234864741389 0.09966524953666385 0.11471972948277802 0.16637402286549077
0 0.6115206878796529 0.11346734390903379 0.11333906743868064 0.1741319591631599
0 0.06503995858430618 0.7485391929210911 0.09938567021222236 0.17832838584218216
0 0.14758100807121594 0.8068452554422956 0.11355727298576404 0.1835069591631598
0 0.5443734747331253 0.31408241360181444 0.11799019984750014 0.1727331502701525
0 0.4409699450009382 0.9278137644703793 0.11769925911805572 0.14437247105924128
0 0.243094183033091 0.8523338594333124 0.11344817021222235 0.17881945916315978
0 0.6939708183886113 0.16786715643023828 0.11141289152687506 0.15845239546082907
0 0.6297485834905906 0.3599976035276806 0.10857883225631966 0.17084326805616729
0 0.5647996499793407 0.5544445187739575 0.10545383225631966 0.17073414065150558
0 0.6515190531897227 0.5910392724021547 0.1149379350298613 0.1757490228654909
0 0.7733505002843405 0.22450159154678104 0.10665265634451408 0.1551637043538365
0 0.7150873246568753 0.4043502934535469 0.11799019984750014 0.17273315027015243
0 0.8494778956109377 0.2755581492586622 0.10367312670923638 0.1613045769491748
0 0.5295785033215632 0.9430952686891395 0.10926851006798621 0.11380946262172102