0 0.08893383581753883 0.5966236419945528 0.12086907981717358 0.18623987884037305
0 0.21004685649570326 0.5864435471432852 0.10720468610347991 0.16051183674699843
0 0.04335387407124119 0.8273507262518894 0.08670774814248237 0.17659186305535773
0 0.13399581700140123 0.8232918287839034 0.12399407981717361 0.1864218893637169
0 0.22912853453641252 0.7990646444842143 0.1132021290313853 0.188909852532014
0 0.36516658023596754 0.9279527248305908 0.1106207845319033 0.14409455033881854
0 0.4469795064146499 0.9330987392648948 0.10898550992479739 0.13380252147021032
0 0.10725807423560232 0.15273713410204498 0.10331770678164434 0.1774263209619828
0 0.20409884098482536 0.12547595506402778 0.10978603060296185 0.18247784200867018
0 0.4403614410703878 0.7377308442865702 0.1139641083532208 0.17181335779368573
0 0.5175641815553659 0.10613150476756168 0.1148716368892682 0.15784186305535758
0 0.3071703370558839 0.1158117997035339 0.10956770678164433 0.17779034200867017
0 0.5402950128247908 0.9256498957996323 0.1070591368892682 0.14870020840073545
0 0.533495010962764 0.7227876547252094 0.1045163337461151 0.1697048262236546
0 0.5275126464042901 0.514846352108491 0.10139133374611511 0.16952281570031094
0 0.619428318654031 0.5092326599162941 0.11098465756743252 0.1747563472703421
0 0.6300681422704608 0.9031037572572232 0.10378858767505647 0.1540798262236546
0 0.6273370562480343 0.7094524677946843 0.1139641083532208 0.17181335779368573
0 0.7172791978948133 0.8807652966491748 0.10095468610347993 0.16014781570031075
0 0.6081891815553659 0.11140980994452891 0.10811221463952717 0.14654034200867017