0 0.23249907568421113 0.9307243572670846 0.24747917568342573 0.13344945516044932
0 0.2565046292656003 0.782414531962673 0.21378768086722202 0.1384559484924896
0 0.8433873490112944 0.9162653075472506 0.22998002591898156 0.057556634857007793
0 0.8986232489636334 0.8187528366349854 0.20275350207273313 0.1425693636451804
0 0.10747534962342506 0.44601425954289764 0.147146985014259 0.13922148091420464
0 0.9328835058908561 0.3846331860261623 0.13423298821828772 0.14346244182452975
0 0.9107285515318975 0.673041852845843 0.17854289693620515 0.14205918061464223
0 0.12089471771944382 0.3205998002995624 0.194490876720185 0.13067539940087514
0 0.3894977462303234 0.3419495443805086 0.2287291756834257 0.131918906068835
0 0.4154854648447218 0.2162959690760971 0.23410018086722206 0.14011404334173855
0 0.12820078685222183 0.19725802408676527 0.229959485014259 0.14598140606883492
0 0.9364340146796757 0.2558704572379896 0.1271319706406487 0.13399184697528083