0 0.5572948704133089 0.055035516635796214 0.2114647408266178 0.0943069277582959
0 0.5570499515990064 0.14720937986632104 0.18512040944452862 0.13134327759614015
0 0.9365718129862269 0.42334082629230335 0.12685637402754607 0.11158415665497752
0 0.05957550878059872 0.16977275771063777 0.1179510901626879 0.13329551542127552
0 0.7320009963857628 0.4103929926898088 0.1976658612399266 0.13937396590774287
0 0.03974129439397289 0.520172178165333 0.07411927693097134 0.11846935633066594
0 0.05166808089110986 0.28759150324641086 0.1007181383672898 0.12518300649282174
0 0.9278851472460843 0.5333607085975516 0.14422970550783135 0.12756371266133187
0 0.7108032281371942 0.5264174131445041 0.19292381908544912 0.12991714529089188
0 0.47175890885535343 0.5253695616851021 0.19291472872636942 0.12835464529089186
0 0.4638151195295461 0.6369383072208751 0.20077268052176755 0.1363035129856435
0 0.9172521742752515 0.6378572938248992 0.16549565144949696 0.12794554220663662
0 0.7028412580932277 0.6348611586802771 0.19766586123992677 0.13937396590774292
0 0.8948611073311017 0.7436709172016938 0.18353063836729006 0.12662850405718978
0 0.04509239060678498 0.634316498782184 0.06781473477649362 0.1089852621748646