0 0.4057505498154299 0.06511324088194431 0.20412390036914024 0.13022648176388862
0 0.39342292566445136 0.16636204388423578 0.174997604872647 0.12576633225631956
0 0.19272891810631224 0.026906685695451342 0.18329216378737553 0.053813371390902684
0 0.04422920805186371 0.39945383292190967 0.08845841610372741 0.10250936379145834
0 0.8750746414267251 0.20975740682267285 0.19873549352159509 0.13099934612402792
0 0.21098545574012445 0.3960528099361456 0.1879982526208937 0.13386977298576408
0 0.872897565550017 0.5358834957285061 0.19122338217054313 0.13550500816812522
0 0.875828008176448 0.31973181886677005 0.19238536397194572 0.12929137575930572
0 0.046769168724621064 0.4985816639439583 0.09353833744924213 0.11846167211208343
0 0.21833927591361996 0.5004130016155206 0.18427247532299768 0.12442203780340293
0 0.43145054519195136 0.5102743916237843 0.18417234577334848 0.12285953780340293
0 0.4281171892395702 0.6109829064414232 0.19102312307124442 0.13238000816812523
0 0.05084659700996609 0.5913867597836457 0.10169319401993218 0.12035148043270852
0 0.2151561142857127 0.5987777664331595 0.18799825262089362 0.1338697729857639
0 0.06024258097083714 0.6879708190542013 0.12048516194167427 0.12093336189159735
0 0.8538390800479865 0.6385181864579506 0.17832286397194572 0.12896406743868064