0 0.5396673842130555 0.09524692198982836 0.18558476842611088 0.11753767061270248
0 0.5509944464186108 0.1892520135050974 0.17587757775694418 0.13070735030926076
0 0.7624412114043518 0.07930228396801871 0.18425742280870364 0.0491703078856061
0 0.927053879453495 0.4427903123068478 0.14589224109301 0.12094971303635713
0 0.09213685626782378 0.16653353788172676 0.16704938190398125 0.13619207576345352
0 0.7346735451935642 0.42686306805672364 0.18736188190398123 0.13785017061270252
0 0.10035591672995278 0.4821267159112951 0.12744007775694421 0.1267534318225902
0 0.09803412469393467 0.26940344636645774 0.16052597983046274 0.13255689273291543
0 0.9195045110746524 0.5401596488211471 0.16099097785069533 0.12888975879399175
0 0.7257270636196751 0.5285212918439265 0.18355337672018485 0.12978257909743346
0 0.5105415610277768 0.5070775001691779 0.18144407257314796 0.12340503333979883
0 0.5129720768619896 0.6057860671386397 0.19035018086722194 0.13654276212797142
0 0.91660846743662 0.6317891683659844 0.16678306512676003 0.12538212152108805
0 0.7280208784171286 0.6256673588133884 0.18736188190398123 0.13785017061270252
0 0.9058519354388876 0.7255073463955527 0.17363157257314796 0.12276730455162621
0 0.1094075794538878 0.5767217387901123 0.12831907257314792 0.11906847758022465
0 0.7587003482093054 0.13406953230102878 0.1906235829407404 0.13966776212797155
0 0.7520880547126849 0.21807787048231794 0.18749858294074037 0.13941267061270252