0 0.844581767855785 0.19211159130279848 0.14654878883482816 0.22096348933548193
0 0.9923658037637468 0.7709785858999523 0.01526839247250642 0.23077956314006212
0 0.49504031010845856 0.11630316531914024 0.15258062021691715 0.18382751038216938
0 0.6911599112912403 0.9244776562876824 0.1478567587805987 0.15104468742463517
0 0.9331589754067198 0.828457885956422 0.13368204918656054 0.24394596302712265
0 0.37811643052176747 0.15479027069375154 0.14819310206654457 0.2351169945971538
0 0.48353168012898406 0.4202171205949295 0.14193401170746506 0.23319047355046646
0 0.3635646137740095 0.4725847154461971 0.1560510538619427 0.24338452090551305
0 0.2699590177575891 0.22346540500755804 0.15913969242562417 0.23731653142885678
0 0.08183178298109553 0.10473227360693615 0.11136474687674205 0.07989887357870126
0 0.5694712636523726 0.9441118339749881 0.13831813231716553 0.1117763320500238
0 0.7180505632317166 0.05587941773821464 0.13297612646343318 0.03586044724210717