0 0.9386563040459375 0.4003685285315381 0.12268739190812497 0.18521837014004522
0 0.8220640232701045 0.4152229329985988 0.10083906743868062 0.17482452564056317
0 0.935103658244375 0.14188394044219685 0.09956750816812523 0.18725175103345731
0 0.4918433143045487 0.07519497663123922 0.09306162860909736 0.10890842721213974
0 0.9136800931773271 0.9153158816150284 0.10614481648875014 0.1693682367699431
0 0.5369415280197571 0.2692746164159915 0.11050500816812522 0.18776117328319836
0 0.5684234509848618 0.9708733879227255 0.10657861474138883 0.05825322415454899
0 0.8033244746362161 0.9318730080627706 0.10552656743868064 0.13625398387445883
0 0.38681097539871534 0.08903269065159385 0.10487195079743064 0.14691784946188072
0 0.4292933353904516 0.3048417812221344 0.10261977298576408 0.18427230024766902
0 0.476209275454306 0.5434890583104396 0.09636977298576407 0.18398120181924557
0 0.3651633258911463 0.5671919239023708 0.1074527433504862 0.19074062406898662
0 0.2852673124046876 0.11864095388616018 0.1006935970739585 0.16857452564056316
0 0.3256241279435072 0.34371588254604196 0.11206750816812514 0.1878339478903041
0 0.18303331838861123 0.1521190798171736 0.09618793502986125 0.17616870181924557
0 0.4608291565319453 0.9781646762811264 0.10298083605604162 0.04367064743774733
0 0.8317974734988542 0.16282567906965734 0.11217661094166687 0.1925214478903042
0 0.7419725605048265 0.19297975185751765 0.11363000816812523 0.18790672249740997