0 0.28671875 0.9019387276393495 0.18125 0.13974002775932134
0 0.3234375 0.7956794332225905 0.16875 0.12175149136212671
0 0.06875 0.87371929981543 0.1375 0.12131140036914019
0 0.06484375 0.4606883736895531 0.1296875 0.10987325262089379
0 0.78125 0.9069664751753395 0.19375 0.09835356415651582
0 0.246875 0.5193357811554072 0.18125 0.13349002775932117
0 0.921875 0.6081110657069007 0.128125 0.12227312307124442
0 0.8328125 0.8224122000369117 0.1875 0.13076554595791867
0 0.1 0.36468545882244346 0.165625 0.12467623226282801
0 0.303125 0.42276236736803174 0.178125 0.12391476866002264
0 0.51328125 0.485076192940198 0.178125 0.11922726866002265
0 0.55703125 0.383835065550017 0.184375 0.13056528685861987
0 0.16015625 0.27411172116094457 0.1640625 0.11988860271317865
0 0.359375 0.33009520358065614 0.18125 0.13349002775932126
0 0.2109375 0.18179501079734167 0.1703125 0.11716412091177597
0 0.94609375 0.508902807687336 0.1078125 0.11472143892580319
0 0.090625 0.7832549861203393 0.18125 0.13349002775932134
0 0.13515625 0.7022762939553336 0.1828125 0.1351526573089707