0 0.0875 0.65 0.0953125 0.1484375
0 0.184375 0.63125 0.078125 0.1390625
0 0.090625 0.8671875 0.0765625 0.15625
0 0.45625 0.925 0.0734375 0.14375
0 0.1109375 0.2078125 0.08125 0.1609375
0 0.4203125 0.7375 0.0859375 0.15
0 0.3984375 0.1015625 0.0859375 0.153125
0 0.203125 0.1765625 0.08125 0.15625
0 0.54375 0.8890625 0.08125 0.1359375
0 0.509375 0.7015625 0.078125 0.1484375
0 0.471875 0.50625 0.0734375 0.1484375
0 0.5640625 0.48125 0.0828125 0.153125
0 0.628125 0.8484375 0.078125 0.134375
0 0.5953125 0.6640625 0.0859375 0.15
0 0.7125 0.815625 0.0734375 0.140625
0 0.4875 0.084375 0.0828125 0.153125
0 0.175 0.840625 0.0859375 0.153125
0 0.25 0.8109375 0.0875 0.15