0 0.07976282727687256 0.6848158824153614 0.14848399355709235 0.27741699375348394
0 0.19496512557967033 0.6128323189872532 0.19064422247985352 0.2729749334486337
0 0.769434902216054 0.927882685589933 0.13955337939029916 0.085184041958086
0 0.6471230440993854 0.7178031827612626 0.2095123971478884 0.29339651775758924
0 0.905794583032409 0.8669593420093996 0.16646131303532458 0.14471357806243965
0 0.7856173966569091 0.6209559747193486 0.19541353571156997 0.28706470452587246
0 0.6392180778660478 0.299021366504484 0.19228853571156995 0.28704652380771345
0 0.7793931050916066 0.22249574882164963 0.20642375858420686 0.2996283370394299
0 0.9778220356133742 0.8056769292452213 0.04435592877325156 0.19715680113146802
0 0.9073272075509348 0.5216786582661783 0.18534558489813052 0.2932783430895542
0 0.882031770880847 0.1395019625209044 0.1468305899662962 0.26178290339440446