0 0.12193361557569866 0.6348773805739324 0.14221450124939988 0.19489687278026224
0 0.22907068673654152 0.6027365059520847 0.11794820705825868 0.18232046312533629
0 0.6119246112260212 0.9375210513767233 0.1120767153566284 0.12495789724655353
0 0.0716875910815747 0.11536255606830026 0.12372461037760658 0.1765075056999832
0 0.5317598240838498 0.7412462569604908 0.12983290041956294 0.19558528763096844
0 0.1727406056037218 0.09523000854997479 0.11595873195336796 0.13555472376899796
0 0.706561682386864 0.9181153055256598 0.12228050954776962 0.16376938894868048
0 0.6325993510535517 0.6977854700858271 0.12022110207923689 0.19180472376899793
0 0.5509545742843425 0.46127453369569604 0.11865860207923688 0.1916954631253363
0 0.65201924420043 0.4310403664992014 0.126944698759889 0.19849176634364488
0 0.8008552114311582 0.8774069041301699 0.11880031203728052 0.17305472376899794
0 0.7309767288530903 0.6525982922456708 0.12983290041956294 0.19558528763096844
0 0.8964035871561045 0.83590745500269 0.1132607070582587 0.18199268119435102
0 0.9190668794731458 0.5709433727033877 0.14943500539858476 0.18763067599857094
0 0.7517106682657022 0.39293906898087594 0.13369160622842174 0.18497556956195355