0 0.9861439738545956 0.5551372625385218 0.02125789734428025 0.16415809484924893
0 0.9230081695998695 0.5353028657227206 0.09778403590796181 0.16415783697334127
0 0.6492378297317691 0.8832770775511296 0.0896988251355733 0.11664510818516831
0 0.9467563044511177 0.08450409301308115 0.06509880093507618 0.1690081860261623
0 0.668211064410067 0.7091540513383325 0.10880334913967822 0.17911315727678295
0 0.6503403675846385 0.05142001029180375 0.10869426483072289 0.1028400205836075
0 0.8664375453759317 0.07481802293916037 0.09945562021691715 0.14963604587832074
0 0.5508594170657867 0.8811562102821053 0.10085449375348414 0.15503792848861053
0 0.5738798023098186 0.682495569675222 0.09941016842151917 0.17522288273097572
0 0.607183702580965 0.46113088164371396 0.09784766842151918 0.1750953369733413
0 0.5049490368899204 0.45073512876877597 0.10569652985783762 0.18198306576151388
0 0.4533258869133615 0.8680340701342638 0.09776585518980241 0.16103283697334128
0 0.47408888056864973 0.6547209981638321 0.10880334913967822 0.1791131572767828
0 0.3644770103517326 0.8385854283194323 0.09311471662612103 0.16690019970043757
0 0.5488051386618774 0.05075020165729162 0.10238972267624522 0.10150040331458324
0 0.27675533831597615 0.6153867865046009 0.12594539734428026 0.1727036606107628
0 0.4058757326351943 0.433834284378569 0.11185562626704137 0.16686824879205203
0 0.8749650584581385 0.7399104884517567 0.1213124394987581 0.1816960233378591