0 0.9629756812091385 0.24233424466067444 0.07115790339440445 0.1510520590935541
0 0.14930913270994906 0.1065056072670846 0.18060562626704138 0.17248026212797157
0 0.9247120910464506 0.3766453428439033 0.14615790339440443 0.15717425546001174
0 0.8755200912428425 0.5102867613305738 0.24317834913967823 0.190082092433353
0 0.09930406664956212 0.24567954863257246 0.14146131303532483 0.15522911818710822
0 0.7406718716898552 0.7368169236083266 0.23376698770335996 0.18306681788754559
0 0.6817029553114395 0.2691987310348908 0.2446772166261212 0.17927213819098747
0 0.6191297115579555 0.4211117884614549 0.2244465298578376 0.19167654334173853
0 0.5551757749860637 0.5419023916456537 0.22127607806243949 0.18360895182646964
0 0.6915435043998042 0.8595208420949974 0.24001698770335994 0.18357700091808402
0 0.46700308841417204 0.6646699540731876 0.2634726684215191 0.18861518728260193