0 0.290625 0.7890625 0.0859375 0.15
0 0.2671875 0.1390625 0.0875 0.153125
0 0.08125 0.221875 0.08125 0.15625
0 0.4296875 0.93125 0.08125 0.1359375
0 0.3828125 0.7578125 0.078125 0.1484375
0 0.515625 0.9125 0.078125 0.13125
0 0.4734375 0.7234375 0.0859375 0.15
0 0.6015625 0.8828125 0.0734375 0.140625
0 0.35625 0.1171875 0.0828125 0.153125
0 0.65 0.646875 0.0828125 0.14375
0 0.1234375 0.8296875 0.08125 0.1484375
0 0.33125 0.55625 0.078125 0.153125
0 0.44375 0.5296875 0.09375 0.1359375
0 0.528125 0.49375 0.0859375 0.134375
0 0.7328125 0.63125 0.0828125 0.1484375
0 0.60625 0.4609375 0.08125 0.1671875
0 0.7625 0.8125 0.078125 0.1578125