0 0.7521328303229178 0.8299241904097462 0.15720240870767305 0.21411116689245624
0 0.6137152704184201 0.08695103912112223 0.1444444591631598 0.11674484396167766
0 0.8465178467346227 0.12184941881302014 0.14446430653075462 0.16197545680654796
0 0.6380430484717523 0.8247276780852744 0.14771828130301118 0.2104948439616777
0 0.5103842960246816 0.9682022026226764 0.11873513103285874 0.06359559475464707
0 0.5136432491973919 0.8009892056748942 0.15720240870767305 0.21411116689245596
0 0.4052156463875013 0.9567833457707 0.1240228317584982 0.08643330845860006
0 0.5029141796742472 0.07723080110690986 0.13167164065150558 0.10827724672063965
0 0.2843749006486706 0.7545358502932558 0.1522420901960187 0.20605300542706678
0 0.9327925532810759 0.8339134068272325 0.08683534500534193 0.20886374491161738
0 0.6386160004633361 0.5617772987320606 0.14944447241000383 0.2152642311168073
0 0.493740010081983 0.5416617933049938 0.16139883538669525 0.2002943283578455
0 0.3762796915703287 0.5433327566702623 0.15342264427970279 0.19519739258219673
0 0.1810142876719792 0.7334653544771272 0.1540228450053421 0.21238489258219673
0 0.2728645148913064 0.5238247608541339 0.15785717313564324 0.23286116689245623
0 0.19749491562479507 0.9260103013340526 0.14920637023308556 0.1479793973318948