0 0.7244734996042885 0.11839439578511753 0.10160326708875882 0.1670120256405631
0 0.7605601683171296 0.8087432599293066 0.10169419530200408 0.17013702564056316
0 0.9392056570343584 0.7021186166298976 0.08303512351524951 0.1723887303552928
0 0.635214771311901 0.15609991108659846 0.09213733887551356 0.163450377997928
0 0.4914684344814516 0.041082956576756535 0.08893813103709683 0.08216591315351307
0 0.5400553840065978 0.20890388751294992 0.10160326708875882 0.16701202564056317
0 0.3993574908287999 0.06661272653104994 0.08713159012915472 0.13322545306209987
0 0.653741866984346 0.833223183212505 0.09856919530200407 0.16999147642635143
0 0.3463531966221524 0.29672502688341745 0.09972251834240006 0.15600175103345731
0 0.6867759566512823 0.36825100062368177 0.09231919530200425 0.16970037799792798
0 0.5707728719324039 0.4134436842459623 0.105836126022532 0.15160534946188062
0 0.46896867953339355 0.45329389640429 0.10110316191590947 0.14982452564056317
0 0.26171377216983077 0.33655596836358087 0.09847826708875881 0.16686647642635144
0 0.38506504097444927 0.49465095058090053 0.09741587226160835 0.18398120181924557
0 0.23371210728442052 0.14593312241635675 0.09397262351524953 0.17289815260503386
0 0.1357041677884041 0.05531458457468454 0.08420516693047428 0.10534677956950458