0 0.9029310100722231 0.8547257211272216 0.19413797985555376 0.1340152433504862
0 0.15122114172020779 0.7665861283247569 0.19588303029369403 0.1355777433504862
0 0.8706339925500448 0.7482763525861105 0.191929236102553 0.12456750816812523
0 0.9836759683682708 0.6152430341974993 0.03264806326345848 0.09687630642076392
0 0.8465434518833884 0.636921278497916 0.1938469336130418 0.12929137575930572
0 0.9715360709603502 0.5137532693798603 0.056927858079299655 0.10218205547083344
0 0.13819815561765494 0.6463645473027082 0.18759693361304192 0.1291459053945836
0 0.7865727655710543 0.42387707105097155 0.1844719336130419 0.12907317021222245
0 0.6260318875710229 0.7633610644014578 0.19649833693238997 0.12311411094166687
0 0.6145830568624104 0.6329286819926384 0.18013963112353099 0.13365156743868062
0 0.6037621108018139 0.5314389171749995 0.17845873195336798 0.13205269984750015
0 0.7582683215850501 0.31888109973631884 0.1922844336130421 0.12925500816812513
0 0.5646385659859727 0.4282600189986107 0.21115283278320493 0.13125391926229182
0 0.9311460240699165 0.324673238794652 0.13770795186016685 0.12402199430041679