0 0.10763668532542284 0.8706415568171334 0.10399253844375371 0.1672886858759707
0 0.11421855099536819 0.1482210860381265 0.10580069990914298 0.17200345941492107
0 0.2091925412728881 0.8426995633099551 0.1007037641334942 0.16410913879807013
0 0.3509119725259811 0.9546785018250763 0.09257700361804462 0.09064299634984749
0 0.32057377657356706 0.806327461036479 0.10399253844375371 0.1672886858759707
0 0.45827077114650017 0.9493898940730758 0.08698210085908258 0.10122021185384825
0 0.233579382632574 0.12371773822887719 0.10111319990914291 0.17192163879807007
0 0.5254870058813521 0.7160684740221224 0.10366498982323477 0.1610386858759707
0 0.15540023518913726 0.6157728246740408 0.09642569990914299 0.17183981818121907
0 0.27907675260199183 0.5835251607121673 0.10786116689245615 0.15174550649282176
0 0.39386959294562485 0.5417388555165917 0.10473616689245616 0.15169095941492117
0 0.6137206682512526 0.6886759054338663 0.0993050384437538 0.16720686525911965
0 0.4949717475136092 0.5075332252399385 0.10036957146044045 0.18751936525911966
0 0.643205693127339 0.8870276306770999 0.09667136137453233 0.17652731818121908
0 0.7461425853708514 0.9597183780412447 0.08616322930778501 0.08056324391751062
0 0.818431422435124 0.7962504464226869 0.08335248982323477 0.1606841298696164