0 0.1953125 0.834375 0.0859375 0.15
0 0.1671875 0.184375 0.0875 0.153125
0 0.2859375 0.8078125 0.0828125 0.1453125
0 0.41875 0.9328125 0.078125 0.134375
0 0.384375 0.7734375 0.0859375 0.15
0 0.515625 0.925 0.0734375 0.140625
0 0.2734375 0.1609375 0.0828125 0.153125
0 0.5640625 0.6890625 0.0859375 0.14375
0 0.2265625 0.6046875 0.078125 0.153125
0 0.3359375 0.5734375 0.090625 0.1359375
0 0.4375 0.534375 0.0875 0.134375
0 0.6421875 0.6625 0.08125 0.1484375
0 0.5265625 0.5015625 0.08125 0.1671875
0 0.678125 0.840625 0.078125 0.1578125
0 0.775 0.934375 0.0734375 0.13125
0 0.83125 0.75625 0.0671875 0.14375