0 0.13041291954201442 0.7982184211455093 0.11162720258518868 0.176409852532014
0 0.10932060326976067 0.08910066186699653 0.11331703657757748 0.17820132373399306
0 0.2298717500743621 0.7791128343985111 0.1067487015966055 0.17144933674699842
0 0.33374882516950233 0.7339074792356612 0.11162720258518863 0.176409852532014
0 0.46575219475088536 0.8985020583019134 0.09673703163466155 0.15527830517696728
0 0.21330776631162238 0.0727024816547357 0.10786553262324476 0.1454049633094714
0 0.5321916423559772 0.6456053004799928 0.11118153361182799 0.1654723525320138
0 0.16800978414330056 0.5485677606645181 0.10394203657757743 0.1790798262236546
0 0.29033311170989873 0.514034594992442 0.11880303262324476 0.16123987884037305
0 0.4036488538012334 0.46984570825956107 0.10936436562705043 0.1591313472703421
0 0.6343298039149641 0.6153802032096507 0.10687603558899425 0.17457433674699843
0 0.5041608483640259 0.4381491162508909 0.10926620653952135 0.19497784200867016
0 0.659012763420235 0.8175496479620964 0.10569553756616053 0.1838583314853266
0 0.8297444160819734 0.741041813916521 0.0909327006080222 0.1658517841302798