0 0.384048238794652 0.9210988160603868 0.27402199430041685 0.15780236787922633
0 0.11092247616121462 0.7734062046240685 0.1845594507974307 0.14324198165323576
0 0.44924335980430496 0.6058202914671067 0.2653016109416668 0.18901808996629618
0 0.7209306429549646 0.9175991705628185 0.2422264804327085 0.13732832493918182
0 0.7432264830950688 0.7653645048717739 0.27176981648875015 0.19842945140261464
0 0.4650164430105551 0.46526801433974363 0.27464024335048626 0.18751013212077386
0 0.7796939260087148 0.6085241524124457 0.30127547853284736 0.19078966822512733
0 0.1773164212590621 0.472189138269094 0.2838697729857641 0.18131467427525153
0 0.253630227014236 0.18118740924813692 0.2536367591180557 0.1577044574527388
0 0.49717759242121495 0.32559243598271653 0.2669368461240279 0.1921521803253758
0 0.18907415169177055 0.33630163524403184 0.24604246466513904 0.16703400565734078