0 0.9998128737886685 0.8356732325017816 0.00037425242266309056 0.10033319994353027
0 0.9740755464330448 0.7415893035343517 0.05184890713391042 0.17779034200867017
0 0.9210273200661568 0.5724444613845072 0.15794535986768637 0.1926256577089811
0 0.7651815116520678 0.2519484928133639 0.301157580457717 0.21205746814762022
0 0.7368850829787323 0.8905552374811048 0.305145957929556 0.15782499445597936
0 0.6465446702217131 0.7428527558263692 0.28953166560701077 0.22382942605424533
0 0.5409181110513197 0.5560345662650084 0.3049381443196872 0.22161447867096395
0 0.6847077717915265 0.11073122958859713 0.31020479852673155 0.20791599971765132
0 0.4292107966851463 0.4056544056428425 0.34156405917039334 0.21129860495108832
0 0.8929794576774546 0.04316211091863185 0.13595891535490914 0.0863242218372637
0 0.5956838405971755 0.03680423705758189 0.28511768119435105 0.07360847411516377
0 0.36566783070981845 0.24854683190884952 0.3204867346647612 0.19917803654935423