0 0.9573872570373656 0.24580368336082428 0.055288069561953535 0.12167642319868044
0 0.17455224974789846 0.06820912773839168 0.2322876121366005 0.1330638672470434
0 0.8748050779367015 0.5125114617323542 0.18395937278026225 0.13321697994174037
0 0.8194494865063466 0.0427591836900287 0.22875842055068923 0.0855183673800574
0 0.7612167334042536 0.16341003516846148 0.20827095792955602 0.14639894154108052
0 0.6957124296817417 0.3196887789002553 0.22211493664223275 0.1436831185006847
0 0.8414466386965789 0.6327701374383171 0.2276001121366007 0.13292747492717538
0 0.6227998175451412 0.4481153072717852 0.25081909084927717 0.13048443652651548
0 0.8897866776649295 0.9003464308535418 0.06938342055068958 0.10025606426490725
0 0.7798539388127942 0.7554096670634883 0.22022465471124733 0.13895015439406197
0 0.5873872054085407 0.5754506970843709 0.2347570482746301 0.12377979546028879