0 0.15 0.8546875 0.0859375 0.15
0 0.1046875 0.2078125 0.0875 0.153125
0 0.225 0.840625 0.0828125 0.1453125
0 0.3203125 0.8046875 0.0828125 0.15
0 0.1984375 0.18125 0.0828125 0.153125
0 0.5078125 0.7171875 0.0859375 0.14375
0 0.1640625 0.63125 0.078125 0.153125
0 0.2625 0.6 0.09375 0.1359375
0 0.371875 0.565625 0.090625 0.1453125
0 0.590625 0.690625 0.0828125 0.15
0 0.4625 0.5234375 0.08125 0.1671875
0 0.625 0.8625 0.078125 0.1578125
0 0.778125 0.79375 0.0671875 0.140625
0 0.6765625 0.65625 0.0875 0.14375
0 0.7046875 0.846875 0.0734375 0.13125
0 0.5515625 0.5078125 0.0765625 0.15625