0 0.03488403069398194 0.9182773013278599 0.06976806138796388 0.16299087939029952
0 0.26816479102989826 0.7997035215682182 0.1728319324473982 0.23529312626704132
0 0.0641872062015498 0.5776659368664794 0.1283744124030996 0.23841812626704134
0 0.3874840923864876 0.7170086753554061 0.16718270974529412 0.24463176483072288
0 0.1909151827611652 0.4940171238311545 0.17200991208933253 0.27121244554888213
0 0.45809127930970595 0.9313615459651068 0.14122338217054295 0.13202268052176755
0 0.711234868143224 0.8564786788714475 0.14440654379845022 0.23044199980360816
0 0.520445589147285 0.6529774707313376 0.17595693244739827 0.23531130698520072
0 0.5846933521040951 0.9056343172387372 0.14030123226282817 0.16637949980360817
0 0.32789355105204754 0.4526103529503073 0.1614333574935408 0.25240790339440444
0 0.5942368491694344 0.30580248888171024 0.19831159623477373 0.29167039129415606
0 0.674321560769655 0.6403678655415351 0.16421839605020364 0.22274767447164337
0 0.8225716887781449 0.7886684892744936 0.1500953392949434 0.24609427088084707