0 0.9358572804831009 0.17582189684070273 0.12492109514371955 0.11320983020561534
0 0.19925820242814019 0.06638374271053295 0.18585859514371963 0.117470995308423
0 0.9152288802456742 0.2659716494385928 0.16072220282385175 0.11103532500983526
0 0.9012452851019546 0.36989432493296065 0.1827790592503426 0.11881497402109957
0 0.15942516112448651 0.17084736758448216 0.18576766693047428 0.11434599530842302
0 0.7939626678549111 0.5862845134167788 0.17652905925034226 0.11837793144645267
0 0.7005191740566102 0.16562816996961163 0.1856312746106063 0.10965849530842298
0 0.6633564916867298 0.2859353161308843 0.1672904515702104 0.12240986758448216
0 0.6074665413701607 0.40415008456821616 0.17652905925034226 0.11837793144645263
0 0.7381098214575502 0.6763196515322798 0.18259720282385175 0.11256497402109958
0 0.5509317333734596 0.5176227226837172 0.20447220282385156 0.11409462303236388
0 0.9203169162055584 0.7368140271625336 0.11683581050398359 0.10328852698730664
0 0.8684037605578553 0.9335908381745124 0.1758470976510022 0.09494043144645267
0 0.6959784942605193 0.7790568854407363 0.17652905925034226 0.11837793144645267
0 0.9049072133817069 0.8359399420132398 0.14013691818411544 0.10023993664223249
0 0.5274822100164946 0.6240148343161147 0.19022784639736087 0.10686127723940828
0 0.43071955562243264 0.828615216983734 0.21898934389007838 0.13070296882531948
0 0.6956482221571955 0.8980254067280597 0.16697220282385156 0.11147236758448216
0 0.8213492526402965 0.9843082060879708 0.18526756175762493 0.03138358782405852
0 0.05054660312778544 0.607222274137315 0.10109320625557087 0.10819454827463008