0 0.1377548336393613 0.07892390983731211 0.16910042848861026 0.10093630698520062
0 0.8062337666698994 0.08128778133077552 0.172352974246245 0.10251698770335986
0 0.16932344015753986 0.1592472140920382 0.16403029121570664 0.09622153590796176
0 0.18694111697916022 0.2505943767580207 0.16910042848861026 0.10093630698520065
0 0.8374515578856061 0.17646392594458127 0.17184279121570684 0.09626698770335987
0 0.27286199683519796 0.45097110577897775 0.16272288273097574 0.09933744554888228
0 0.36785679288269657 0.10181546741168793 0.17002519970043756 0.09313289734428025
0 0.39618870015947955 0.20951433792319268 0.15529302000387926 0.10397949375348406
0 0.44183565319389706 0.3186757144848217 0.1645404742462448 0.1024715359079618
0 0.31965699062628017 0.5358955516224475 0.16871779121570665 0.09624880698520073
0 0.48638249183422816 0.4239353862259905 0.18447033697334128 0.09790221057599684
0 0.12723024562725 0.5628085513278599 0.17002519970043756 0.09313289734428025
0 0.19880171199758703 0.7406017532214537 0.1597573793969958 0.08214085518980241
0 0.35315475896316956 0.6302768106976337 0.16285042848861025 0.10089994554888229
0 0.16099908093360124 0.6509352652235064 0.14607751666989946 0.086746541958086
0 0.5043190330499348 0.519188798891973 0.17289510818516848 0.09002607806243948
0 0.5821882968448964 0.7071064345287883 0.19968074879205205 0.11204652380771343
0 0.3490090060882316 0.7326932835702707 0.1545277454580721 0.09460449375348415
0 0.23727402275813106 0.8193216508603216 0.16925992515463034 0.08375789734428025
0 0.9352271080402363 0.5704906610156625 0.12954578391952723 0.09626698770335977