0 0.3793093814815622 0.6007581570044287 0.1004987015966055 0.17163277297895937
0 0.3135398014435061 0.620638662864525 0.09925453657757739 0.17934514342931002
0 0.25464100942872114 0.42467412322812786 0.09600220258518863 0.1760198843300113
0 0.3250662559686801 0.40371197871908376 0.09699169961943914 0.16205751387966066
0 0.30818243387647043 0.8544023935861935 0.10850220258518864 0.1768209207272058
0 0.44651412752722947 0.5776525215946833 0.09555653361182799 0.16508238433001132
0 0.24859789235597712 0.6608316687246211 0.0973737015966055 0.1714325138796607
0 0.19072043087353988 0.4514857495385747 0.09568386760421674 0.1682073843300113
0 0.3873925010257642 0.3762192319582862 0.09393036661563352 0.16341975478036197
0 0.2635690459691176 0.2016476334071607 0.10037136760421675 0.16850777297895922
0 0.33037454399195126 0.18796706277223985 0.08892453163466155 0.155306866131414
0 0.1940842169196447 0.22646596314138012 0.09855419961943915 0.16215764342930994
0 0.13238005437207462 0.250002395127353 0.09236786661563354 0.16331962523071264
0 0.06774189281308766 0.27842658621262445 0.09443970258518868 0.17591975478036198
0 0.03035198075980915 0.3027547601790328 0.042495200608022324 0.1632404796419344
0 0.18257364433314346 0.6744621745847172 0.1023158695813831 0.17798290252860854