0 0.7822385719638 0.8050200417067114 0.19044952564056317 0.11314242337435161
0 0.7950917905322685 0.6806351963721281 0.20382282092583354 0.13298603166842557
0 0.8149398717971842 0.5576467557029614 0.22279114474715095 0.13931394410953662
0 0.8527930903656529 0.4354491269565261 0.2179580955329392 0.13577884099925885
0 0.5663418600103599 0.4888312393031008 0.20458480024766884 0.11593523270518488
0 0.17640379487549473 0.7935913409992589 0.2267166654253155 0.15677484618305507
0 0.19935975951502188 0.6544017018852311 0.23572779238978617 0.14978255240361057
0 0.20342017494033734 0.5166966503300922 0.2257705955329393 0.13646234618305506
0 0.5145994617485522 0.7408141128657396 0.2195205955329392 0.13591554203601816
0 0.5121187787454442 0.6088122571635638 0.22689644789030408 0.12722404721981437
0 0.8636471612914862 0.3203025805851835 0.2177397717116218 0.13109134099925884