0 0.6673380118056608 0.19508112166283917 0.14985559601642037 0.2515292797373264
0 0.5127459605759969 0.20338054330499372 0.1749646803253757 0.2715894742194025
0 0.3565323220123153 0.20144182779201855 0.18447603571156995 0.29551829715018096
0 0.20956641842151907 0.17811943520982187 0.17817149355709233 0.285815748529662
0 0.37175890885535345 0.5365128686106214 0.1562055899662962 0.2690443283578453
0 0.8706474233914889 0.9018258087394837 0.19178856596219102 0.1963483825210325
0 0.696446854109648 0.8883376402073475 0.18734650565734084 0.22332471958530498
0 0.5293138962641258 0.8872454517181652 0.1748828670936593 0.2255090965636696
0 0.6716589149054777 0.5350477023955338 0.17977035499341093 0.2921476356847917
0 0.5248793636758137 0.5437565598133371 0.1687055899662962 0.2696994255988834
0 0.07529141237139489 0.1882646398686632 0.1500192224798535 0.2796542797373264