0 0.6520455154212754 0.0996031354408781 0.13951033360249454 0.1992062708817562
0 0.526714278813956 0.12466262786799787 0.16483761606989872 0.22905756134007813
0 0.403590424511885 0.1469419103521355 0.17612967207625302 0.24975200725639413
0 0.2754790612813602 0.15219738394326568 0.1697705779204517 0.2432837524470707
0 0.43106045413662003 0.4219319866683381 0.15074784253094825 0.22700398801910052
0 0.8812412808392557 0.6852875815040441 0.19186376623205453 0.2565476442797028
0 0.7352020779171564 0.6935142876719791 0.18575013392680617 0.26414188947037937
0 0.5971662897677095 0.7124056753282599 0.16985239853730275 0.2479712524470708
0 0.6741149788933865 0.37357629910472456 0.168235351459402 0.24479168874473983
0 0.5558286290555421 0.40428564048186966 0.15856034253094825 0.22727680653075472
0 0.1486262349824663 0.1847693256832304 0.1650558043815013 0.24155756134007816
0 0.3059513599808187 0.4200470828548066 0.16203989853730275 0.2476984339354164