0 0.147595173904884 0.301517569085449 0.21186585149293885 0.12618174668035032
0 0.17223417700697713 0.43051472267624524 0.22891123986054138 0.14658515027114644
0 0.1880609088217468 0.5563368792921035 0.24831680372251178 0.15606923458010194
0 0.18613741192383992 0.6851794967785462 0.24330152179152656 0.15135446350286302
0 0.4662951694654085 0.5595174632082754 0.2264746547112475 0.13407605991206673
0 0.75632604567674 0.13950144164005726 0.2556594101591291 0.17173059601642032
0 0.7572215461809432 0.28632189948557957 0.26292560694082034 0.16396354781181852
0 0.7677816237886684 0.42617019466511935 0.24798902179152654 0.15138173458010193
0 0.427626881330237 0.2968992885402404 0.24486402179152655 0.15136355386194272
0 0.45366449346683757 0.4235617824901162 0.2285834579295561 0.14189765027114642
0 0.21101136180762442 0.8063686955488821 0.24297373986054138 0.146666963502863
0 0.45784852095834727 0.6844174692583996 0.24889595792955607 0.14201582493918147