0 0.8855730586438574 0.2839534918169336 0.2288538827122853 0.1502083642426358
0 0.8670973656628614 0.4276935681331361 0.24820349512873605 0.17419150126594438
0 0.8618485783241935 0.5742957496214819 0.2718046363624381 0.18438495680090733
0 0.8706077439076246 0.7182640044308053 0.25291826866768624 0.17591769237293686
0 0.5462508518631438 0.5648363817506489 0.24949325973923261 0.15862106496827516
0 0.1842716343338432 0.08997770317271013 0.26541826866768636 0.17635420199158378
0 0.19082341761202617 0.24167661242853727 0.2875932775961402 0.1943055938242158
0 0.1920155450460105 0.39943454872620643 0.2701603157455871 0.17964289309857628
0 0.5549950117678275 0.2606399550716267 0.26867963636243813 0.18427582939624546
0 0.5474706582765354 0.4110665410064761 0.24809440097293473 0.16794150126594437
0 0.8526953153352548 0.8550546763005041 0.2481489480508352 0.1710665012659444
0 0.5682503571381495 0.7069246780297846 0.2730944009729345 0.16881452050323809