0 0.323260996376156 0.3345351230455876 0.08252494182452982 0.16914997579950325
0 0.2435256989515316 0.32391980991206687 0.07704021637033698 0.1784886143631847
0 0.2565510838085392 0.5504504936552882 0.08290757909743345 0.17383747579950323
0 0.32614610668735644 0.5516362646343312 0.07850712152108805 0.15819429508134383
0 0.16006026833688938 0.09541756001026272 0.08915757909743345 0.17387383723582167
0 0.3975275438007805 0.3451186199223296 0.07563721303635713 0.1613011143631847
0 0.1709491972845416 0.31490790339440444 0.07627494182452983 0.1691136143631847
0 0.17907978805090463 0.548438020880847 0.0766575790974334 0.1738011143631848
0 0.4029477227484327 0.5645771470496926 0.07563721303635713 0.16130111436318478
0 0.3363653559384504 0.7820550176593933 0.08214230455162622 0.16446247579950324
0 0.414952741544364 0.778607830792914 0.0690045757634536 0.15657725292686636
0 0.26300760427146047 0.7730385659621911 0.08163212152108805 0.15821247579950323
0 0.18886860260447053 0.764017569085449 0.07407471303635713 0.16129202400410508
0 0.11785460093748057 0.7550147529268662 0.0704075790974334 0.17376475292686636
0 0.06877937214930789 0.746920451795398 0.028889758793991673 0.16259090359079612
0 0.0961564913751862 0.3074448613381226 0.08290757909743343 0.17383747579950315