0 0.42997471544850674 0.6930117152586998 0.24797402991878953 0.1501970148871962
0 0.4507959600498359 0.7991354367226524 0.25861114126984164 0.14601893713693706
0 0.7423838803156164 0.7426137247692124 0.2543241594684389 0.15205061331561964
0 0.7130888016611312 0.6501158556626245 0.23194851172019212 0.14321926881613756
0 0.22857740591546935 0.936376301695411 0.1739357526208936 0.12724739660917805
0 0.4119478038205995 0.5940284057054057 0.2364357526208936 0.14031259263745516
0 0.4710664921280938 0.896665408186605 0.24591088217054297 0.1423117402800905
0 0.773792171493173 0.8437781184829062 0.2522610117201925 0.1441653387085136
0 0.6963740661591007 0.5472990707164365 0.2364357526208936 0.14031259263745516
0 0.9455580336194174 0.6003321412279852 0.10888393276116518 0.12998721463952717
0 0.9292228323551133 0.4973698070675853 0.14155433528977354 0.11716188296032684
0 0.9571556701088969 0.6952636515670674 0.08568865978220615 0.13074919396136267
0 0.9658285656976753 0.7923933626919378 0.06834286860464936 0.1239897717116218
0 0.972738702187155 0.8863252992097024 0.05452259562568997 0.1236258986760923
0 0.49227896051126124 0.95954843610348 0.24985790252860857 0.08090312779304014