0 0.3234492425446596 0.4297023150126078 0.06525659012915472 0.15341178454774695
0 0.2542362412910184 0.413089028797871 0.062404374768890845 0.1625316930324779
0 0.23982308564331517 0.612387527130881 0.06543844655564542 0.15966178454774677
0 0.3014736394833812 0.6197693345574452 0.0649838054894186 0.14403678454774677
0 0.20697611104534425 0.2071899730382968 0.07168844655564541 0.16017196757828503
0 0.38802020790492353 0.4443704639544411 0.06194973370266403 0.14690669303247783
0 0.19118231182413176 0.4001109256136723 0.06213159012915472 0.15315669303247786
0 0.1719225318032492 0.6044955366737789 0.06231344655564541 0.15940669303247787
0 0.3675389086837111 0.6369087792569129 0.06194973370266403 0.1469066930324779
0 0.2838445556224326 0.8219377413751863 0.06516566191590938 0.15028678454774677
0 0.35422525178236663 0.8253335504687402 0.0556088054894186 0.14327151000193972
0 0.2208133582088574 0.8081783881909874 0.0649838054894186 0.14403678454774688
0 0.1562196607952821 0.7942914892491543 0.058824733702663945 0.1466516015172088
0 0.09553221338170687 0.7807234547014075 0.056063446555645435 0.15889651000193972
0 0.033282265968131615 0.767027874396026 0.05579066191590935 0.14952151000193972
0 0.12654315030393387 0.3877865266718391 0.06534751834240007 0.15653678454774686