0 0.7864716075471179 0.9486510204650724 0.19462584138279587 0.10269795906985521
0 0.5767783588007592 0.9321451939162492 0.20151233887551356 0.13570961216750171
0 0.37551973568122105 0.912307988466468 0.2116147645814764 0.17538402306706402
0 0.17581525237426845 0.9218827233148914 0.1972962003165691 0.13202900723608907
0 0.344878523290458 0.5929775525772479 0.20191681881725376 0.34444712008095946
0 0.9208126051728496 0.17010653437142387 0.15837478965430093 0.18335248982323468
0 0.7310263426364372 0.1646809707128995 0.22855822367353404 0.24131547602842476
0 0.5131030567430599 0.1548202125722991 0.2168311134861197 0.26722287878738676
0 0.7594267565974105 0.604562342264197 0.232286280416594 0.36944047602842467
0 0.5470404168639673 0.5973319391665507 0.2158883906040085 0.3420591044771271
0 0.15461723614343945 0.5954873196514182 0.21537156505633007 0.37791471732199755