0 0.9027616081754957 0.24009855722628098 0.1818707184025193 0.252315869581383
0 0.7628515325860638 0.20914167038187342 0.191500386387297 0.25894787155854937
0 0.6283929609509646 0.15924378254888266 0.20320189034162972 0.27814354053191015
0 0.5021288912930318 0.11187662300424313 0.19574221741393635 0.22375324600848626
0 0.5108102356283629 0.4416981382901013 0.17418555239490824 0.2551225346004111
0 0.7786517212567259 0.8932964944884304 0.20754719764227278 0.15508804250907637
0 0.6388689796596829 0.8592146076440228 0.21235671444818677 0.23483920950527093
0 0.4975237380626398 0.8251963877958097 0.1987690583264073 0.2842025395433268
0 0.7860092123966583 0.5404579959713052 0.20001322334543534 0.27645370653952134
0 0.6430205577577536 0.4893477766173836 0.18674921939110262 0.25719437056996614
0 0.37330089574165615 0.09332955285201879 0.1846482085166877 0.18665910570403757
0 0.384195997491361 0.3907006654761386 0.18926672433401848 0.2806955375661606