0 0.8802724082661783 0.8348243757246602 0.13234084308955402 0.19821384364130096
0 0.7512707094958422 0.8289406507295094 0.1840942406302261 0.2352353536432404
0 0.5965513932390636 0.8360989307353284 0.19353287314378348 0.24693812818904776
0 0.44974457093216075 0.8598069819529748 0.16527151775758925 0.22120480455162622
0 0.6261287671684139 0.5460480155826376 0.16713399960721648 0.27289485030926064
0 0.9307369155928488 0.1670152513286342 0.13852616881430252 0.3129140724294736
0 0.8075317406302261 0.15449888906057976 0.1907351260706495 0.30293303667377874
0 0.9255913942210222 0.5331504343591724 0.14881721155795552 0.2858094384905499
0 0.7894236527070333 0.5350632339098287 0.17963399960721665 0.273915216370337
0 0.3121173059050461 0.8491560086248138 0.16997719847574838 0.22471244182452993
0 0.47529752019347604 0.5497624311943703 0.17977944535249044 0.29891521637033697