0 0.20763374511844906 0.8813076962376742 0.16721154671393004 0.22312078453190337
0 0.337912278504544 0.8549549038478881 0.17230822367353413 0.2374016083532208
0 0.47494927725090275 0.8376496257261257 0.18544472116625169 0.2598588052100677
0 0.6076935810909687 0.8338075341221277 0.16614915188677948 0.2402355099247976
0 0.447172584389674 0.5588546916895604 0.1696378647397609 0.25288105913900905
0 0.043357543415224714 0.26117078639393015 0.08671508683044943 0.26203342721213974
0 0.1336091557142102 0.2613826480569199 0.19366639812585582 0.274285178245597
0 0.28218304803407823 0.24978156038186344 0.18080268527287435 0.2612029813887501
0 0.16905594457708836 0.59833468445085 0.1806662929530063 0.25651548138875013
0 0.30434858689695643 0.5873521809361935 0.16762072367353414 0.23718328453190338
0 0.7347561862638182 0.8107252909465533 0.1674843313536659 0.2324957845319034
0 0.5776867984962967 0.5512155119962212 0.1697287929530063 0.2560060591390091