0 0.9181334182251273 0.3075383521244034 0.14657605991206707 0.2188783640197264
0 0.7906124062230748 0.27558782344044963 0.15285333098930565 0.22363858935390812
0 0.6606658309893058 0.2295475227561777 0.16235559601642038 0.24562267735518084
0 0.5353340328828997 0.17106176607254212 0.14505901170746505 0.22667268268618096
0 0.5754878968533009 0.49338220874440547 0.14825673458010194 0.23920904535327187
0 0.8678314956001957 0.9209424927195885 0.16659766842151918 0.15811501456082305
0 0.7442076432390635 0.8881930800445434 0.1669703731437835 0.2236138399109131
0 0.6095826583643742 0.8484424260820871 0.1576771863754999 0.24713063335454458
0 0.8408816135776178 0.5909951947803584 0.15918514422102242 0.23777381468808975
0 0.7140554931643088 0.5442100067631774 0.14816583098930564 0.22358404535327187
0 0.4218027980082102 0.12677486939049737 0.1498010538619427 0.23610222668681727
0 0.4611345053627532 0.442054971395588 0.14827491529826115 0.24233404535327185
0 0.3738037187674203 0.7386748853834977 0.1623828670936592 0.25031017735518085