0 0.18334971638817205 0.15385111104534424 0.2082183596955513 0.13091033386094852
0 0.17891027270023196 0.2819533789920329 0.2130331936879401 0.13417172618081655
0 0.1625610780237087 0.41508412773839165 0.23210152866891204 0.1425297954602888
0 0.1329306333471854 0.5486013213910432 0.21583985870696815 0.126450154394062
0 0.43285899057127875 0.4267273552393565 0.22677735870696805 0.12676840314042065
0 0.8271408201522243 0.05211145163671736 0.2363433596955513 0.10422290327343472
0 0.7932685444490618 0.16107464535587593 0.2447288626613009 0.14601850831327018
0 0.7671941812934694 0.3030719287419708 0.23503552768032882 0.13793322367353406
0 0.47131263140720014 0.1532754833734596 0.2272866946765232 0.13926840314042072
0 0.45352827072306556 0.283326696226441 0.21284219269935695 0.12948422618081654
0 0.11409310863260606 0.6661979983506473 0.22696835969555132 0.13145590314042083
0 0.40842538186431065 0.54760815657214 0.22996602570316255 0.12842183135366608
0 0.7109773788985612 0.5528506198873399 0.24147652866891214 0.14280258010002492