0 0.0872736828607095 0.9647170649348082 0.16440098960843982 0.0705658701303836
0 0.024804167991236553 0.6749687723211344 0.049608335982473106 0.3108750446422688
0 0.16541973423743275 0.721732498375147 0.18791417130699398 0.32164099512873606
0 0.33903755069729324 0.7333672479681098 0.16767808096192 0.34469666558343126
0 0.6601752233416696 0.8054600308392559 0.1597891713069938 0.32115007142762986
0 0.8160592365832212 0.8246072715037649 0.17785075645628795 0.33395008035608387
0 0.9225059785374496 0.8400272382272295 0.06222575645628794 0.319945523545541
0 0.06632448650634667 0.2777898092527653 0.13264897301269335 0.3274546185055306
0 0.22992889255497645 0.31376603977100476 0.18802343195065568 0.32320349512873603
0 0.5551695571535811 0.40548553002847676 0.15088406487037656 0.3053887037328782
0 0.7163202246021771 0.4388043648487874 0.16691325645628793 0.33375916558343127
0 0.2850962658394418 0.039393331166862555 0.17043246832111636 0.07164099512873603
0 0.45645781360986887 0.07210819399035029 0.17458437278026223 0.13101599512873605