0 0.8480382158025008 0.9927621820629031 0.19963763050895836 0.014475635874193671
0 0.8792323579949659 0.9369799510465849 0.22198671561506975 0.12604009790683007
0 0.8820108330156252 0.834875936536049 0.2359783339687495 0.1501938672260838
0 0.8816734529816322 0.7038035352912935 0.23665309403673557 0.1470688672260838
0 0.901186519186042 0.35372102491833124 0.1870662017473613 0.12959610207923689
0 0.8903016109416668 0.2546323294824346 0.1852127610179167 0.11697770290907376
0 0.8850309230620139 0.16220803114210852 0.1774002610179167 0.11638570705825871
0 0.8849750652544792 0.09279518031227156 0.15432513050895835 0.06316561867597636
0 0.6086308768966674 0.9937070688857578 0.18553876291777768 0.012585862228484502
0 0.6081931593817369 0.933580587981297 0.22296733415618064 0.1307567829929866
0 0.6229251937666673 0.7958796784381719 0.23121624525034737 0.15009877884380138
0 0.6154555730413547 0.6759932309276827 0.24655030452090293 0.1387827705454317
0 0.6367084047289934 0.44988101682045406 0.22921733415618065 0.1312303796736384
0 0.635761540937535 0.3421869159906171 0.23884690729444458 0.1428782746946166
0 0.6362135229857641 0.2275799643309432 0.2388105397032639 0.14131577469461662
0 0.3233655241231258 0.9770612526992923 0.24669446846486115 0.045877494601415235
0 0.33213915244788267 0.9009643844475231 0.23557643692972227 0.13639147635429083
0 0.34089394376666726 0.774508628223746 0.23277874525034736 0.1502171780139646
0 0.37375642268076437 0.5445969078927401 0.21809799620027787 0.12258908548249732
0 0.3828567061157642 0.4329849016689627 0.2387014369297223 0.13662827469461658
0 0.11248257550989664 0.9740770400419564 0.1059603656913195 0.051845919916087266
0 0.11195393901701463 0.8897388514545369 0.13077983415618064 0.12377123195336778
0 0.10564677478871591 0.7527833031142108 0.14978440729444453 0.13612952199532416
0 0.11218510267663247 0.631618698135189 0.1889560100679862 0.1437770012493999