0 0.04671890125310513 0.9085424001238345 0.09343780250621025 0.09833480024766886
0 0.03767115417997136 0.8174807524811992 0.07534230835994273 0.1412115049623986
0 0.0403421571068376 0.6988399143918581 0.0806843142136752 0.12892982878371625
0 0.041500657008641736 0.5668450516954111 0.08300131401728347 0.12431510339082212
0 0.23364010080900802 0.9431657648871962 0.19433178298109555 0.10902405128112633
0 0.23896392594458127 0.8340090887085138 0.23041472872636942 0.135697867244561
0 0.2257331938003663 0.690385367244561 0.23833631303532482 0.15481174028009032
0 0.2366075821676561 0.5674209021907491 0.25387949980360824 0.14147698635114897
0 0.21921659085005896 0.33295385690547885 0.2350931383672898 0.1343536910658786
0 0.2214335967037914 0.22052663151258467 0.2461124515990063 0.14892561331561965
0 0.22290116881430255 0.1025942688161376 0.24610336123992677 0.14736311331561963
0 0.5249918086545303 0.9507577870131027 0.25849427693097127 0.09848442597379474
0 0.5225758566627405 0.8440926798982268 0.24295109016268804 0.14253006410140792
0 0.5162991064663488 0.7140776941662506 0.23989881303532473 0.15488451488719618
0 0.48644447658507006 0.47277845202413343 0.22568177693097127 0.1276670434232436
0 0.4793182986955812 0.3544458289886041 0.24606699980360833 0.14111311331561965
0 0.8077634020386719 0.9646298500810533 0.23653746369925485 0.07074029983789351
0 0.8037167723537852 0.8759421091772811 0.24297836123992686 0.14721756410140757
0 0.8006241094914109 0.7359164226595165 0.23833631303532465 0.1548117402800905
0 0.7771416785768599 0.6082259162493757 0.2445863130353249 0.15510283870851377