0 0.1690303827975394 0.9594706252311092 0.18521134134309047 0.07723976458147633
0 0.1252343821212217 0.8896271381632328 0.19514996268299925 0.1259500492212126
0 0.11548611744108597 0.7906584407496577 0.18882723734881748 0.11951819279472176
0 0.09860660542645025 0.6833005818158846 0.16840564934754482 0.1095521594086268
0 0.047268635383497695 0.36828098706787626 0.08704656134627213 0.09781302586424748
0 0.043806733370452836 0.2722554332278103 0.08223179201145402 0.08673913354437941
0 0.031088010025453378 0.18665891402748042 0.058794292011454016 0.08605717194503919
0 0.026318146682044748 0.11255382429403711 0.050709072008272335 0.062392351411925784
0 0.3893701547978576 0.955403936197311 0.17890679734245413 0.07237040815498545
0 0.37740540945254 0.8674409349436699 0.19956474267981755 0.10264894154108042
0 0.3454548807685862 0.7409837350228121 0.20601473734881742 0.12001829796757128
0 0.3231702534213596 0.6392537504622184 0.2214942866804539 0.1079729390337981
0 0.2730413420591791 0.4281404057142102 0.205832924013363 0.10439329796757128
0 0.25313682737904336 0.32946722499368236 0.21375451201463572 0.1139956185006847
0 0.2379107220321349 0.22987640195328649 0.21373633068109027 0.1124331185006846
0 0.641404822127585 0.9214989829777481 0.2246192866804538 0.10806386724704353
0 0.6278139421148584 0.8281126958307297 0.20901246801399936 0.10917172618081646
0 0.5895952320973592 0.7002748523363627 0.20601473734881742 0.12001829796757128
0 0.5245952987348605 0.4872496666012699 0.19636701734563572 0.09630801332783498
0 0.4968782840547247 0.3888038064138555 0.20899428668045386 0.10760922618081654
0 0.8877434727879944 0.8682219041313646 0.20586928668045382 0.10751829796757129
0 0.8773321367759042 0.7794321887711007 0.20904883068109034 0.11229672618081654
0 0.8384594460932229 0.662554577330045 0.2059783746817267 0.11689329796757128
0 0.801994140077951 0.5510775197290553 0.20913973734881744 0.12010922618081672
0 0.47140502204008905 0.28169600006650697 0.19037155601527206 0.11800115690134447