0 0.5841345079741844 0.5769075487413113 0.17471231252120453 0.09427390871793265
0 0.6030506882814037 0.6475393574545996 0.1776736214142119 0.0898232070582587
0 0.3862004941791862 0.6960872916923415 0.17939981252120454 0.09462910622842173
0 0.37593262757429774 0.6263667875431566 0.16210318511654281 0.0902017153566284
0 0.8368552586071566 0.6807383306853906 0.17967263103285874 0.10244160622842173
0 0.5713592002623032 0.502677143347371 0.16511905771188112 0.08731351369695446
0 0.6258458367374576 0.7170939182424803 0.17298612141421188 0.08946800954776961
0 0.3995115152305785 0.7632272475012003 0.1776736214142119 0.0898232070582587
0 0.36078628801125123 0.5515327309044608 0.16511905771188112 0.08731351369695446
0 0.15336814681159144 0.668297868876469 0.16840774881887363 0.09223781203728051
0 0.14932299835553747 0.5973225180466321 0.15708830290255768 0.0804715178461393
0 0.17460079526764535 0.7379708288345127 0.16215774881887363 0.0917642153566284
0 0.1950521937236993 0.807702988377638 0.16506449400955026 0.08575101369695445
0 0.21296886922159527 0.8721439966760076 0.17745536660488848 0.0835732070582587
0 0.22331858137998006 0.9442082508251926 0.16646330290255767 0.08118191286711748
0 0.6346876125981733 0.7908390715618282 0.17939981252120454 0.09462910622842173