0 0.6902881615944958 0.96328125 0.26337726099766207 0.0734375
0 0.7313051705175655 0.8859375 0.28960971950581327 0.1515625
0 0.8196143443823452 0.6484375 0.24971842531467212 0.140625
0 0.8507244796550608 0.5265625 0.2301163203356503 0.15
0 0.8758214132681029 0.4015625 0.19862952199532424 0.146875
0 0.38503289914694105 0.93984375 0.26849173610255284 0.1203125
0 0.5125821717669653 0.7 0.25717572780418313 0.1359375
0 0.5664786116037845 0.58671875 0.2753104211654872 0.1484375
0 0.10953939013523603 0.8890625 0.21907878027047206 0.1578125
0 0.16042675330077033 0.759375 0.27973781203728054 0.165625
0 0.6171791964615819 0.4640625 0.2576260136969545 0.1625
0 0.33066320123546666 0.37890625 0.2678531186759764 0.153125