0 0.05046997795991094 0.7248214786293756 0.10093995591982188 0.28473204274124875
0 0.13314228656114122 0.7665694255151647 0.17373059070654362 0.3066555095477696
0 0.37432072254936904 0.8349363041398961 0.160794238701453 0.26820831618646535
0 0.4990389118794146 0.8496831205268542 0.1713499306969986 0.2362246103776066
0 0.6261553952100967 0.8595648381585678 0.16620789735836256 0.1968069128671175
0 0.08432845198122814 0.4091130456410337 0.16865690396245628 0.29114890871793264
0 0.3421013052594125 0.5181282350536456 0.15458060136854374 0.2708597195058133
0 0.4563177992520947 0.5633321460466634 0.17044195870463458 0.29235621120744354
0 0.16970287798377348 0.11651207116084288 0.18559424403245303 0.23302414232168575
0 0.30415005597550115 0.1572625126480473 0.18766582137172555 0.2967836020792368
0 0.5807450872454132 0.6030789624336215 0.1827056013685439 0.2729909045687478
0 0.6889143126193658 0.2959274680326988 0.17502037070336202 0.28333640871793264