0 0.07433972634803086 0.8840740275896198 0.14867945269606173 0.13145579715018094
0 0.0735423719558842 0.7926644555633524 0.1470847439117684 0.1382790072360894
0 0.08506168665438212 0.7097291248306579 0.17012337330876423 0.13662797602842466
0 0.07571837968685993 0.5917570528043905 0.15143675937371986 0.128985894391219
0 0.07494460166214077 0.2872742706922149 0.14988920332428154 0.1110680540475859
0 0.08718178029568308 0.18990794776143638 0.1525826081851685 0.09667800542706692
0 0.09888429696558253 0.10372478629604713 0.1419001997004376 0.09922979534115867
0 0.11256390181677114 0.03458636194035909 0.13373701333591956 0.06917272388071818
0 0.2636829572379896 0.9056679873368438 0.18147288273097573 0.10752697421940241
0 0.27270688405960997 0.8141798501817142 0.20216802000387935 0.11327900723608915
0 0.2744443404280073 0.6880677295349278 0.21151106909549372 0.13243844301173802
0 0.29022845028016575 0.590002043759279 0.2248082945496866 0.12380042740790564
0 0.28915951316674166 0.3839124960432711 0.21179811151914843 0.11689533016686778
0 0.30025612301890015 0.2860924717330116 0.2189409318225902 0.1281603787873868
0 0.3138878015075104 0.18580586669005747 0.21868584030732113 0.12503537878738674
0 0.5153889784498169 0.9002557117833888 0.2279332945496865 0.12396420171816516
0 0.5236156798172444 0.799474461783389 0.21530574879205205 0.12174660447712711
0 0.5169029073974691 0.6815842769122513 0.21476361485312837 0.13416471732199753
0 0.5070966990722179 0.46817355212702194 0.19878792848861018 0.10999023292582973
0 0.5151480572573863 0.3790701085494571 0.21530574879205205 0.12174660447712729
0 0.751661318298096 0.8933185577812314 0.20892820303441742 0.11985655585660808
0 0.7577515637561681 0.7996504449363613 0.21568838606495574 0.1264341044771271
0 0.758404881184672 0.6868195742895749 0.21151106909549372 0.13243844301173802
0 0.7488381757343585 0.575302220151132 0.2176335233378591 0.13120349163225703
0 0.5159448958977174 0.2740107943251059 0.1988835233378591 0.13022084577069998
0 0.7466049645341692 0.2595886889434674 0.2060582945496865 0.12281778154634874