0 0.22787108007211807 0.029271277513600102 0.21511716014423615 0.05154108260730732
0 0.2054155050339931 0.07077681591425988 0.23270601006798622 0.13637072367353414
0 0.15930553086954874 0.16936742860895676 0.190700348023889 0.14295569279472176
0 0.06256369633211845 0.4741565655185484 0.10577983415618064 0.11706313103709683
0 0.04922985457649353 0.5721394244523217 0.07416615824437509 0.10052884890464338
0 0.03404257209142416 0.6575768192794722 0.0398638934267362 0.10265363855894431
0 0.47131260875746533 0.05665344609342702 0.21450021751493065 0.09212061850068465
0 0.4182077521842015 0.15660197030832185 0.22696515634451403 0.1580638672470434
0 0.39086596181534744 0.2565194022824909 0.23768445079743064 0.1490071159934022
0 0.2985914620996879 0.4513568776718847 0.22500261284152784 0.14083090314042063
0 0.2657445541396532 0.5495526852728743 0.23314242116215295 0.15512072367353405
0 0.23609538136197972 0.6509644210871095 0.23306968597979177 0.15199572367353403
0 0.7238576869297223 0.13973168520636733 0.2298719507974308 0.1487797954602888
0 0.6639579696991321 0.24963187094146008 0.23012652393569458 0.1597172954602888
0 0.5593107565526045 0.44957438347787243 0.2123935100679862 0.13577969028743925
0 0.5278263268410768 0.5392219051854847 0.22827308320625014 0.14717183135366607
0 0.9447137411662847 0.15480407040009941 0.11057251766743051 0.09233591567683304
0 0.924874019851632 0.22296303701400455 0.1502519602967361 0.14976798244902279
0 0.901110517951771 0.33161061130804165 0.19777896409645807 0.15747283386094857
0 0.8556584264804865 0.4355563137361818 0.23161628875333343 0.1566377595669115
0 0.48331522026781304 0.6394204819868043 0.21439242116215293 0.1545751543940618
0 0.713531356760695 0.7359019915537157 0.2204969507974308 0.14850701082055268