0 0.9883195772223263 0.3279066012789118 0.023360845555347252 0.18988085391920828
0 0.9424070119678472 0.285181892186854 0.11518597606430561 0.2128302721033238
0 0.8788199034947223 0.25666443560207874 0.1539290062682639 0.24025659012915473
0 0.7819617808695487 0.1874848750980952 0.1477881090418057 0.24476223370266398
0 0.4752195119678473 0.09033812430667239 0.12543902393569456 0.15667120031656911
0 0.3725484536472223 0.07329772532288677 0.11384690729444458 0.12822795157021036
0 0.2823410277354167 0.0550585391920826 0.11155705547083343 0.09693248746358767
0 0.20170862357510416 0.045685887701014526 0.09716724715020837 0.08246081050398354
0 0.977693161378507 0.549395156372619 0.04461367724298597 0.17815374373179385
0 0.9232472764042365 0.5218408062143345 0.12827438962701407 0.2114041644231918
0 0.8166874986688197 0.47189697901730343 0.14724259517409735 0.22132473370266398
0 0.700353330640799 0.43806388512722505 0.13815853590354193 0.23355194906292792
0 0.5014599293302779 0.3456166576927672 0.13154485999173637 0.2177450926364372
0 0.4023314450978475 0.31306491897553834 0.14270056553881966 0.22743834138279598
0 0.30165864466100717 0.2812489661516867 0.14113806553881963 0.22739287727617324
0 0.933645141429966 0.8008607164808911 0.12097103590354194 0.23305184389007855
0 0.8556285909931256 0.7697039932030684 0.14106533035645832 0.22426787727617317
0 0.7465068577106256 0.7103169698461034 0.14724259517409735 0.22132473370266403
0 0.5355492142838895 0.6026850116119755 0.12347778685347244 0.20658027210332364
0 0.4350582518029519 0.578681558788124 0.13630509517409733 0.22100648495630537
0 0.8752728630289592 0.9630649189755383 0.12725479065319475 0.07387016204892341
0 0.7818858857303828 0.9436867816702353 0.13590374525034737 0.11262643665952936
0 0.6696398056582646 0.9193256276718846 0.14789590539458342 0.16134874465623064
0 0.5648607334699313 0.8889304281799919 0.145716462765278 0.2221391436400162
0 0.3338217537028129 0.5226468559642723 0.14375391926229186 0.2056088054894186
0 0.2593893706284034 0.7461094365265156 0.13928462480937523 0.21484741316955044