0 0.08862861899615655 0.8223544971045159 0.1772572379923131 0.29394270678164425
0 0.20308864911679964 0.8374133398466694 0.2033429264973857 0.325173320306661
0 0.36549772090355426 0.8436323376750565 0.19543949828414037 0.31273532464988707
0 0.8270800785836862 0.8804571343033704 0.16771165188677947 0.23908573139325934
0 0.9401711119697811 0.865995682584314 0.07837636724704353 0.22678513192686936
0 0.06227737648475044 0.4859418081055519 0.12455475296950087 0.2968836162111037
0 0.20371575257378946 0.4999958076912671 0.1977916084715548 0.3088057274598087
0 0.3569544128403462 0.5032214691876412 0.18271217775102694 0.32682798138875024
0 0.6774343974009399 0.5392704009478948 0.17435410847155489 0.30771410835322077
0 0.8230651461472988 0.5351009394087396 0.19029735721791355 0.31937935442427945
0 0.9319316807870347 0.5307837746025966 0.11667800079142268 0.30970894789030423
0 0.05460493197416906 0.17602099855225795 0.10920986394833812 0.2332919971045159
0 0.1942858944314391 0.1788100124059968 0.19233121865896924 0.28202490363849114
0 0.518944913631769 0.20566588068401517 0.16447900329870535 0.2900899607105857
0 0.6617916431777978 0.18963211993064816 0.18078596489804538 0.3142552067816443
0 0.8213795918450144 0.21662276715899856 0.19416650329870536 0.29147267824559703