0 0.09816293532136353 0.8609207796251711 0.11411116689245618 0.15309155925034226
0 0.05965155472495447 0.6023808539192083 0.0695157191310198 0.25476170783841656
0 0.1429929992070305 0.629767719516899 0.17263407507848508 0.28740437476889086
0 0.39983722071289945 0.7378686906831506 0.16392081637205785 0.2699895542357774
0 0.5185396330827998 0.7701847486798518 0.17855652645796596 0.28133623119538154
0 0.6548766027796467 0.826415679796091 0.17518586499257688 0.2765578029821363
0 0.08587438150092022 0.28409986685133204 0.1354682677515388 0.26292120031656907
0 0.33987356399720864 0.4272206956977156 0.15380883197589004 0.2556542695960413
0 0.4578766135222388 0.46107652164110535 0.1688539778374471 0.27481344655564544
0 0.1413110747398008 0.061836073436107274 0.15449714947960164 0.1199440901291547
0 0.2642472857302202 0.10051579169936506 0.17224457146044045 0.19066576708875888
0 0.5813860345985665 0.5106937399043632 0.17560194482076028 0.25472826708875884
0 0.6492541287873868 0.22794708755536525 0.1730501549066684 0.2655748388755135