0 0.8968204310631223 0.22796641929113237 0.16419741208933267 0.2788669945971538
0 0.7563944925987445 0.1723219059957784 0.19312344848652713 0.2930050893072471
0 0.6255345188169061 0.15211493579157492 0.17859987353266965 0.30422987158314985
0 0.3314526542266516 0.11106005538872876 0.1652196915466968 0.22212011077745752
0 0.20541058837209278 0.09461527900978234 0.17355382325581442 0.18923055801956468
0 0.0973873372923586 0.07602417370575819 0.1239753254152828 0.15204834741151638
0 0.8937724676172003 0.5791726035202343 0.15057500308231903 0.30920694198043536
0 0.7923496699612388 0.5586164507905763 0.1809238371354752 0.2969645472138723
0 0.6614594178017704 0.5242099006635194 0.1916610780361765 0.2944765840455752
0 0.37586997609819006 0.413975139857827 0.1607720234403846 0.27399748407381014
0 0.25440478871354644 0.37824130816073903 0.17643659623477373 0.29981653142885667
0 0.8066882680509391 0.8449865902954675 0.16654235965300898 0.2182935156438411
0 0.6939577305740102 0.8429907217666764 0.1754562846991515 0.23593604195220053
0 0.5569781647194514 0.8307321874246352 0.19212215299003396 0.2773800893072472
0 0.4252263194075284 0.7854791425592501 0.19352396668512437 0.2992550893072471
0 0.123484258176448 0.33216151066451804 0.18400926434108594 0.27223756299888785
0 0.05409151295680997 0.6396547632247668 0.10818302591361995 0.2831904735504665