0 0.8734530308689802 0.17554716163912207 0.17000039800926353 0.30572090263916635
0 0.7258344024202777 0.17290876013125142 0.1523968181810801 0.3259554901980553
0 0.39514764642738387 0.14923043751162068 0.14656289800926361 0.29846087502324137
0 0.25381663952997896 0.142510837276065 0.1611167209400421 0.28502167455213
0 0.11010426108127647 0.1331740849669908 0.15791647783744706 0.2663481699339816
0 0.9314813783371608 0.5818566587644 0.07970294662978254 0.3040422425071295
0 0.8211956535519315 0.5642870328926868 0.17016417231952302 0.30884590263916645
0 0.49123923790267077 0.4943906552775473 0.13801341361309588 0.28892438190398123
0 0.35295134385013605 0.47693789806750075 0.1518236080951718 0.3150179901980553
0 0.8918202555426678 0.8489559758709276 0.11345606965141783 0.1467956704996296
0 0.7565378527837059 0.848348966068983 0.16164126413349428 0.17589670160240695
0 0.600816797265782 0.8370874202632883 0.1658241530976463 0.22603340263916616
0 0.20191446630594473 0.4504908496699079 0.16581086499257686 0.2851350005656478
0 0.1334046472203534 0.7932148833645837 0.15881723654387433 0.30007649538185177
0 0.02938877035353062 0.7709673194156019 0.05877754070706124 0.28306536116879605