0 0.7632821726153798 0.032451395048911695 0.21406434523075965 0.06490279009782339
0 0.8073766373473085 0.07386535032470098 0.2417875261445091 0.14773070064940197
0 0.8621368375570897 0.1624394008046937 0.23530072780418293 0.14904225768074625
0 0.9559227263542904 0.4703513403660546 0.08815454729141906 0.12593941567207595
0 0.9754548989696705 0.5702225377493362 0.04909020206065904 0.11943181043863901
0 0.9956499224148871 0.6614544825017818 0.008700155170225798 0.10189569994353036
0 0.5337489605827436 0.054788033097210566 0.213804236102553 0.10957606619442113
0 0.5854909045687477 0.14637957422810324 0.223037526144509 0.15143921558737147
0 0.6350074977249149 0.25099918479379923 0.23470873195336797 0.14122975768074625
0 0.724736539016271 0.4513639348643864 0.2216167361025528 0.13268921558737148
0 0.771861837981297 0.5451370506917542 0.2304948286340201 0.14720674189573071
0 0.816761786116486 0.6406091744116299 0.23025803029369385 0.1440817418957309
0 0.26859755726339574 0.06716162507058718 0.2375969336130419 0.13432325014117436
0 0.3030685682610579 0.13693376869820015 0.22713303029369403 0.143899731372387
0 0.34640601639624685 0.2324968976797476 0.22616252614450919 0.15162122611071516
0 0.466840606027929 0.4342120451477337 0.21032403859206386 0.12736467875566854
0 0.5082011570675474 0.5243974293909531 0.22521533278320494 0.1391212261107153
0 0.08534827199532426 0.1425522500705872 0.15790943361304194 0.13364549985882562
0 0.10334217801396453 0.2246822106080483 0.18182053029369402 0.1412605787839034
0 0.1231237269789905 0.3200479185146735 0.20741252614450914 0.15052916297065302
0 0.1688049251141795 0.4154745396037132 0.22940592531467216 0.15336573663405878
0 0.5580254035430625 0.6227215373258131 0.21006392946385688 0.14446117349399668
0 0.33510996703023554 0.704758305529903 0.217639631123531 0.1417911998023559
0 0.3831232597714842 0.8102501713572711 0.21354412697434616 0.14933068401734034