0 0.21099215748187578 0.9377870214671526 0.3089412017473612 0.12275304787138915
0 0.20068847748600765 0.8309376094230554 0.32311411094166687 0.19491898860083348
0 0.15321079939000054 0.671799651976111 0.26337543502986127 0.17791202013597243
0 0.0508390674386807 0.16922147226458328 0.09738675911805568 0.15843205547083344
0 0.5704756070450354 0.9004980417000343 0.3146469943004167 0.1666121506449308
0 0.514185973401945 0.7321851060045829 0.32623911094166685 0.1949917237831947
0 0.464818486985313 0.559021016148819 0.34924019984750015 0.17678723765090307
0 0.3848887187492016 0.24821210913871497 0.3239856267092362 0.16526785619201415
0 0.3515644596311459 0.09280346281373256 0.3385209053945835 0.1856069256274651
0 0.903932925530556 0.9049789878447214 0.19213414893888797 0.10650849240055571
0 0.8915225380877434 0.8130460609829854 0.2169549238245132 0.1757676386770836
0 0.8708086881639933 0.651763722077152 0.25838262367201353 0.19070296086541702
0 0.7794764797671183 0.3422088437523952 0.3082151563445141 0.15865418028020867
0 0.7342698164887501 0.17989133491867995 0.3367401998475003 0.1764962969214586
0 0.6788893726251737 0.06026012709048589 0.30152874525034734 0.12052025418097179