0 0.25100339245151804 0.02910256817505799 0.21674321509696393 0.05820513635011598
0 0.2227187053577313 0.07688482287082807 0.2525091655834313 0.15376964574165614
0 0.15618399594281024 0.17631846638817206 0.25240007142762994 0.14768671939110262
0 0.07177203977430002 0.5180059006845721 0.14354407954860005 0.1296131986308559
0 0.055932805602612615 0.6318919871484188 0.11186561120522523 0.12684102570316255
0 0.030759481739350714 0.7320975755894319 0.06151896347870143 0.1045548488211363
0 0.023527634337138476 0.8362584935742093 0.04705526867427695 0.08685801285158128
0 0.4937266806009649 0.03823087596999265 0.21879663879807013 0.0764617519399853
0 0.4537817447249942 0.12281548711123769 0.23057961850553052 0.14992038144438116
0 0.41360498376794563 0.2329690785180003 0.24442393019392786 0.1379933844101307
0 0.34719123092857185 0.45973450836577595 0.22712733603812651 0.1310430474519924
0 0.3093718567409984 0.5690113492782469 0.2382557508107789 0.14242621642535305
0 0.2754723693229001 0.6773477727002319 0.2382557508107789 0.14242621642535305
0 0.7421954082798307 0.059182057282052544 0.20506142126547394 0.11836411456410509
0 0.7168351237838316 0.16986826475438552 0.232169392044481 0.15154654844057552
0 0.6206247767886566 0.4040933675298547 0.21764324188232517 0.124411045474826
0 0.5945650629095086 0.5105489559708676 0.23658415665497756 0.13611254942915885
0 0.940872641640739 0.12638888429858755 0.11465460957707663 0.1280215237259962
0 0.9266134983784422 0.22767947026814267 0.1398455243497292 0.13997769566510648
0 0.9052412844992943 0.33394405772057256 0.17888075081077873 0.14000687056996633
0 0.5379684151829848 0.6221523008376714 0.21648984496658025 0.1477848784786316
0 0.7853422471639215 0.6729667484427632 0.2241659772718286 0.14029071345960364
0 0.7490308258984474 0.7853049223590397 0.21961484496658024 0.14791221247102032
0 0.022859432632855146 0.9057897435742094 0.04571886526571029 0.07279551285158128