0 0.15586552745107626 0.15263574602163538 0.25541746466513904 0.16855219470081662
0 0.1597685113991664 0.3206954026893626 0.2617765674386807 0.1733124200349984
0 0.14446755366788155 0.4744652926877717 0.2854686405769446 0.18452264003818009
0 0.12721123774781226 0.6304971166852265 0.2544224754956245 0.1639737827020893
0 0.47964198746347186 0.4775839387332697 0.278782229482778 0.16569991470399828
0 0.853632839855764 0.055257689449358306 0.1802343202884722 0.09269767202418071
0 0.8472354098598958 0.1622434861154947 0.23078114057694457 0.18388629336408946
0 0.846396342421215 0.3325923487825856 0.27122430262104197 0.1765465080362711
0 0.499924651976111 0.14335438940163323 0.2807084053945834 0.18134309603754373
0 0.4921270697197914 0.3104964360677696 0.2600685970739585 0.16704423870145294
0 0.12723780718326322 0.7782533640197263 0.24131859707395847 0.16682606269890776
0 0.4565648973233675 0.6297004220639516 0.28819359707395853 0.16737150270527099
0 0.8143410297321869 0.6354264474458585 0.29644250816812523 0.18621240937299816