0 0.7043026457339442 0.8745009086947106 0.335882505699983 0.13580132573423498
0 0.7297557498247731 0.766108068237836 0.37917331981405517 0.22145540581814754
0 0.7516350117289425 0.3976540661632435 0.35195525595208466 0.2100676199253762
0 0.7705756718880716 0.22680876989750987 0.3703446230323639 0.22855751079716943
0 0.778469571403539 0.08529871327042503 0.3576261017450403 0.17059742654085006
0 0.29517901801000335 0.9241530921072598 0.34271165990702757 0.12233082158505013
0 0.3609996680296738 0.6052129153426953 0.3371279314464526 0.19806452739390892
0 0.363878285614156 0.44180161077859187 0.3681265591703934 0.21906411162700645
0 0.04985916229125337 0.8227611485454631 0.09971832458250673 0.185679236102553
0 0.41087288995708643 0.2587280790350054 0.3349534262506724 0.23364682988341992
0 0.09976541719649462 0.29267090684383285 0.19953083439298924 0.2021581863123343
0 0.10493887227605918 0.12398010642891437 0.20987774455211836 0.20516478714217126