0 0.1716197736513541 0.046540287356771654 0.22863545269729174 0.0916987933640895
0 0.12203604131878461 0.1287982566836356 0.23059799620027785 0.10890447469763495
0 0.06887336730684011 0.4446045226766359 0.13774673461368023 0.10483404535327186
0 0.058225501615520626 0.5530891846753633 0.11645100323104125 0.10305336935072659
0 0.043598650741840016 0.6607471433402269 0.08719730148368003 0.08711928668045381
0 0.04078146884611081 0.7607289620066815 0.08156293769222162 0.07145792401336308
0 0.4103549653307291 0.0633845313892247 0.20886846656500016 0.11489993602799871
0 0.3845172043128124 0.16623681138604302 0.22416615824437508 0.10101924936345315
0 0.33638425636517333 0.3876118247135433 0.2084684230620139 0.0977124360279987
0 0.31527036293843713 0.48895614871099796 0.21341049620027785 0.10870448002863498
0 0.2807297491469787 0.5963959313733163 0.21649912860909729 0.10717834269572606
0 0.6699306402926041 0.024206042090995812 0.18346711664125018 0.030252216024817043
0 0.667640135258611 0.08904070142422309 0.20886846656499997 0.11489993602799871
0 0.5952702535153817 0.310915154081769 0.1989479526972918 0.09135334802672598
0 0.5722847355636108 0.4255225467456782 0.21322865824437506 0.10089198002863498
0 0.9082294208778124 0.05980028612344886 0.18303201196784719 0.0786715346912716
0 0.8985439899320138 0.14017812945572167 0.19949346656499997 0.11479084802672608
0 0.8751227140964583 0.23993268145285812 0.21359233415618065 0.11651698002863506
0 0.5292776583412844 0.5273935820734966 0.19317073138263902 0.11159312269254436
0 0.763633821335312 0.564504872772086 0.2055252610179167 0.1054885733609078
0 0.7414477371791314 0.6783401061027681 0.19793096656499998 0.11477266669318062
0 0.04141659527100661 0.8482471433402271 0.08283319054201321 0.08711928668045417