0 0.0642511302697304 0.6723215390896747 0.07406685442427947 0.18660692182065047
0 0.1325859073580356 0.708307094390207 0.14641704342324346 0.2360964809142045
0 0.41295411165848056 0.817954063925346 0.13573210049533807 0.20720620636839726
0 0.5084870895325742 0.848582568467274 0.13195212903138548 0.19288861485312828
0 0.6013488316746912 0.8723711416456537 0.1279538337461151 0.1738835233378591
0 0.6939002047102205 0.8726584419452161 0.12722608767505647 0.1582585233378591
0 0.060892728078981294 0.43184006030150207 0.09005572745980875 0.19569487939699587
0 0.10587989639978086 0.454831279087735 0.1453254243166556 0.21265898091420463
0 0.1937459234880861 0.48922251241783565 0.14412679735218487 0.22034393515657005
0 0.3936239530575906 0.5544655198347014 0.12955487510244393 0.2082585233378591
0 0.4839600086819432 0.5745391616495329 0.14085624813797323 0.21696384364130097
0 0.5770400746453779 0.6030152348279126 0.1378040227450789 0.21827125212603188
0 0.09285539578060834 0.20886507484536962 0.10353603060296188 0.18434279121570665
0 0.17307158870851375 0.2305490140848256 0.14547097353086733 0.2157839809142046
0 0.35801597704552396 0.31191122907803676 0.14205487510244383 0.20927888939893552
0 0.45385716997342945 0.33231971074114736 0.13624152274507897 0.21814370636839736
0 0.1543643223735755 0.056584968786233016 0.13372864474715102 0.11316993757246603
0 0.2367594454091048 0.06088996045128329 0.1266438908182096 0.12177992090256658
0 0.32584121608726924 0.07482504363160264 0.14543243217453847 0.14965008726320528
0 0.5461388693114756 0.3773295796771616 0.14161822745980873 0.1999038893989356
0 0.6103874981379731 0.15720865618952118 0.13573210049533807 0.20720620636839734
0 0.7094093490475959 0.19539456921617998 0.14332627667402048 0.20315643515657006
0 0.770481975388385 0.883659972699941 0.11468754631872749 0.12299070303441724
0 0.7981294007430071 0.23128452966746327 0.13885710049533806 0.20746129788366643
0 0.6343858860606987 0.4030632901284449 0.12443072745980874 0.19850088606495558
0 0.7507387479285762 0.6954902930033828 0.13976462903138528 0.19352634364130097