0 0.11424599320782798 0.8517508315338052 0.13457046884459273 0.2558733369323897
0 0.4852582024916968 0.895861226130576 0.1295244185677376 0.152866736102553
0 0.6103280536637159 0.8997297421026156 0.12625971622369897 0.12618583693238997
0 0.7293481639350338 0.9071968547553073 0.12259449568106326 0.09325493776222657
0 0.8545484230343325 0.9008499211422653 0.11594397748246621 0.08653134108157445
0 0.060065128774456966 0.5575398128624731 0.06345693244739817 0.23804537427505376
0 0.1353550254429694 0.580881301864811 0.14570822794389135 0.259827131123531
0 0.40004738355481895 0.619702390447586 0.1292821915466968 0.2461431394219007
0 0.5173547995016629 0.6249441522704406 0.14072033929494338 0.2547844336130419
0 0.6400506222960519 0.6407682165828064 0.14102072794389145 0.2594719336130419
0 0.06888491208933256 0.2664053273846202 0.1074071915466968 0.24448555103961844
0 0.28906580659837666 0.32115999190212297 0.14304430289774883 0.24252123195336797
0 0.4209363702934672 0.33314866119351044 0.13467059839424206 0.2574358369323898
0 0.07162347856220022 0.056261655393940346 0.10262195712440043 0.11252331078788069
0 0.17691175586009616 0.06232147862937567 0.13819851172019232 0.12464295725875134
0 0.5472275624584728 0.36832637675063146 0.14703089605020345 0.23193892946385705
0 0.5745167435215951 0.10278313381121237 0.14001943244739828 0.20556626762242475
0 0.7001570936138801 0.11348874055247671 0.14733128469915152 0.22697748110495342
0 0.9521641887689196 0.9049911242518318 0.09567162246216085 0.062146647720270565
0 0.8242850084809898 0.13458538110030904 0.141581932447398 0.24396533278320492
0 0.6627419409283879 0.3823394873287308 0.12545628469915152 0.23496884108157462
0 0.878139710049836 0.7177171898135973 0.1466303778516064 0.22568892946385705