0 0.18571822931254642 0.16843049091614426 0.16827947469763496 0.24164485030926075
0 0.32990458131763706 0.1426647006185215 0.16331925469445324 0.21782471303635714
0 0.4662420706556369 0.11938618153272607 0.1581408586887262 0.17525457576345355
0 0.6117091119907732 0.11796668699273785 0.1515817760184536 0.1481818927329154
0 0.14713425059677596 0.5273432342481845 0.16902490937299816 0.3057073503092607
0 0.28267230860123027 0.5055634422835718 0.18474081604072537 0.31479530788560606
0 0.41993649860759363 0.46984869607659363 0.18325104137490716 0.32091776212797163
0 0.09923890654841454 0.8726242990916144 0.14674992003499837 0.25475140181677103
0 0.23004401121900528 0.8511716171240922 0.17698286004136177 0.29765676575181566
0 0.369152511895323 0.8019598233475577 0.1891555960375438 0.29174044515850983
0 0.43943609786764243 0.9905605824314133 0.13964430267345418 0.01887883513717341
0 0.5842946118714605 0.9679838228885156 0.15748633068109025 0.06403235422296874
0 0.7252449006604094 0.10533875442124167 0.13388519867918128 0.10302888939893551
0 0.7254195985439601 0.9429277798608868 0.15479768268618094 0.11414444027822626
0 0.5001030672342772 0.7712036441100413 0.16417377737108918 0.2912622130363573
0 0.68100236262732 0.34570879184392644 0.18750218936981647 0.28380039940087515