0 0.10994402366893137 0.7076119025977878 0.13345665311885524 0.2785261948044244
0 0.4074613315570271 0.8760856185088258 0.16839849295103004 0.20423530681713337
0 0.5235249620558581 0.9108270369349263 0.15762601369695445 0.16503643912238175
0 0.651023000023222 0.9312877670494238 0.15262993776222675 0.11969666558343128
0 0.7667430884055044 0.951171798706049 0.14618976099766207 0.07589211850553071
0 0.07374087884844589 0.41566986444834086 0.1027268713752687 0.2436602711033183
0 0.14539165851743996 0.45275107873452586 0.19309176224706198 0.26240236282348767
0 0.37518774752442224 0.5637356229730528 0.17616437137526875 0.2449421274339844
0 0.4918433738740684 0.6062895413991531 0.18828586307689896 0.2607580422066366
0 0.6116831998087962 0.6495701627473528 0.18480566556640987 0.2560159951287361
0 0.13666231826105785 0.15172436688397278 0.17171366971559476 0.24798530681713332
0 0.3476016634918174 0.25130380682042863 0.1873386697155947 0.24825804220663672
0 0.45998418693703425 0.29940829586337997 0.18035496390673594 0.259059174511885
0 0.29996503381817896 0.028505055195575522 0.1499300676363579 0.057010110391151045
0 0.5818484541584736 0.3590815304421045 0.18819077469461654 0.2389103157455871
0 0.6460722844428789 0.11270979829736431 0.17474358133331247 0.22541959659472863
0 0.7770864087179327 0.15853823945328374 0.1884275730349426 0.24203531574558707
0 0.8751951284474606 0.9680535612879506 0.1449106809137497 0.03841939204448082
0 0.8908421780139646 0.21444159172675997 0.18421366971559472 0.24820349512873605
0 0.681908576358935 0.40974795779665857 0.1677598755244535 0.23699325973923263
0 0.8340695305174087 0.7763297114501065 0.18447377884380164 0.23104326866768635
0 0.7911069002190703 0.4571257439175106 0.1677598755244535 0.23699325973923263