0 0.017076316510419905 0.34252042243340186 0.03415263302083981 0.18191584486680368
0 0.06175095878429334 0.30380543231923357 0.12350191756858668 0.22559686068413445
0 0.31578501241783563 0.1837462361970166 0.13756312818904792 0.19715352570316252
0 0.41527470044934367 0.15566233996106887 0.13498026212797148 0.18458985870696815
0 0.5116871859054761 0.11726302623463518 0.14537562818904776 0.1974718606841345
0 0.6005264163606387 0.1044221280215211 0.1364471672787225 0.16440469269935692
0 0.03930238968879959 0.5382613453610953 0.07860477937759917 0.20777269072219048
0 0.09540989998060333 0.5212276956651065 0.14652354000775866 0.21153436068413461
0 0.2881551225598582 0.4358034847141418 0.13600062818904785 0.19708985870696819
0 0.3836747877125489 0.4083416709877081 0.14327099425012416 0.2098445266917457
0 0.47028183847115324 0.3844359387822053 0.14145340273485515 0.2066558596955513
0 0.07103107309379075 0.7576281106841345 0.1420621461875815 0.20534802768032884
0 0.24836007255015988 0.6928519807598091 0.14237817394668237 0.1989070266917457
0 0.34159976058166786 0.6645134165390838 0.14170849425012405 0.20978085969555132
0 0.06186368952932005 0.9303069239162767 0.1237273790586401 0.13938615216744665
0 0.12261154708626876 0.9317712648287475 0.12723166394474275 0.1364574703425049
0 0.20579070890497958 0.9192049392393159 0.14671498758216436 0.16159012152136826
0 0.43474372482597295 0.6181424353221642 0.14317539940087515 0.18959569368794008
0 0.48613152633348344 0.8240369496566202 0.13756312818904776 0.19715352570316255
0 0.5848239889107986 0.786514386424478 0.1449929909161442 0.19278436068413463
0 0.6914543053005323 0.0948017303026986 0.13584138939893542 0.1379058596955513
0 0.6788927243669309 0.7480195722037528 0.13756312818904776 0.19715352570316255
0 0.5218449831609228 0.578579869618564 0.1278054909161444 0.19208402372599628
0 0.6555971983233118 0.2940058928502687 0.14110271637033697 0.1832820266917457
0 0.608372285586517 0.5460485539149641 0.13093049091614423 0.19221135771838505