0 0.1898109676549355 0.8095882764088698 0.15168458963168216 0.2125595421027846
0 0.33700527636822375 0.7879984746874384 0.15516478714217125 0.21735616950744613
0 0.467876768069854 0.7990946873939775 0.16596057718412743 0.23643355172143146
0 0.5943567576968918 0.814260841207509 0.1460265854824973 0.2201537872934612
0 0.43507131038689534 0.5315624470126243 0.15154287967363853 0.23125497840045367
0 0.13781134378086707 0.19571674936702782 0.17483866971559475 0.2507688702330856
0 0.2871251821631494 0.21243547949676195 0.16307237552445358 0.23944942431676966
0 0.16201231868526514 0.5254315312181932 0.16404287967363848 0.23169148801910033
0 0.3000451149509987 0.5276611754130779 0.15203978714217126 0.21724704210278442
0 0.7098041589416473 0.8078793772350256 0.1545494805034755 0.22980160580511538
0 0.562521804163118 0.538861537123825 0.15357897635429046 0.2375595421027846
0 0.546642814736573 0.23627225046333616 0.16655257303494259 0.24424605172143127