0 0.8904496517414376 0.9511539120904595 0.1855874314570915 0.09769217581908088
0 0.617186456988992 0.9609387944862429 0.28523882096198283 0.07812241102751435
0 0.6445309360128918 0.8960684585538686 0.29327810509226265 0.1912112263111851
0 0.7584213178370367 0.643508485739906 0.27370905773721593 0.1763847223568522
0 0.7916293890107811 0.5178200776409602 0.29291408404557534 0.18496122631118475
0 0.828189973338705 0.39616525353440324 0.29126057878390343 0.18333505931499036
0 0.3154804728445947 0.8935722223568522 0.2855566103539345 0.19245539133021278
0 0.40155666780880184 0.6585844101132932 0.27903359456891896 0.18751322334543535
0 0.4481824968750539 0.5357809214819997 0.29126057878390343 0.18333505931499056
0 0.10330669653623548 0.8771328443725122 0.11051183674699834 0.10426568874502422
0 0.10441489925177601 0.7891062623572898 0.12583299985882568 0.1532125247145794
0 0.11610428619641841 0.6820259328135252 0.16286256299888785 0.17342686562705048
0 0.5096520759413059 0.41358226931455294 0.266533594568919 0.18700388737588014
0 0.2150837576101591 0.30727262501859054 0.2770160682605597 0.17963705634924096
0 0.26681431562972374 0.17844197087397742 0.2713120998305908 0.18875738836446337
0 0.3248249657285458 0.07714606771794745 0.2746499314570916 0.13901205634924096
0 0.563119439208425 0.301189698668037 0.26691302616718493 0.16675505437207452
0 0.9119308526026011 0.17380477528323304 0.1761382947947979 0.15888420456235502
0 0.6062940445830364 0.18603954254625754 0.26874854195220055 0.17150622136826899