0 0.6659524144157299 0.8975854228551864 0.24277068787965278 0.11323945966092523
0 0.8078807688047924 0.6385734248814366 0.21573671561506974 0.15765384099925886
0 0.837420838808924 0.5287398036278719 0.2110128480238891 0.15568123788898108
0 0.8858927467689588 0.42507826993319614 0.2158458183886111 0.16234134099925884
0 0.9077975822563197 0.32326220023477026 0.1844048354873607 0.1527517275213885
0 0.4029439213495841 0.932338297549121 0.2125376740119444 0.0872046399624999
0 0.4228011732494452 0.8773678335528711 0.2283458183886113 0.16343494929333308
0 0.5243597539871534 0.6665096630532418 0.21410148043270852 0.15439213996249954
0 0.5548265443560074 0.5628576912812973 0.22358558320625016 0.15989984618305506
0 0.5946865185204517 0.4591667632887974 0.22667421561506948 0.15861074825657367
0 0.16546079872441047 0.8865739040997689 0.21184799620027786 0.1245679389257404
0 0.2342439002636812 0.7138110558904633 0.22998105357097237 0.16669665033009212
0 0.285786256836945 0.607532370122269 0.23139808320625005 0.16058335136685145
0 0.04332861274461869 0.7516506828934724 0.05450827488562511 0.13107363421305535
0 0.33731042961461855 0.5004724343540747 0.20643445079743064 0.15995863477870315
0 0.11292671903354204 0.44573358209226865 0.207887848023889 0.1554078358154626
0 0.1550577080156253 0.3387126025446299 0.20955945079743069 0.16023203685222187
0 0.9246389369297223 0.2255963883120388 0.15072212614055544 0.1511701036759256
0 0.19886029977125022 0.23624242196023185 0.21573671561506957 0.15765384099925886
0 0.3845289620996879 0.4102288516961581 0.20759690729444458 0.1429078358154626
0 0.6912127603523267 0.2675370464178254 0.20014808320625016 0.15784933063166628
0 0.42620600940239617 0.31733872266689894 0.20930487765916683 0.14929453685222177