0 0.939418941242155 0.23218734511352554 0.09813232109634598 0.244853314114072
0 0.692180600710594 0.11055064385392148 0.14496774830195705 0.22110128770784296
0 0.5836462099021776 0.09372627170391308 0.1444671005537103 0.18745254340782616
0 0.48716123612033935 0.07571092214017316 0.14442752775932136 0.15142184428034633
0 0.3852377907161312 0.060457262737348694 0.1357744185677376 0.12091452547469739
0 0.9328733428479129 0.4799692812515552 0.07778024830195704 0.21854218639013112
0 0.8787062769933541 0.4635355341015467 0.15181852559985315 0.2330524366422327
0 0.6866572817737161 0.3898570055247562 0.13987973010335963 0.2166626121366005
0 0.5860657988925793 0.3696698276845999 0.14859339605020344 0.23127141535490922
0 0.4920945558324096 0.3311314875916274 0.14673050740125576 0.2264746547112475
0 0.8641281331026189 0.7274341431360541 0.12601748920265834 0.21880426634364483
0 0.703870555989293 0.6795315107205363 0.1582687846991515 0.23661447921687967
0 0.6028680629291234 0.6414848435240417 0.14889378469915152 0.23595891535490915
0 0.49929128239202497 0.5950629476148706 0.14562908235511324 0.2092871547112475
0 0.4230036829180487 0.8267224930395092 0.14466735965300898 0.21855289406758577
0 0.3281510603082297 0.7898012832683675 0.1521794710040611 0.2144116972858944
0 0.2956641509874491 0.04721957140353901 0.13367169802510181 0.09443914280707802
0 0.22616705814876137 0.7549342463937038 0.14632998920265833 0.2202246547112477
0 0.4141641132059785 0.5520174239817586 0.13176684145441175 0.21142880891829172
0 0.3107525231358428 0.24814901483103563 0.15001619370616517 0.20492743664223267
0 0.3201928701458089 0.5134790838887862 0.13811697100406112 0.2134283514929388