0 0.9158821859797918 0.17186353826764578 0.16766419794763898 0.22660326708875886
0 0.4901353439398264 0.0603240153728992 0.15214568787965277 0.0965520542357774
0 0.8777159176467713 0.477576329175588 0.1855439886008335 0.32393290815498565
0 0.5866343631258684 0.34887570150370334 0.17722234232430586 0.3018305876218722
0 0.42507861407579883 0.3176303985215672 0.18082012100965303 0.32223401583511757
0 0.27440581363895855 0.28435959428578983 0.17914851823611136 0.31750105172849497
0 0.9152045395126391 0.8462297658018642 0.16959092097472173 0.30754046839627175
0 0.672907009971077 0.7682909427282147 0.19339285619201405 0.32572272868809904
0 0.5209074456665284 0.711559906439126 0.17943945896555585 0.3300010517284949
0 0.34990330822371585 0.6433458008705651 0.18790526918604195 0.2912113363682309
0 0.30861138668031324 0.9153966456185734 0.1583606267092362 0.16231344655564542
0 0.14145960106111186 0.8785234682632577 0.17474934612402793 0.19558058762187222
0 0.05225097748600764 0.8361109962390764 0.07118924145062519 0.24097199247815268
0 0.2029003684442019 0.6000324069013445 0.159853004368403 0.2935179824490227
0 0.07722691479697961 0.5339180104248413 0.13641550436840302 0.29283602084968263