0 0.16059250946590226 0.8248250436316027 0.24960736364988403 0.16364713819098747
0 0.1434899452079959 0.5205201809045062 0.22116402866891205 0.15353881455356594
0 0.1374070884781941 0.4097102266621408 0.21328786167271768 0.15133858576539314
0 0.13904123125410076 0.2959187936316027 0.21191636266130084 0.15589854000775868
0 0.1449317925090765 0.19040224620697815 0.18828786167271766 0.14929785364324064
0 0.41396951885744243 0.8488214266524423 0.23235619665368965 0.1606816348570077
0 0.38805964037881074 0.6361619299864223 0.21803902866891214 0.15328372303829685
0 0.399945533649009 0.5238851995312597 0.2306663626613008 0.15742908909937317
0 0.4089610949039848 0.4181135605913662 0.2274776956651064 0.15561149758410409
0 0.6522136181728704 0.9054070401284449 0.22394151878308027 0.10704645182646928
0 0.6499441695420144 0.7535256757343586 0.23579953163466172 0.16874922637227668
0 0.643924979808407 0.644278221491993 0.2369163626613009 0.15793927212991116
0 0.6341441201128557 0.5196608587648968 0.21041752965749527 0.15733349425012405
0 0.8739215445234239 0.53692888072563 0.21803902866891214 0.15328372303829668
0 0.8691465198088446 0.41974138072563 0.21360619665368966 0.15915108576539327
0 0.15625927026595507 0.0836580386306328 0.17409802768032887 0.1450249418245298
0 0.8508501645619175 0.31698304254434084 0.21803902866891214 0.15328372303829685
0 0.6353790148659286 0.4153081986131758 0.21127969269935692 0.14027354000775868
0 0.37098229794628396 0.19781690710760508 0.2025413626613009 0.15513326546195144
0 0.6194264096190016 0.3123585417954348 0.21147069368794008 0.1449610400077587
0 0.845421223839727 0.20298431542315815 0.20592103064607842 0.16163835697722054