0 0.08540043652173694 0.9132544998036082 0.17080087304347388 0.08730105386194253
0 0.0851399602730561 0.642047120315113 0.1702799205461122 0.14034424063022613
0 0.08986092700261616 0.5162749606741927 0.17972185400523233 0.1403078791939077
0 0.0959540393259494 0.4053420058537324 0.1919080786518988 0.1434510599120669
0 0.09992315035333355 0.29446359318775 0.1998463007066671 0.13862720452587257
0 0.30149521550333513 0.9570499515990065 0.2279677580585183 0.08590009680198704
0 0.30326064146958476 0.7685606651018695 0.22724458812453677 0.1340669695529872
0 0.3189430130059735 0.6607845265381879 0.24212729434509228 0.1435237827847038
0 0.34162724024453806 0.5444509994108249 0.23886559330833307 0.14194310206654456
0 0.5451372002347703 0.9075378484523073 0.2476350005656478 0.15292605386194252
0 0.5554191722895385 0.7989486436318471 0.2469514953818516 0.14511355386194272
0 0.5531423557486587 0.6730901255796704 0.22038899538185158 0.14495901775758924
0 0.8021854484913439 0.6854820830324092 0.22921719123481452 0.13876355991206674
0 0.8127114283218067 0.5651695830324093 0.2235139953818514 0.14497719847574828
0 0.12133032144185223 0.19455449677854614 0.19640469123481452 0.1385726623713949
0 0.8078762483030564 0.45961901980069264 0.22935389227157366 0.14032605991206676
0 0.5686880262482881 0.5668764870159888 0.2220102839774997 0.12778969847574828
0 0.33015993435407476 0.3270862374087723 0.19306507775694418 0.11825107201231529
0 0.567524650376575 0.4550941045024315 0.22411958812453675 0.134048788834828
0 0.817279225541621 0.3432082246211528 0.21767409849212918 0.14962833703943001
0 0.34427980589046336 0.2193010084860111 0.21984219123481452 0.13870901775758915