0 0.6859752905395059 0.9001970788121307 0.11709768801718105 0.1326221494796016
0 0.5538258618714604 0.9172727934205949 0.11529883068109026 0.11222776232447203
0 0.4319054085375969 0.9275662415207154 0.11833292401336304 0.10457903663473118
0 0.31544461453696054 0.9383543345778819 0.11649770401018138 0.0810596494796016
0 0.971406449912504 0.5932289473112105 0.043315837364725954 0.23337906603337366
0 0.7857047599061407 0.649807575194086 0.12289424936345324 0.22818031094499086
0 0.6567076032384135 0.6643757654922906 0.12462038136536221 0.24232469810012064
0 0.5371127185710044 0.6761088828597166 0.12456583736472596 0.23763719810012063
0 0.896163191279457 0.349667055067698 0.1355942440324533 0.24602290818602893
0 0.7834813779440026 0.3711879302370402 0.12469310669954403 0.24857469810012062
0 0.6517950259389119 0.4155664512679394 0.12747266136218052 0.21905097241038013
0 0.6619261933084102 0.14879170906985545 0.11813402402927142 0.22168464947960165
0 0.5242989239735921 0.16693527872127362 0.1322147053628168 0.2239841338757694
0 0.19590427387018777 0.9453999519453078 0.11469884667409054 0.06066526232447202
0 0.40280518463559234 0.20765653324382943 0.1228942493634531 0.22818031094499086
0 0.5297382126034574 0.43757864936806 0.1179885733609078 0.2091846494796016
0 0.31684512456241387 0.7508952781554468 0.10530676002545336 0.19290455223856356
0 0.41852799260027573 0.46683013738227236 0.11657152402927143 0.22160276232447185
0 0.28850632729950154 0.23394679556830128 0.13682948002863507 0.2179797953411587
0 0.19644171789468667 0.7650130891004376 0.12276698002863506 0.21724281094499087