0 0.5891543532339318 0.06362111133222893 0.2498162935321364 0.09450400126594435
0 0.7356664258260259 0.2847570452676454 0.22957239258219672 0.15462304573098154
0 0.7838405749669435 0.3960144929980599 0.22011550542706698 0.15273316351699648
0 0.8245707163059446 0.4999678722168201 0.22504866689245623 0.15758435462398895
0 0.8639021319552054 0.6007416877332495 0.22036116689245625 0.1574206635169965
0 0.35310066655377187 0.08746780598260055 0.23754866689245624 0.1580208642426358
0 0.44894767582602607 0.2747446058899333 0.22315861827193723 0.1512797909216581
0 0.4893093249669434 0.38572923510869356 0.23754866689245618 0.1580208642426358
0 0.5237485227283798 0.49024560951813034 0.23425989258219673 0.15478673683797411
0 0.16169333729141533 0.26001738466105584 0.24108310266810493 0.16594249164729752
0 0.20373699513875998 0.3538417957309815 0.24067366689245623 0.15812999164729752
0 0.2694261929001963 0.4594494441870355 0.2155917797373264 0.15569447241000384
0 0.07097980608375085 0.5208606262235354 0.1419596121675017 0.1385962524470706
0 0.0950464088654271 0.6407564639724833 0.1900928177308542 0.15725697241000383
0 0.8820579104493363 0.7023413932682123 0.17332239258219673 0.1526587524470706
0 0.1380755370890166 0.7405406983633867 0.22644739258219668 0.15451391832631992
0 0.31488477781676244 0.5627852645127882 0.2072060696514182 0.14448415389834962
0 0.635875629241672 0.6655680464487717 0.18928158525525038 0.12982145317271013
0 0.3633012663968017 0.6544841803920374 0.21658106965141818 0.1448115361123346
0 0.1855470013587964 0.8353373323914705 0.21756371551297518 0.1635615361123346
0 0.6719182705806732 0.7693577345605395 0.2137836182719372 0.15095240870767307