0 0.0578125 0.2578125 0.0875 0.203125
0 0.3078125 0.18125 0.0859375 0.1796875
0 0.4140625 0.159375 0.0875 0.171875
0 0.5125 0.14375 0.090625 0.175
0 0.6078125 0.128125 0.090625 0.1703125
0 0.059375 0.475 0.090625 0.1875
0 0.2421875 0.4265625 0.0859375 0.175
0 0.346875 0.4125 0.0875 0.1875
0 0.44375 0.4015625 0.0859375 0.184375
0 0.171875 0.671875 0.0953125 0.1890625
0 0.2625 0.653125 0.0859375 0.1921875
0 0.3671875 0.615625 0.090625 0.1671875
0 0.3765625 0.8328125 0.0828125 0.1703125
0 0.4875 0.815625 0.09375 0.1703125
0 0.7046875 0.115625 0.090625 0.1625
0 0.584375 0.78125 0.0875 0.1765625
0 0.465625 0.5953125 0.0828125 0.1609375
0 0.61875 0.3375 0.0734375 0.1484375
0 0.5546875 0.5703125 0.08125 0.1703125
0 0.6765625 0.7578125 0.0984375 0.165625
0 0.715625 0.325 0.0875 0.1671875