0 0.24549728573022023 0.08652237202395763 0.12224457146044046 0.17304474404791526
0 0.37485723710970126 0.07573805531199564 0.1215894742194025 0.15147611062399127
0 0.49628185775648764 0.0629924008528497 0.12693871551297525 0.1259848017056994
0 0.6103886233603198 0.044051376715534635 0.12061347241038015 0.08810275343106927
0 0.17762919154139994 0.36708967499016476 0.12075731456303554 0.22483574505632148
0 0.29198161861062144 0.3496840176810273 0.12618179895920328 0.23922602698730663
0 0.41891925486124004 0.318068394900765 0.12133052464894374 0.23577324505632147
0 0.08969425881796891 0.6641446274718392 0.12157618611433303 0.24046074505632156
0 0.204169516619885 0.6490827201627016 0.12494684757972226 0.24536676634364482
0 0.3302473377416413 0.6010608473824395 0.13112160447712728 0.21466306956195352
0 0.3647672591566532 0.8707342090148369 0.11697721732199753 0.21211722376899794
0 0.49273180687266105 0.8437514559127438 0.13112160447712728 0.21466306956195352
0 0.7218617118949305 0.03347736854371217 0.11815021370395282 0.06695473708742435
0 0.6116146036841578 0.7930962560289594 0.12552670171816532 0.22672602698730665
0 0.45595334463904613 0.560906104924008 0.11673155585660826 0.20742972376899793
0 0.6402310108541338 0.246920742535306 0.10497518430531069 0.19103989926336587
0 0.5690365208037566 0.5192816976148705 0.11878537878738663 0.21691398441265974
0 0.7335371913142573 0.7555584151796823 0.1373716044771271 0.2151001121366006
0 0.7545458163720579 0.2138354549043376 0.1233091044771271 0.2141167663436449
0 0.9260169453865871 0.011903199291967892 0.09595430913596843 0.023806398583935785
0 0.8732581948207603 0.18985201566421486 0.1233091044771271 0.2141167663436449