0 0.8655084030048249 0.19503806661782114 0.14592397483619662 0.21985619665368966
0 0.7662720620954344 0.1553627543742622 0.14427965421934558 0.21510502965749523
0 0.6664590227281714 0.10623081222496841 0.15055692775829604 0.21246162444993683
0 0.5710198376629796 0.08349961361270297 0.1423353246740408 0.16699922722540594
0 0.8747434866106147 0.47102756365207166 0.1411546542193456 0.21497769566510638
0 0.7707923721622738 0.43310575239709587 0.14765011606989856 0.22929486364988402
0 0.6662100121781599 0.3866220246402173 0.14452511606989873 0.22916752965749526
0 0.8801814143722059 0.7409262281768081 0.1523921631477993 0.23261086463846717
0 0.7808087057680637 0.7090634159332492 0.1493217102256999 0.2356085306460784
0 0.6824490722449994 0.663887520191593 0.14885806006354424 0.2090460306460784
0 0.5926796400224766 0.8869204549822844 0.13589440990138826 0.18197419467652337
0 0.4870569314183344 0.8553123107235031 0.14885806006354407 0.2090460306460784
0 0.4675908745946106 0.05819320749092349 0.1335682508107789 0.11638641498184699
0 0.3882433303626742 0.7914182484799441 0.14430692775829587 0.21666752965749508
0 0.5858428534945874 0.6077104574537424 0.13465919236879245 0.20066052768032883
0 0.48518392897940715 0.2917273131949611 0.13142509821299128 0.1942831936879401
0 0.4797934508967997 0.5558216466930583 0.13479556006354426 0.20847302768032883
0 0.2861138145343617 0.738589020228774 0.1535182865245938 0.2076745316346617
0 0.39233395576476837 0.2439848329666246 0.14258078652459377 0.2072288626613009
0 0.2963840762988939 0.023158974296837463 0.10723184740221221 0.046317948593674926
0 0.29847090746905175 0.20955543623638526 0.14258078652459377 0.2072288626613009
0 0.31044520738962145 0.4627931827763441 0.15217397483619663 0.22011086463846716