0 0.861448130455798 0.1837389518237548 0.20458402372599602 0.12181514970954979
0 0.8728087361970166 0.2896614660917784 0.20145902372599628 0.12166960049533806
0 0.8945165929268184 0.399798445413614 0.2017136917107738 0.12791960049533807
0 0.9051490509120335 0.49936179777097883 0.18970189817593308 0.1245035020669146
0 0.6103074417107738 0.09054983974648026 0.19976918973360752 0.11847182588823217
0 0.6178891314443812 0.19977929053226853 0.2140226907221905 0.12381429735218488
0 0.6342237386684746 0.3125147309789746 0.21233285672980173 0.1206165227450791
0 0.3625291749048598 0.03309498221731969 0.2125583498097196 0.06618996443463938
0 0.3667484426993569 0.10659017845499401 0.2187101907221905 0.12403262117350247
0 0.3836096319386727 0.21303923159814717 0.1923386917107738 0.1274829528527029
0 0.14220338193867274 0.22428290839600212 0.19339185574121864 0.11505572745980874
0 0.1562579061589605 0.33869001075336697 0.19233869171077375 0.1274829528527029
0 0.916409521025983 0.6096443263070261 0.1671809579480339 0.12257712903138529
0 0.1889987633830539 0.45066131782546154 0.20145902372599617 0.12166960049533806
0 0.40994132167228015 0.32139538709866516 0.18395318874502423 0.11305657981717357
0 0.675249281177551 0.5125489642297516 0.17770318874502422 0.11276548138875028
0 0.43105892939066515 0.43625625372405363 0.1933918557412186 0.11505572745980874
0 0.21233278710905007 0.5622880225401913 0.19096719269935694 0.132097678245597
0 0.6958257194282836 0.6141285808551401 0.19208402372599628 0.12123295285270289
0 0.9260411655505006 0.7840450128247907 0.14791766889899877 0.0992466368892682
0 0.7029935736866275 0.7132017816409284 0.19208402372599628 0.12123295285270289
0 0.4723882194282837 0.6245353496712778 0.20177735870696817 0.12948210049533806