0 0.13688295127558953 0.9014706467660683 0.14844141926229182 0.19705870646786358
0 0.2509636350711798 0.903678277928304 0.1484777868534724 0.1926434441433919
0 0.37510964988881873 0.9099559334007996 0.15614481648875014 0.18008813319840086
0 0.49227896609322846 0.9138898388732951 0.14985844889756947 0.17222032225340983
0 0.035868631032378244 0.6506484531885033 0.07173726206475649 0.21535940637700648
0 0.11463131725124946 0.6536716338757694 0.1524392414506252 0.24675989258219672
0 0.24043075104683975 0.6594822998637144 0.15084037385944465 0.24511550542706698
0 0.03130193854524295 0.38539526741285457 0.0626038770904859 0.2426655348257091
0 0.10507970497840247 0.3919152623244719 0.15505509517409743 0.22504866689245615
0 0.07772234365548598 0.1558206320667471 0.12874586189159737 0.16748847241038015
0 0.20463033577170125 0.14760974163225699 0.14807774335048624 0.19347111827193722
0 0.6058147892314923 0.910197151457966 0.15153005167111128 0.1796056970840681
0 0.3217632843849304 0.15609502826698837 0.1490233007211808 0.23409611827193716
0 0.2274631980445483 0.41006215400215734 0.1407380220358335 0.21337418249628842
0 0.4753324279085758 0.6827438167107421 0.1374675516711113 0.20696040818602893
0 0.3562603452710066 0.4215053443003619 0.14095622758291687 0.22274918249628844
0 0.44349281402020824 0.16873222636710902 0.16126872758291685 0.2238137155129752
0 0.5884863913394438 0.694149385457649 0.14716985999173637 0.2215142311168073
0 0.8053608475521173 0.920621111486074 0.11424695079743082 0.14800148801421215
0 0.698842663090937 0.6913286798942966 0.14716985999173637 0.2215142311168073
0 0.5684148531547913 0.44748574739800817 0.15843466831236128 0.23614994120271576