0 0.8941358193800365 0.08358285104906964 0.12422836123992695 0.13809210957707685
0 0.7544011536889921 0.062391869313014214 0.13182269262201593 0.10072847727182857
0 0.6193221717411689 0.046751458193809804 0.12698065651766227 0.07408415665497754
0 0.966727395104785 0.3645658441492108 0.06401808996629618 0.2620284415580135
0 0.8528285215682182 0.33444987580583596 0.12495558996629619 0.2630921095770768
0 0.9423257961614985 0.6641703778344308 0.10916696350286301 0.23469437418757338
0 0.9376372543998042 0.9280445482924214 0.11494426483072288 0.14391090341515705
0 0.7908213417338217 0.9149621213449045 0.13384880093507653 0.17007575731019103
0 0.48576023799794743 0.03895082061355573 0.1316045240041051 0.06322847727182855
0 0.657386673017715 0.8853146444784652 0.12638173458010193 0.22937071104306953
0 0.8167718051384888 0.6229123579489284 0.11848742134838526 0.22548301542127547
0 0.5875807714700223 0.26496962418427816 0.11688855991206673 0.21920574188232517
0 0.6708780430382404 0.5859872820570716 0.11856014422102241 0.23798301542127548
0 0.5184832543016084 0.860699135548364 0.14509537314378348 0.2337591655834313
0 0.4572983738311545 0.2306610336819248 0.126354463502863 0.23499438311602727
0 0.32925973224241084 0.2135808534879969 0.126354463502863 0.2349943831160272
0 0.42984904294004467 0.5169297702892441 0.13736468637549995 0.2476852978886796