0 0.19285340756123906 0.19141770697928912 0.20386768119435103 0.10343646590774283
0 0.18840049036474443 0.2951194054371616 0.19605518119435103 0.1033000982129911
0 0.16797836574289676 0.40478473173605545 0.19972648441265975 0.11116714529089182
0 0.1591111001555565 0.5123108595770768 0.19471120248167453 0.10639782467404083
0 0.443711431194351 0.10762295413662001 0.19918018119435105 0.10335464529089182
0 0.44009439431968733 0.21211953936396766 0.21335194183801282 0.10516260714144485
0 0.428539171306994 0.32584112012708843 0.21335194183801282 0.10516260714144483
0 0.6924660054478816 0.049541267446575096 0.2130570108957633 0.07862738068039521
0 0.6916079818147697 0.13769978652129858 0.21803944183801285 0.10524442775829587
0 0.6795064555837677 0.2436088672844193 0.19191398441265975 0.11103077759614015
0 0.9125789045851966 0.2548129687438213 0.17484219082960664 0.09691373051823948
0 0.9090357824351883 0.3725498936627435 0.18192843512962326 0.11103077759614015
0 0.15861906328089273 0.6168619918823252 0.19660148441265973 0.1111125982129911
0 0.8846849005238736 0.4773777154974105 0.20074268119435104 0.10338191882984216
0 0.6566859506400891 0.3524520332748877 0.1848991599070276 0.09998418344033873
0 0.39552384755766645 0.5343842771891031 0.17843063861970404 0.09675008928453739
0 0.6405524882710575 0.46765429342115744 0.19405563861970415 0.09702282467404082
0 0.8664972652583641 0.5855214521047298 0.18922602698730664 0.1172262305182393
0 0.3800241697175101 0.6363325608743231 0.19136768119435105 0.10321827759614025
0 0.14322292826748487 0.7984023181812191 0.16371257475773365 0.08712962743398442
0 0.376133981233692 0.7369228961016707 0.19136768119435105 0.10321827759614025
0 0.6061167761541274 0.6558849504831721 0.20139824505632156 0.11275691882984215