0 0.06921307666295472 0.1659738275167099 0.13842615332590943 0.22742734496658024
0 0.19147788064927354 0.12475671793963301 0.14277039735836244 0.18682961850553056
0 0.31292616665340967 0.09217426867098166 0.1393908586887262 0.1649000714276299
0 0.045547215308728406 0.4874494070620147 0.09109443061745681 0.2532261858759707
0 0.1442188832750027 0.4270828770302425 0.14515105736790748 0.25716939204448097
0 0.09276273456400472 0.7544772199682279 0.15581583736472582 0.2339228068171332
0 0.15533381787082412 0.9486578681017889 0.12768974267981753 0.09908415665497756
0 0.279752562539824 0.9293021217552369 0.14527723201781734 0.13375916558343093
0 0.4303863866565914 0.07106865625123573 0.1423522266868172 0.14213731250247147
0 0.4059701645449147 0.8896066018697344 0.14771243602799872 0.20878643912238176
0 0.21697294123968613 0.6859163603911511 0.1400635680299077 0.22271257142762996
0 0.37744101062222934 0.3206890064961171 0.13686584269572596 0.21640802434972928
0 0.337131447247004 0.62992368466145 0.14020901869827132 0.23521257142762977
0 0.5368389038829144 0.8529542613673812 0.1620476560311804 0.2324694009729348
0 0.4888421346276381 0.2789088352306429 0.14800333736472596 0.23378643912238156
0 0.6559772799968183 0.018160070213109215 0.10367044000636341 0.03632014042621843
0 0.6026324619669106 0.23318150365674323 0.14800333736472576 0.23378643912238156
0 0.5601700525939124 0.5260508421305017 0.15906810669954385 0.24491485389503395