0 0.7490972443777005 0.8793000706674711 0.31529680373891084 0.19705422094004216
0 0.3979822624243327 0.9738103934867078 0.2631404626573361 0.052379213026584284
0 0.11904012362713187 0.9884760018090223 0.19588118506293442 0.023047996381955472
0 0.1120961663799915 0.90910056168016 0.224192332759983 0.18179887663968017
0 0.13252844947322423 0.7575679177969674 0.26505689894644846 0.1975521879233554
0 0.4329627588998477 0.890184502486391 0.2739614087179326 0.18555015490666865
0 0.7862000383683492 0.5863279986412036 0.2673562112074436 0.18053510628614955
0 0.45237837757582405 0.7374689382620396 0.28802390871793265 0.18628713930283639
0 0.138199954247109 0.5951907485296619 0.276399908494218 0.21276775214770643
0 0.7935533649277767 0.4478829743309441 0.2854909045687478 0.19393586499257687
0 0.8049905402424489 0.30729891790850894 0.2854909045687478 0.19393586499257687
0 0.4902148773753314 0.45551625339090196 0.3021814971002151 0.20881723654387438