0 0.178125 0.2140625 0.0875 0.1796875
0 0.278125 0.1953125 0.0875 0.175
0 0.3796875 0.1640625 0.090625 0.175
0 0.4765625 0.15 0.090625 0.1703125
0 0.1109375 0.45 0.0859375 0.175
0 0.2046875 0.44375 0.0875 0.1875
0 0.309375 0.4125 0.0828125 0.1875
0 0.0515625 0.6859375 0.0953125 0.1890625
0 0.1375 0.675 0.0859375 0.1921875
0 0.2328125 0.6578125 0.09375 0.1671875
0 0.2546875 0.8703125 0.08125 0.1703125
0 0.3546875 0.8578125 0.09375 0.1671875
0 0.5703125 0.1390625 0.09375 0.171875
0 0.45625 0.8203125 0.0875 0.1765625
0 0.3359375 0.621875 0.0828125 0.1609375
0 0.5 0.3625 0.08125 0.15625
0 0.434375 0.5953125 0.08125 0.1703125
0 0.5625 0.79375 0.1 0.165625
0 0.590625 0.3453125 0.0875 0.1671875
0 0.7515625 0.09375 0.0734375 0.1625
0 0.6828125 0.325 0.0875 0.1671875
0 0.6171875 0.5453125 0.0953125 0.1765625