0 0.8834229739527915 0.7421172268361269 0.1308419756031114 0.2044777923897861
0 0.7894275342576418 0.7799382504097755 0.13081470452587265 0.19979029238978613
0 0.6969173265103153 0.83111329859053 0.13394879488495218 0.20149834160399785
0 0.6045071127128647 0.8651008467712844 0.13234993344863372 0.19517556699689215
0 0.8926808410464506 0.49404359987165625 0.12925220452587283 0.19971751778268038
0 0.8026689194034777 0.5187653099630695 0.13244992739850964 0.21236306699689197
0 0.7062524616561513 0.5697584216260593 0.12931583703942984 0.21065501778268025
0 0.8933267774219505 0.24869471256810333 0.1355749273985097 0.2125086162111037
0 0.813462015419898 0.2754519576057047 0.13403969847574837 0.21712334160399785
0 0.7233864612633678 0.31111116769711783 0.1339033430895542 0.19368584160399793
0 0.6510761657892404 0.11394076116314253 0.12284766842151917 0.17286391935425688
0 0.5556045845053472 0.13684526012968526 0.13390334308955404 0.19368584160399788
0 0.5152491699926529 0.8945464441662505 0.13549311416679294 0.1984461162111039
0 0.46462051532170223 0.19434308291754548 0.13081470452587265 0.19979029238978616
0 0.6308444372592628 0.36775496587787226 0.12291130093507636 0.1838014193542569
0 0.5314746545727548 0.6577378029337562 0.11820562021691713 0.1804580955329392
0 0.5399285457687151 0.4135340386657325 0.12139425273047451 0.19154114474715112
0 0.3666642834720749 0.24135716997342943 0.14016243344863372 0.1955394400324213
0 0.44609114559576446 0.692834086846487 0.12607266237139494 0.19019696856846852
0 0.34768442009084877 0.9420698376750565 0.11325449980360833 0.11586032464988705
0 0.35990366072107494 0.7318002334556647 0.1276442527304745 0.1918322431755744
0 0.3721956242239379 0.49949715570540576 0.13864538524403186 0.20327916542531543