0 0.07642941191516799 0.9351800948512675 0.13038532092583344 0.12290542093374768
0 0.20102915157608575 0.9364934239175197 0.12645980024766904 0.1055359104104042
0 0.33017084202279184 0.9406587371987563 0.13161818114108118 0.08246243145709187
0 0.4642183562908155 0.9398635346949773 0.12471320967712848 0.0680359104104042
0 0.02342774886409881 0.7000231158273678 0.04685549772819762 0.2336917315135615
0 0.09519449028459953 0.6995688185429084 0.1446019863511489 0.2608604472421073
0 0.23223857196379996 0.7180773528849498 0.14438366252983129 0.2561729472421071
0 0.03549223614626112 0.4131678579348601 0.07098447229252224 0.2611642841302798
0 0.11990350765299507 0.4199800290803696 0.14641704342324346 0.23291745776545086
0 0.1391437750213906 0.1407097580336821 0.1356250926374552 0.23540542093374794
0 0.2693214265929672 0.13936081868408273 0.1511045434232435 0.2331904735504664
0 0.5853848808979214 0.9312481269154089 0.12754711124870505 0.06196792093374803
0 0.3988248360224266 0.1692163767036474 0.14231174028009033 0.2451444419804353
0 0.2518962162966662 0.4465740792074264 0.1335531703877142 0.22437691567207613
0 0.4903207456612829 0.7474562268165869 0.13326207195929066 0.21812691567207593
0 0.39068473449363134 0.46108535828779595 0.13562509263745515 0.235405420933748
0 0.5403573645584739 0.17499739789150914 0.15713621960192584 0.22886699459715382
0 0.6061811861079891 0.7523950848220341 0.1417295434232436 0.23264444198043535
0 0.7206246757689069 0.7542999480891531 0.1417295434232436 0.23264444198043535
0 0.6284907954946672 0.4908660506211671 0.15324924028009032 0.24578147881213824
0 0.7822687287026631 0.21700507443986475 0.14013281017246654 0.2652749314570916