0 0.786345688034897 0.9191581396154396 0.23311347241038013 0.1289546631477993
0 0.8245306835123412 0.7972870937553548 0.233522908186029 0.1367671631477993
0 0.8452415739468313 0.6702473068237239 0.22702724672063965 0.1319705689919978
0 0.47424847975801104 0.9621401209444578 0.24069359905006033 0.06508307792045187
0 0.5137436697175313 0.8652690750843732 0.24396908525525038 0.12758307792045187
0 0.20834351876759163 0.9315930990270654 0.22086577792830414 0.10376374837514675
0 0.05504702114244081 0.781785788149447 0.0344303109449909 0.12080342370110611
0 0.8618381744672297 0.5542268405089439 0.23031602103089915 0.13515011606989874
0 0.07916951661988504 0.6601602041399153 0.09512214947960163 0.11717959172016937
0 0.25421486148607386 0.8220993222417041 0.21395403663473136 0.12081488068039511
0 0.5823830478275495 0.6232258510589554 0.20762214947960161 0.11914328652459397
0 0.28960572761030445 0.6916754366900448 0.2248096494796016 0.11944329545304769
0 0.08466816485629125 0.5263482658283125 0.12102290818602893 0.1348034683433749
0 0.605516253390902 0.5125650405883742 0.2236565852552504 0.12722852191409723
0 0.9060939490046318 0.33119271510355447 0.18781210199073647 0.11292056006354426
0 0.6256472896869492 0.4043025271956936 0.2236565852552504 0.12722852191409723
0 0.35610275158187965 0.4684367597425279 0.23516729534115868 0.13835693668674973
0 0.13225141451760697 0.3003118713481997 0.22020403663473137 0.12092397483619655