0 0.9688871641703592 0.8710936439048951 0.06222567165928154 0.14629573138263902
0 0.9831866452011819 0.7096651814239575 0.03362670959763605 0.1501467767854862
0 0.7000111173588065 0.9484250890027426 0.29689358883351813 0.08023823955076423
0 0.7098891602344061 0.8339625454997565 0.325337566315984 0.1589087534184724
0 0.7511185302233314 0.6593067311952078 0.31888730721668546 0.1556382830537501
0 0.32960897978959264 0.9312265905213539 0.32978523442229635 0.13092922378319471
0 0.3502347555463291 0.7891293562889233 0.29126295496493215 0.1627961664125003
0 0.09284375770579745 0.7528697736513541 0.09797402991878959 0.1411354526972918
0 0.09374851634367076 0.5838470167175001 0.12261308451458142 0.16043096656499997
0 0.12005379318014135 0.4204923783247569 0.19398743676633484 0.1542913757593057
0 0.4029022732835011 0.6220314688461108 0.28098678901808827 0.14851546086541703
0 0.8215977043466232 0.3306167271111452 0.26984902991878956 0.1451358877271529
0 0.4384626341731278 0.44437794111069406 0.29484902991878953 0.14571776918604193
0 0.12182014497046942 0.24049575379972216 0.21706399136212667 0.1735505220358335
0 0.844116647129938 0.18143369149194374 0.2909625663159843 0.1581086664125002
0 0.8591095369370617 0.05766017092626706 0.28178092612587663 0.11532034185253412
0 0.5083002606404581 0.14230498841340236 0.30738860271317864 0.17097234232430578