0 0.6894937207624343 0.9389050513383163 0.21159802768032882 0.12218989732336745
0 0.7370319070360005 0.8538849062476048 0.2085366946765232 0.13754028685347244
0 0.7901661773019557 0.7589367353697923 0.21022652866891214 0.1407016544446531
0 0.8388676155526882 0.6576294617184383 0.20397652866891214 0.1405561840799308
0 0.42586230228336514 0.9417186405769445 0.2082183596955513 0.11656271884611087
0 0.4614270705721538 0.8623279601998268 0.22116402866891197 0.14095622758291668
0 0.5209386748304977 0.7644002596867366 0.21791169467652338 0.1377584924005557
0 0.18184038825292023 0.9301096465608684 0.19887785178688594 0.09204594889756948
0 0.2000439015987931 0.8671920724726739 0.22591519566510643 0.1426278303564586
0 0.2473274198875818 0.7814916150257294 0.20091519566510652 0.14204594889756966
0 0.06682676676873292 0.7002922471502083 0.13365353353746584 0.1380844943004167
0 0.08886556939219643 0.5984576434267362 0.17773113878439287 0.14204594889756947
0 0.8787206358186432 0.5623721663155911 0.2041038626613009 0.1436811840799308
0 0.13531814570447512 0.4981498253224654 0.22935853064607842 0.15051306553881966
0 0.3138702741459257 0.6837275686729517 0.19252969269935694 0.12780161094166687
0 0.6216747983662134 0.5759391313619797 0.18621602570316256 0.12609364057694455
0 0.370320545400464 0.5841646329775003 0.2020320266917457 0.13114481648875015
0 0.1873355849437909 0.39222778685347237 0.21717686562705038 0.15803462480937513
0 0.6676504846397797 0.4839523063238548 0.20066052768032883 0.13579594889756966
0 0.9321360903809983 0.3837575102554175 0.11077035672980173 0.11341049620027785
0 0.7135625039171517 0.39352798128572974 0.20066052768032883 0.13579594889756966
0 0.47279558247233294 0.4106018060395143 0.21198002965749527 0.1454255220358336
0 0.3118766230042431 0.21448660619201415 0.22566052768032882 0.1363778303564585