0 0.32290825939154016 0.036480106428914374 0.22081651878308034 0.07296021285782875
0 0.2848445266917457 0.1053690485408187 0.2179116946765233 0.14891478714217127
0 0.2415812994291587 0.21679272323079096 0.21960152866891205 0.1521581863123343
0 0.20043898767989138 0.3225700491655187 0.21491402866891204 0.1518029888018452
0 0.5988977564257907 0.01164328194407919 0.2040455128515813 0.02328656388815838
0 0.5750411037640524 0.065076396571117 0.23210152866891215 0.130152793142234
0 0.5262136260071737 0.16309442509095756 0.22878552768032884 0.14818108133331243
0 0.8465341017868859 0.04227566876693391 0.23082818874502423 0.08455133753386782
0 0.8263754520908971 0.10586838524949393 0.21185269566510634 0.15312869046151914
0 0.9752493507983028 0.15135571615859908 0.0495012984033945 0.12301237012586883
0 0.9603538626613008 0.2682831070303924 0.07929227467739822 0.1318671518694554
0 0.17539917840208194 0.43888213339861604 0.2166038626613008 0.15504638797200823
0 0.9274259575281046 0.3850095883590604 0.14514808494379067 0.14657011452679142
0 0.7728286408359213 0.21493665454552585 0.20190469269935693 0.13835579544054097
0 0.45433992049341654 0.3801294823543533 0.19715352570316255 0.13643809793005196
0 0.7194409970714315 0.3279111738415577 0.21134335969555132 0.14062869046151913
0 0.9077156353987139 0.5007296767413427 0.18456872920257225 0.1655102912913561
0 0.41287927376317723 0.47809430828908095 0.21003552768032882 0.1467602912913563
0 0.1159472184397005 0.6338170477156261 0.184398857718385 0.1292409045687478
0 0.3763607950177155 0.5819539367133195 0.21003552768032882 0.1467602912913563
0 0.6314647890862164 0.5344114728065836 0.2231085306460784 0.16176998465266018
0 0.8268276631162237 0.7131723223870209 0.23653436068413464 0.14721057718412744