0 0.16613875241907441 0.22878474282842384 0.1369062787274337 0.23556053248413758
0 0.28623144454068405 0.21582592975906517 0.13819576294241812 0.23092759618646852
0 0.41381811824644227 0.19767118520136082 0.1413207629424182 0.2310367235911302
0 0.5329475498447083 0.1815600902808367 0.13939424189573071 0.2247321598887993
0 0.08559149161338205 0.5191245114327454 0.12404225768074628 0.22887402286549072
0 0.1937302153050228 0.5151041887447398 0.13910581555913665 0.24655259618646852
0 0.3194358705949295 0.4914261304847046 0.13727029977412109 0.24181053248413759
0 0.06438143345264302 0.7975024825768048 0.04922426820408996 0.22937996515360962
0 0.11212868871431488 0.800729175497896 0.141032336605824 0.2528571598887993
0 0.22049492556013525 0.8006151028098903 0.14389973137238704 0.22177085099579194
0 0.3765537517132027 0.9740736782190439 0.12340667889684287 0.05185264356191226
0 0.6625895472138723 0.18530762757429772 0.14426375241907435 0.2280208509957919
0 0.5082741885731406 0.953695462791357 0.13118835779368573 0.09260907441728605
0 0.3458365598033546 0.7706870445498551 0.1292911998023559 0.21190477767481414
0 0.5645817706231644 0.47035969545297984 0.1273646787556686 0.20560021397248338
0 0.47526645456991756 0.744020395545647 0.12836573663405879 0.22278771397248337
0 0.6398504122647812 0.9480655108845912 0.1461609104104042 0.10386897823081753
0 0.6772791916980866 0.4509053457231323 0.13608723137238704 0.2214980324841377
0 0.8841614393495995 0.1610789870076101 0.118444705064028 0.2130853317584982
0 0.7950281338196963 0.43786468710027737 0.13608723137238704 0.22149803248413757
0 0.7113712835655825 0.7015873920022679 0.15234926820408995 0.23298116950744613
0 0.8798992886154927 0.9157664207733905 0.1285631577089809 0.16846715845321897