0 0.7979101701233609 0.8156862390363608 0.13481131461827509 0.23176028896022594
0 0.6785374572501262 0.8448907236150852 0.1359367720436282 0.2255375624991763
0 0.5509152018022444 0.8802088404990581 0.14073353268728983 0.2271818831160271
0 0.4309797602163332 0.901419998375147 0.13931314431968733 0.19716000324970614
0 0.88567687595923 0.5113766144417502 0.1343742720436282 0.2255102889602259
0 0.7717018572697966 0.5305066696373257 0.13859187848024543 0.24118983603812652
0 0.6451504289254372 0.572883310060249 0.136810857192922 0.23803756249917604
0 0.9312889327838348 0.22823287783443086 0.10501455397461328 0.22967959172016936
0 0.855016009887357 0.23394136119533937 0.1390289210548925 0.24743983603812653
0 0.7475641428070781 0.24927426054671625 0.1432029688253195 0.21786143019392784
0 0.7219953322993022 0.05562367207295775 0.12475933540139543 0.08801028896022585
0 0.5907617577936701 0.06428383157060436 0.13097648441265974 0.10996710957707685
0 0.30152720699802454 0.9081006465087078 0.13978303788306992 0.1837987069825843
0 0.4588890449204355 0.09327012783772613 0.13847191015912905 0.17252165665497754
0 0.6214661825317334 0.29635203773911456 0.12848490496334897 0.2082409683433748
0 0.4003735244662912 0.6280581850618965 0.12492286238870207 0.20193642126547412
0 0.4915166025782195 0.342580381084137 0.1276872294689813 0.2191511948044244
0 0.3279996778401564 0.10819392410484792 0.1542825804577169 0.1977671185055306
0 0.2884308993402404 0.6628677873353728 0.13528120818165768 0.21616256249917623
0 0.08131861380295899 0.9383454797074606 0.1087408514929388 0.12330904058507883
0 0.17062068646700573 0.6920995454530476 0.13528120818165768 0.21616256249917623
0 0.2556394507169637 0.4159012840889619 0.15021779333095156 0.22890802434972918
0 0.08581789565706961 0.18218698295387142 0.13288818169855415 0.24889324188232517