0 0.15810109698519056 0.878175632124479 0.14547097353086733 0.2078514804327085
0 0.2506888573242728 0.8674361942448261 0.1451798751024439 0.2016014804327085
0 0.36251676923493154 0.8624921614754163 0.1516481989237614 0.2064344507974308
0 0.4678763573242728 0.8623810990707288 0.1434718258882322 0.19844011284152785
0 0.052189526676275064 0.657029943579236 0.10437905335255013 0.19982077488562505
0 0.13262602378304553 0.6376240205172221 0.15059512117350246 0.21733558320625015
0 0.24256394996172798 0.6397476053389928 0.14583484656639661 0.2156639804327085
0 0.0009160289503320444 0.4271437282485069 0.0018320579006640889 0.1957125435029862
0 0.04453975041428476 0.40973736949104167 0.08907950082856952 0.2211502610179167
0 0.11023956327734759 0.39778092372760404 0.14964905128112632 0.19702308320625014
0 0.08309067411176782 0.19316681212034714 0.14652405128112633 0.196950348023889
0 0.18719813130769689 0.16967280110243038 0.14979460049533802 0.20014808320625016
0 0.5763802160917784 0.8450279852792704 0.1515026497095498 0.20330945079743054
0 0.3016416209686147 0.17559353315065945 0.1587714942090317 0.22532992116215295
0 0.21725154259918314 0.4124590599361456 0.13678517824559702 0.1889196424768056
0 0.45304768569370435 0.6278249143252079 0.13166103060296183 0.17943553970326392
0 0.32975154259918316 0.40984059337114553 0.13714905128112634 0.19673214247680573
0 0.41819342018282646 0.16975914760770797 0.16443929735218493 0.21297539152687514
0 0.5563182349079161 0.6222996533072912 0.14332627667402048 0.19531511284152786
0 0.7706032510379666 0.8303621539728813 0.1254838052100677 0.18085256933854196
0 0.6504321079434453 0.6123050978364578 0.1433262766740203 0.19531511284152786
0 0.5287883560814185 0.4091099754956245 0.1532834735308672 0.20803331838861117
0 0.633799149504662 0.18190973622920087 0.14768844499482014 0.221950348023889