0 0.17301959053156107 0.15548408076442338 0.19537066162790723 0.11387053667377875
0 0.15544326187707583 0.24593373758216436 0.18922079117755658 0.11492285364324066
0 0.12905313772609733 0.3513706656117327 0.19274630937615383 0.12142794515850977
0 0.09832596699889143 0.45095620636839734 0.18609579117755654 0.11466776212797161
0 0.4213953362126245 0.0909424460765936 0.19224566162790727 0.11361544515850971
0 0.4126933598098925 0.1899698774401418 0.2048457911775566 0.11619831121958599
0 0.37864092998338805 0.2924253266815374 0.2044452729789592 0.109948311219586
0 0.6635420658545588 0.0745832198734948 0.19479086829088246 0.05631312818904786
0 0.6652058929678846 0.13440463002521566 0.20953329117755662 0.11658094849248961
0 0.6491419995385747 0.22576308260059114 0.18337130937615384 0.1206626706127025
0 0.8541601665651527 0.2495665997295326 0.18317105027685515 0.11753767061270251
0 0.8467703662882975 0.3526278268507153 0.18649630937615386 0.1209177621279716
0 0.09001387376799494 0.5574772733378592 0.18002774753598988 0.12117285364324068
0 0.8086114273624944 0.4578894116980246 0.21169656847545254 0.12608349425012405
0 0.6044524583610181 0.32263821153854505 0.17622014342931003 0.10608998758216437
0 0.3289053385289763 0.4925530013771258 0.16840764342931003 0.10545225879399175
0 0.574106019435215 0.42853752517402705 0.18569527297895938 0.1084177621279716
0 0.7794770350129185 0.5693850210911411 0.19657221622369897 0.13262053667377885
0 0.3037470473514198 0.5910224522855114 0.1829707911775566 0.11441267061270252
0 0.06331811497785071 0.743335153942803 0.12663622995570142 0.09751221303635713
0 0.2868518391472851 0.6830983819820696 0.18297079117755652 0.11441267061270252
0 0.5172588348283484 0.6170899710814428 0.1928464389258032 0.12299044515850958
0 0.7062038140088575 0.7691620094222115 0.21079540252860873 0.11202099425012406