0 0.033386080645743124 0.3602198939408634 0.06677216129148625 0.2329397878817268
0 0.0921681135250166 0.31101686151914837 0.16375009263745519 0.24062448424818444
0 0.20755982713108648 0.27495142894765223 0.15877149420903172 0.2339918469752808
0 0.022420693756474954 0.6614635295467771 0.04484138751294991 0.22917705909355418
0 0.0732308497737216 0.6225602683368894 0.1464616995474432 0.25130689273291545
0 0.07203516439636735 0.9048308922738734 0.11534682588823217 0.1903382154522532
0 0.31504914950466195 0.22334074470916607 0.16680231803034928 0.2393170757634535
0 0.31816099359436845 0.9808668469752808 0.13572348428423436 0.03826630604943837
0 0.1386811629486253 0.861415216370337 0.1504495719592908 0.22241661818710828
0 0.28556058685099617 0.5197215371328208 0.14547097353086738 0.21578398091420467
0 0.2537282741973303 0.8159110109200235 0.1508862196019259 0.2317916181871083
0 0.4586425984329326 0.9557550187959313 0.1541866939613627 0.0884899624081374
0 0.3919946774215367 0.4907671028943346 0.15706344499482006 0.23073930121764635
0 0.5328060378416722 0.14465699062628015 0.13751292431665546 0.2120212521260319
0 0.49844803867024173 0.4445613957770312 0.16175094499481996 0.2311219384905499
0 0.4662903943373754 0.7140608238065995 0.17021841645877273 0.2458221672787225
0 0.6677500787882256 0.900955561678628 0.15401121960192582 0.19808887664274408
0 0.7713502677871895 0.8775976166047071 0.1628425641014079 0.24480476679058577