0 0.04525402935093733 0.20623503742738744 0.06254028685347239 0.20581766046291677
0 0.12319784460541652 0.18405613047912736 0.12514938962701408 0.21341614474715104
0 0.23291833672163179 0.17430660297653738 0.12983688962701406 0.21363446856846863
0 0.3463086894951735 0.17489526199171204 0.12344141926229187 0.20709337014004517
0 0.03742399876572902 0.4519285270883053 0.07484799753145804 0.21948205417661054
0 0.11570742724298574 0.43867085587202154 0.1269300951740974 0.2228639193542568
0 0.03760322388010392 0.6966053263025169 0.07520644776020784 0.20258565260503386
0 0.030206338337152434 0.8909182524811993 0.06041267667430487 0.12558650496239848
0 0.1104113702535409 0.901425566996892 0.121950348023889 0.14303087014004526
0 0.4584638505893402 0.16134864639978086 0.13129028685347238 0.20901974317557448
0 0.21598922302708257 0.9016503529765373 0.1290368026210418 0.17925946856846836
0 0.1103432075438536 0.6691396058720216 0.1200254785328474 0.19444782092583351
0 0.34314274943131917 0.41172317390237084 0.11522887575930571 0.18954199710451594
0 0.2270222144777078 0.662842564101408 0.11715505167111129 0.2052397717116218
0 0.3510727378447215 0.9039341368892682 0.14215505167111128 0.1921317262214636
0 0.44703081563572883 0.4173439352749103 0.1233686840799308 0.2039683701400452
0 0.6776502616835068 0.1527870913946009 0.10752547853284736 0.19386562406898658
0 0.5567513077519441 0.40759440777232037 0.1280561840799308 0.20418669396136271
0 0.4474444704616314 0.6347861463997809 0.13452438962701407 0.2138527923897861
0 0.5644091924418743 0.8848823839937839 0.12398693313000013 0.23023523201243198
0 0.6695331035360409 0.8711561017336831 0.12700283035645868 0.22598891935425688