0 0.19487612284979233 0.9767818152494154 0.24991071996293307 0.04643636950116914
0 0.16116083256110642 0.8887925807086126 0.25630954210278445 0.15499976639624685
0 0.1365551582443368 0.7420000910815747 0.22662204210278442 0.15275018216314945
0 0.5006896132311455 0.9721621103776066 0.2622123125212045 0.05567577924478684
0 0.11645593465320662 0.6126910993799445 0.19548116950744615 0.153507198759889
0 0.8020884221241531 0.979432926564072 0.23441469473518958 0.041134146871856105
0 0.42703382530471223 0.7375190363169787 0.22931053248413757 0.1404869805034755
0 0.7629390981702031 0.8736163599766213 0.2533482332097769 0.15945046805592078
0 0.970223253080043 0.7249816408950153 0.05955349383991404 0.15736405933798814
0 0.4067436287554241 0.6027412946153484 0.24682541469812272 0.15116437137526867
0 0.08109875489414145 0.3365187630722546 0.13501489546082907 0.11775803029369403
0 0.37152783665263966 0.46449501079716954 0.24693454210278443 0.1542893713752687
0 0.6880382687739576 0.6030185948297743 0.25987105172143127 0.1677365647365729
0 0.9116245246795893 0.43820276869455393 0.17675095064082136 0.1376454004195629
0 0.898504476586355 0.31549897450341274 0.20299104682728988 0.1455529888018452
0 0.6169072801218849 0.3288105776083349 0.25652779691210803 0.16124976639624683