0 0.11486884374876427 0.1706946258717132 0.11897964529089182 0.202303376720185
0 0.20922281574558704 0.15226796314777818 0.11736259821299111 0.19904167568342573
0 0.30985406128136017 0.13485699627680614 0.12051487175194149 0.2008775777569442
0 0.41517280681713337 0.11703592629555634 0.1204057775961402 0.19462757775694417
0 0.11408145981866288 0.394542228981991 0.12070578652459388 0.21181507775694425
0 0.20683202150706018 0.3739085172948152 0.12374896590774283 0.2074009798304628
0 0.04632476420016422 0.6367679766729167 0.07388533360249452 0.21083904665416658
0 0.10328783035278837 0.627872138831204 0.12350350405718977 0.19333847983046262
0 0.09290725811108427 0.8400399481620372 0.12035123051823944 0.19150257775694407
0 0.18662998457213392 0.8302753859564819 0.12353077759614006 0.19490097983046262
0 0.5094858685055306 0.09767342700261616 0.12514782467404081 0.19534685400523233
0 0.29119475364685743 0.8140851664936116 0.13027170129724625 0.22357278397749986
0 0.19575201988220708 0.5908321771440281 0.11240236282348773 0.18300657257314795
0 0.4119189419617554 0.334057330960973 0.10922281574558705 0.17960817049962952
0 0.3080611051095547 0.5700522024973618 0.12514782467404081 0.1981626808672221
0 0.4005015697994816 0.8006098439204636 0.1362216923687925 0.20693208812453676
0 0.5080263287312305 0.3264314672002787 0.11563645697928919 0.1895299746466664
0 0.7093222272718286 0.08063360702136638 0.10305463636243814 0.16126721404273275
0 0.6063001874975285 0.3084443018844456 0.11878873051823931 0.19136587672018504
0 0.5013883652558244 0.5288825239392139 0.12991714529089188 0.20326028397749968
0 0.609894160708872 0.7384735544763437 0.11768988068039513 0.21779167568342572
0 0.6996015430141203 0.7228007448626865 0.11914328652459397 0.21167837672018486
0 0.6987036960189451 0.49205859278916797 0.1267648717519414 0.20142438190398124