0 0.14355955517696722 0.09948646514396492 0.14336911035393446 0.18976101172019227
0 0.2450765525461313 0.10521363587117079 0.17765310509226265 0.19040136181247735
0 0.3732925578078031 0.11498675894241513 0.1809601156156063 0.19372662091177598
0 0.5044970551769673 0.1226163911129581 0.17149411035393455 0.19156334361388008
0 0.10407763915195531 0.3436882456810634 0.18394787869919882 0.27175149136212673
0 0.22264562862861165 0.3481730914544118 0.18827135765251138 0.2658018800110746
0 0.09678586782291924 0.6327612376614988 0.13423630503579292 0.24677247532299768
0 0.08536106236360333 0.837509294416759 0.08062691567207607 0.12814358883351815
0 0.17009237813450145 0.8623974753229977 0.15533848933548197 0.1547246776670363
0 0.621039813069475 0.1324197925618325 0.16671560509226263 0.1897004549649321
0 0.30115266233536847 0.8809145427187162 0.17369364718563746 0.2026009731635292
0 0.1906877862670056 0.6146503901901074 0.16944576294241812 0.23657545496493207
0 0.4843188759977757 0.36416354102067305 0.1659567418957307 0.23012519586563346
0 0.3345287915286774 0.625424808757845 0.18772532608248033 0.2564268800110746
0 0.4371657570454618 0.9036529322166855 0.18875720506402768 0.19269413556662904
0 0.6070129233528224 0.3860361458933201 0.17789529977412108 0.24801360271317865
0 0.8691811814570916 0.1833464466316006 0.12070588410204479 0.12137195712440044
0 0.7328396759836583 0.3948778246400904 0.1810202997741211 0.24821386181247734
0 0.5827387783744978 0.6374391571520871 0.19590184712916764 0.26317752775932135
0 0.7019262070595792 0.8962985132613518 0.1813843208208084 0.20740297347729636
0 0.8161707175829228 0.9030782418235521 0.1810202997741211 0.19384351635289576
0 0.8343467810053337 0.6543412646456278 0.19103233660582397 0.2597521391103733