0 0.11947698365635509 0.11324086426498885 0.17042103268728984 0.22589994554888215
0 0.24173439590917117 0.10848116227319904 0.17278120818165768 0.21498062626704137
0 0.3860853294493107 0.10072372530852385 0.16220434110137863 0.19773858411256368
0 0.025612369173966042 0.42130282825883114 0.051224738347932085 0.2519806565176623
0 0.08563472028875252 0.39439541549465285 0.17126944057750504 0.25716812626704144
0 0.009528911244409887 0.6923602168225127 0.019057822488819775 0.23159543364502538
0 0.05267566476309264 0.8990056474424761 0.10535132952618528 0.09609427088084743
0 0.5070698188056489 0.10299072813719423 0.17023536238870207 0.2009090359079618
0 0.1615031405381641 0.8981794665279251 0.1536927185732179 0.1430238130353249
0 0.06626237139370376 0.6661976926220159 0.13252474278740753 0.22897040339440444
0 0.36042513970498485 0.36708906869266555 0.1687492720436282 0.2243283551898025
0 0.1922278886965787 0.6599800297596417 0.17809142105489242 0.24624880698520074
0 0.30823067506703933 0.912319755460949 0.17284691015912906 0.17124880698520073
0 0.49999573809583053 0.37180890583029136 0.1681701178365838 0.23838176483072288
0 0.7608668081619873 0.10603041148763212 0.1378491972858944 0.13980790944452864
0 0.6185654216359702 0.3639014779408025 0.1712951178365838 0.2383999455488822
0 0.4632177318916442 0.629512321521336 0.18634096362953936 0.2525442587805987
0 0.5717522256874579 0.8859976290957118 0.1677330752619369 0.2280047418085765
0 0.6974242150437963 0.8879101079202771 0.17845205397461328 0.2241797841594458
0 0.7082078037993863 0.6020196223582165 0.18466920298587758 0.25097266842151916
0 0.5768813941444604 0.6247026225546082 0.15501455397461328 0.228934041958086