0 0.7830059621583848 0.13179663549643048 0.19277283175849824 0.12057629958972589
0 0.8100620246795893 0.21488182263395733 0.18646826805616748 0.11854020290907383
0 0.8289608468194407 0.3098158143355876 0.18657739546082902 0.12166520290907376
0 0.854682587833766 0.4216296527178699 0.19277283175849824 0.12057629958972593
0 0.5618303666048885 0.11269940291836258 0.20058533175849824 0.12116829544054104
0 0.5867609339354164 0.20185699130064494 0.19288195916315978 0.1237012995897259
0 0.35156498920022683 0.09364971453143586 0.18199902286549072 0.12443500539858474
0 0.14615080290255766 0.07964272365499821 0.16421132213985135 0.10594511452679148
0 0.144546152084251 0.16756877614450913 0.18512402286549076 0.12467180373891074
0 0.865741628122452 0.515190398568685 0.1977877139724833 0.13030649710021508
0 0.16234626569391464 0.2756656186759764 0.2087797776748142 0.13269779129135612
0 0.3805109339354164 0.18622830083912575 0.1738591406515056 0.11446800954776962
0 0.6315179063454203 0.4125110713845575 0.16933533175849824 0.11880031203728052
0 0.3972024153310949 0.2848909437855115 0.18512402286549073 0.12467180373891082
0 0.18111860226173626 0.3892904107925251 0.19499009618646848 0.13944469875988902
0 0.6399157381039184 0.5191162688950466 0.18021826805616747 0.11806660622842173
0 0.9038666546161398 0.7144333819719455 0.18953870435383635 0.11721450124939992
0 0.6555531509879426 0.6099072122563507 0.18032739546082902 0.12119160622842173
0 0.4414782381039185 0.5040795742843425 0.19164684137714505 0.13295790041956296
0 0.24150057467174008 0.601128482578068 0.2067807680561673 0.12007939212119326
0 0.25654771051392233 0.6973289763542906 0.18835815027015246 0.1280336020792369
0 0.483045723127794 0.6903373056130105 0.18846727767481428 0.13115860207923688
0 0.45544402358328095 0.5916271184754838 0.17364088584218215 0.10821800954776961