0 0.9156143656270505 0.11077017866439098 0.11003021049385424 0.2125428494618807
0 0.8252931131555925 0.10714346929459422 0.14784854547482604 0.21428693858918843
0 0.698938860189843 0.10456750992705206 0.14497821345960346 0.20913501985410413
0 0.9426716141441756 0.3587153730400385 0.11465677171164898 0.22620724317557447
0 0.9755782505314727 0.8146913912370035 0.04884349893705462 0.13190927956950455
0 0.5911581936879401 0.10915871443463938 0.15617038144438117 0.21831742886927877
0 0.8960816818993041 0.8224011914846725 0.14281353558899426 0.17508139081820956
0 0.9617319733454354 0.5924354015760858 0.07653605330912931 0.20302230024766904
0 0.7218165805695287 0.34913712758815246 0.1438322075281045 0.20008139081820958
0 0.8780652164625341 0.5915514518237548 0.15090987847863174 0.22068498924663302
0 0.7715910178688592 0.8407231600531411 0.1578310405319101 0.19917386228216225
0 0.6009138315581118 0.35946465963885643 0.14277904349765969 0.2125086162111037
0 0.3679607742202878 0.10201620636961414 0.13652904349765968 0.20403241273922829
0 0.4983472470714315 0.35876264640429 0.14590404349765967 0.21265416542531543
0 0.630362545512007 0.5827373397464802 0.1573508794672147 0.22566358767505648
0 0.5324184299221377 0.8299462876367845 0.14398871642535305 0.24219611621110387
0 0.4244149289335546 0.8302802355270886 0.15416221247102033 0.22395553846084476
0 0.4177842910633828 0.5715045490093239 0.15728721247102034 0.2241010876750565
0 0.5310164615196182 0.5842335272977023 0.13158687551288217 0.20574919396136265