0 0.9496900090704926 0.29727447516583155 0.08794646641955381 0.2880850518379628
0 0.8587822668750411 0.25894541555217426 0.18983634863353913 0.30634561922731446
0 0.9576835583448533 0.6089638308680074 0.0846328833102934 0.26954966531583313
0 0.984960364875608 0.8936958136196751 0.030079270248783985 0.2126083727606499
0 0.895352294086519 0.8871293828938651 0.1866915012659444 0.22574123421226994
0 0.7585244166818573 0.866065735721319 0.19948416714519351 0.2678685285573622
0 0.8611012573412122 0.5706935598499984 0.174682574586922 0.27386530989648106
0 0.5476984339354164 0.20524775975546192 0.19225202050323809 0.286306521300833
0 0.7138715932760615 0.5476874123946283 0.1924702753125615 0.292556521300833
0 0.5904192574260302 0.8580882031811801 0.2102034123358701 0.28382359363763987
0 0.3874603383819202 0.18889215348763816 0.18282245680090714 0.2839238150802774
0 0.25459327467958925 0.17571006536310138 0.1806597560752678 0.2665996140435182
0 0.40480412812245187 0.48481980815305475 0.20061015752654665 0.30261502648462935
0 0.27436518229095397 0.7865108643263421 0.1841865493591786 0.3229863150802775
0 0.1326588319281342 0.7655456704996294 0.18950896641955403 0.29697061922731455
0 0.12092763592700022 0.4296081704996294 0.19581353012188493 0.2990799233743514
0 0.27567962331312845 0.4672919726204162 0.1669246382892529 0.27474430471268485