0 0.18793275620055538 0.9545432240254176 0.20241645020978144 0.09091355194916488
0 0.15502701304903263 0.8757342057614732 0.2063469336130419 0.12843646590774255
0 0.11223770703503673 0.769379065745587 0.21032403859206378 0.11914328652459379
0 0.4571204640840067 0.9717188616056717 0.20641686597668393 0.05656227678865662
0 0.4187100821352831 0.9163218441525061 0.21079763527271583 0.12539328652459397
0 0.6736576912634898 0.9379822045403617 0.19614313942190087 0.11733532467404081
0 0.8675978680280544 0.8975595762923033 0.1390643452307594 0.10541597727182861
0 0.8607460620140586 0.7918317276722752 0.17029103444287905 0.126246674511885
0 0.09791128474361789 0.6672574581971051 0.19582256948723578 0.13016260714144484
0 0.841950363053677 0.6991942142795945 0.22232713112353117 0.13339670129724618
0 0.6321465427180267 0.8457304748329012 0.18965634108157464 0.1141012305182394
0 0.3481052746713947 0.7124780495102374 0.19841603444287886 0.1267375982129911
0 0.6003063920979712 0.7497361363591428 0.20322193361304192 0.12838191882984215
0 0.8081100045501703 0.5883015787279353 0.21498822780418303 0.13951033360249454
0 0.3202781178275618 0.6048195081143796 0.19626153859206372 0.11889782467404082
0 0.060330158293725365 0.46304151663909143 0.12066031658745073 0.1104580332781829
0 0.29097097135669114 0.5166922167185217 0.1981792361025528 0.12361259821299111
0 0.5247772862937568 0.5489355211000231 0.20970873195336798 0.1316160129856435
0 0.7176187495757926 0.3888043648487874 0.22438653859206373 0.11938874837514693
0 0.6874594981259002 0.2912747999139792 0.2063469336130419 0.12843646590774283
0 0.4558766887879121 0.36389627353565507 0.2063469336130419 0.12843646590774283
0 0.49925799065272314 0.4624389135515411 0.1893011435710857 0.10941373051823948