0 0.7171875 0.9609914701550395 0.1875 0.07801705968992109
0 0.753125 0.8927936929309727 0.1890625 0.12774067550756812
0 0.7984375 0.794916199870803 0.1921875 0.12012843460686647
0 0.453125 0.9722521391103733 0.2 0.05549572177925342
0 0.49453125 0.9207535024640101 0.196875 0.1251163232558145
0 0.24375 0.933588959745294 0.18125 0.12567752775932134
0 0.0609375 0.8789050524363236 0.121875 0.10468510487264701
0 0.07265625 0.7835622740586935 0.1453125 0.12337454811738695
0 0.825 0.7036496522148415 0.2 0.13000408235511304
0 0.096875 0.6905830320782579 0.19375 0.13116606415651583
0 0.2796875 0.8569856893872284 0.1734375 0.11423938001107459
0 0.5703125 0.7248285356220021 0.18125 0.12724002775932136
0 0.32109375 0.7619828724529355 0.1859375 0.12597791640826922
0 0.12734375 0.5901918082964197 0.1953125 0.13907869370616516
0 0.603125 0.622243756164638 0.1796875 0.119327398209672
0 0.8984375 0.5169494910483596 0.1890625 0.11524067550756775
0 0.634375 0.5367463471576244 0.18125 0.12255252775932135
0 0.40546875 0.5666086181339989 0.190625 0.1325283050572171
0 0.2171875 0.40141800740125566 0.2078125 0.11800473010335963
0 0.2578125 0.300115125692138 0.1890625 0.12930317550756784
0 0.48046875 0.38157108651716626 0.1890625 0.12930317550756792
0 0.43359375 0.47856720002768666 0.175 0.10965200956072393
0 0.91171875 0.42092559222037884 0.1765625 0.11443963911037329