0 0.8322318188667701 0.9098717228156044 0.13906641926229177 0.1802565543687912
0 0.7235471498888187 0.9113600149771877 0.14676981648875015 0.17727997004562468
0 0.6119011350711798 0.9066665032987054 0.13910278685347244 0.1866669934025893
0 0.8671017006099995 0.7006872202418147 0.14546188962701406 0.2119042695960413
0 0.9624369568782635 0.46736390637261904 0.05905161094166687 0.18909124373179384
0 0.9400762200803818 0.21888930245341073 0.1155561840799308 0.2016654515702104
0 0.5042704730270826 0.8987797954602887 0.1486959924005557 0.20244040907942243
0 0.8509955362847915 0.21707909837591793 0.15207556553881965 0.22771112602253202
0 0.9106562513311802 0.4752385908540705 0.1308902433504862 0.18962009263643723
0 0.6420471492232286 0.6964841388881488 0.14360844889756966 0.1993588054894186
0 0.810129574469444 0.46136865597690757 0.14528005167111138 0.2040917695960413
0 0.7338080362847915 0.21366929037921684 0.15807099240055572 0.2169554824490228
0 0.5330358251350342 0.6776766514245611 0.13732208130638898 0.1976144490629279
0 0.29438697996093677 0.8880672674844702 0.13099934612402803 0.1943075926364372
0 0.42925686170416616 0.6691845383341528 0.14048344889756953 0.19926787727617318
0 0.5638176189223607 0.4635830591838353 0.1501130220358334 0.21047816191590943
0 0.5091892427818053 0.2243326910788621 0.1395028303564585 0.22422241316955063
0 0.4043926400082637 0.22597409593514248 0.14691528685347244 0.20726223370266403
0 0.3692136337399996 0.4610477779093115 0.14691528685347235 0.20726223370266403
0 0.4701585379003122 0.4569489627864744 0.12623911094166687 0.1910462003165691
0 0.19562282485069374 0.86564904671393 0.1292186405769446 0.1848871285298145