0 0.9031386355386195 0.06171875 0.19372272892276107 0.1140625
0 0.9121096354404236 0.2171875 0.17578072911915293 0.165625
0 0.6005181504675383 0.0890625 0.2869101684215192 0.1671875
0 0.6163982014026146 0.2671875 0.2868283551898026 0.153125
0 0.9498328701187212 0.55 0.10033425976255757 0.140625
0 0.6470401891059745 0.43125 0.2868556262670413 0.1578125
0 0.27207602966144584 0.303125 0.3041158491396783 0.1703125
0 0.04577312577606207 0.48203125 0.08676472267624522 0.1421875
0 0.06155318276126269 0.64296875 0.11657948770335987 0.1640625
0 0.3488395593228917 0.60625 0.3009726684215191 0.1671875
0 0.2994975685944697 0.45078125 0.27735336123992677 0.1359375
0 0.9569439212010916 0.7125 0.08611215759781672 0.1421875