0 0.3278040954320157 0.03785556576579934 0.1975168091359686 0.0730022045258726
0 0.2620695528043905 0.09921070140261463 0.20227290818602892 0.1339487948849522
0 0.1987263478068649 0.18949481293712894 0.2050703595655099 0.1277169756031115
0 0.5294175050883826 0.08279185762568944 0.20687852103089915 0.13241356596219106
0 0.945181945952414 0.1571076190385668 0.09964587516934209 0.11304542154477706
0 0.9255444753510563 0.23357921544777063 0.13187852103089917 0.1319772287263694
0 0.16367523914586615 0.2916658461146162 0.21181168249628843 0.13712833703942992
0 0.8966172139310956 0.3232820648820366 0.1807254568065481 0.1400715298578376
0 0.7387648496158873 0.14418439646051745 0.1827859237898611 0.1197772105759968
0 0.4221804579382017 0.2650362101832133 0.19289790818602892 0.1338942527304745
0 0.697627515265148 0.24319406820168626 0.19914790818602873 0.13393061416679294
0 0.8700370245374021 0.4278468450344617 0.2091780054270668 0.14648515632127074
0 0.37783955845860007 0.3804384963857627 0.19092597241038015 0.1260726623713948
0 0.08166832259209425 0.49272837636523725 0.1633366451841885 0.1229567527304745
0 0.33308257915081496 0.4739566922292324 0.19265224672063966 0.1292067527304745
0 0.5782213387617533 0.43396399306611305 0.2040810696514182 0.13864538524403186
0 0.7514939851891372 0.6170588150784283 0.2175703595655099 0.12778969847574828
0 0.6896723366140468 0.7081332669720222 0.2023547953411587 0.13551129488495234
0 0.47398646087887775 0.6185702763417961 0.2023547953411587 0.13551129488495234
0 0.5321884644969224 0.5220043485505031 0.1857471494796016 0.11667039129415606
0 0.0707817322484612 0.5801783793902994 0.1415634644969224 0.1228567587805987