0 0.0515625 0.2203125 0.0875 0.175
0 0.1375 0.1796875 0.090625 0.175
0 0.2328125 0.14375 0.0859375 0.1796875
0 0.0640625 0.43125 0.090625 0.18125
0 0.1171875 0.8828125 0.09375 0.1703125
0 0.3328125 0.1375 0.0953125 0.184375
0 0.2109375 0.86875 0.0953125 0.19375
0 0.078125 0.659375 0.0828125 0.1609375
0 0.2609375 0.384375 0.0953125 0.1671875
0 0.18125 0.65 0.09375 0.171875
0 0.315625 0.8625 0.1046875 0.1796875
0 0.36875 0.371875 0.0875 0.1671875
0 0.54375 0.103125 0.08125 0.1765625
0 0.46875 0.3625 0.090625 0.1671875
0 0.3890625 0.584375 0.0984375 0.1765625
0 0.528125 0.7890625 0.0828125 0.19375
0 0.6234375 0.765625 0.0953125 0.175
0 0.5875 0.5390625 0.0984375 0.171875
0 0.4953125 0.5703125 0.078125 0.1625
0 0.6328125 0.1015625 0.0828125 0.175
0 0.73125 0.096875 0.0953125 0.1890625
0 0.6859375 0.534375 0.078125 0.18125