0 0.9892123276037793 0.7702500324694979 0.02157534479244134 0.1617765620344933
0 0.8075404467280517 0.8969710060003653 0.2425641847906917 0.09707201488719619
0 0.21101295661388347 0.9717186805219086 0.1313428419010542 0.04666529238978612
0 0.7927683395039583 0.7841627909465533 0.2698217045623551 0.19191363399378397
0 0.9780453814443811 0.4759734935943684 0.04390923711123769 0.13259848428423435
0 0.7650996428502687 0.6429941354460353 0.2715752055509384 0.19667390860089
0 0.49227093239359565 0.8435571774215367 0.28777320851668764 0.21146415467194862
0 0.1899988251695023 0.7441394900752025 0.24431236859279987 0.17824924028009032
0 0.16011371250820144 0.6062049964853433 0.2717662065395213 0.20136140860089
0 0.4749601211014388 0.5531868885464072 0.2798333745242989 0.20797528163641915
0 0.47244656923800327 0.7028058988854895 0.2583112015966055 0.1773417117440431
0 0.928059968896811 0.20490116832530875 0.10448586463846751 0.15302230024766902
0 0.4464929284020819 0.43084100765299504 0.28512836958138305 0.1848288800648426