0 0.04375 0.2265625 0.0875 0.175
0 0.1234375 0.190625 0.09375 0.175
0 0.2125 0.153125 0.0875 0.1796875
0 0.0390625 0.4359375 0.0765625 0.1703125
0 0.096875 0.8828125 0.0875 0.1703125
0 0.3109375 0.1421875 0.0953125 0.184375
0 0.1796875 0.8875 0.0953125 0.19375
0 0.05625 0.6625 0.0828125 0.1609375
0 0.2328125 0.3953125 0.09375 0.1671875
0 0.153125 0.65 0.09375 0.171875
0 0.2859375 0.8671875 0.1046875 0.1796875
0 0.340625 0.3765625 0.09375 0.1703125
0 0.5203125 0.103125 0.090625 0.165625
0 0.4453125 0.3625 0.0875 0.1671875
0 0.3703125 0.584375 0.0984375 0.1765625
0 0.496875 0.7953125 0.090625 0.20625
0 0.5921875 0.76875 0.0953125 0.175
0 0.5703125 0.5390625 0.0953125 0.171875
0 0.4734375 0.5703125 0.078125 0.1625
0 0.615625 0.1015625 0.0859375 0.175
0 0.709375 0.096875 0.1 0.184375
0 0.6640625 0.5265625 0.0859375 0.1765625