0 0.037477197260295775 0.7652780075218473 0.07495439452059155 0.21618259263643722
0 0.0892379721202129 0.02563048581423504 0.059024055759574215 0.05126097162847008
0 0.1050090720911179 0.7950444123781277 0.15366636031120043 0.22114287727617316
0 0.15149885605913663 0.03772130885463091 0.13137728788172676 0.07544261770926182
0 0.08452019740522783 0.5018088894168742 0.150573311219586 0.20234741316955046
0 0.07314272772515673 0.21220683181588446 0.14628545545031346 0.2084610208496825
0 0.2606985128768776 0.04791701128277109 0.1442279742462448 0.09583402256554217
0 0.19898143907027807 0.5413450993668618 0.14770340273485508 0.2053814849563052
0 0.3229143070882084 0.8658640630777731 0.14432331121958591 0.20216555674305994
0 0.3074955696752219 0.5678046477966514 0.144323311219586 0.20216555674305994
0 0.28472684680610294 0.31204639278208646 0.15615363152302777 0.2134213054894186
0 0.4766904325714962 0.10718905971256072 0.15286913485700762 0.21437811942512144
0 0.5787154471153638 0.13826058564331517 0.15290108576539332 0.21176787727617324
0 0.48168185301502076 0.3912695768678266 0.15420849425012406 0.20868834138279596
0 0.37944954438050865 0.3451423861181689 0.1296230824314133 0.19394387978345567
0 0.42047496223895947 0.8832895923072327 0.14170849425012405 0.2083246285298145
0 0.529276006329604 0.8871383548436451 0.15618558243141328 0.1947167695960413
0 0.5844561666505028 0.4116609817241069 0.14183604000775868 0.2098871285298145