0 0.8730608184446341 0.13658479819775554 0.1429966368892682 0.16106817599857096
0 0.7568900088913402 0.11678076056678714 0.14190501778268025 0.13763067599857096
0 0.9970078564911941 0.8966314235759079 0.005984287017611933 0.171590776735205
0 0.6430458327126577 0.11349223357948049 0.14859166542531543 0.1474427185732179
0 0.9447004937947469 0.9025390360414847 0.11059901241050625 0.19492192791703075
0 0.9914042117440431 0.6700689235759079 0.01719157651191381 0.19971577673520519
0 0.7942595380465599 0.3506694415090367 0.1585531703877141 0.22756726114786482
0 0.9340454760120668 0.6643545191167619 0.1319090479758664 0.23236402179152654
0 0.8511090831224333 0.9092426860995924 0.1635660020669146 0.18151462780081537
0 0.6668258968140657 0.35655381872877434 0.15869871960192583 0.23069226114786492
0 0.39311860731976356 0.0975730305936029 0.13267556699689198 0.1401001121366005
0 0.5465861714211714 0.3497032491668207 0.1538656703877141 0.22723947921687965
0 0.6878812212545558 0.6079906325907448 0.16531259263745515 0.2389418037225118
0 0.5972563370513747 0.8762284542848227 0.1634975355653605 0.24754309143035477
0 0.470820115587422 0.8630230679724697 0.16047954342324341 0.23548902179152656
0 0.43849765136217955 0.570305690248529 0.1652398180303493 0.23737930372251181
0 0.5613187212545558 0.5991405204541442 0.13936652274507894 0.21688113342392407
0 0.27974746608726925 0.10444075360629623 0.1257705955329393 0.1256005695619536
0 0.16294310980096294 0.12119157500983524 0.14168669396136271 0.13294317599857094
0 0.33468344664744987 0.5817352271231927 0.1511045434232435 0.23483345792955604