0 0.9051397925572949 0.060827348014050986 0.08215458511458991 0.12165469602810197
0 0.8190659002374268 0.06149676983470147 0.17250680047485362 0.12299353966940293
0 0.6879977566639176 0.07329501029180376 0.18224551332783517 0.1465900205836075
0 0.8674652624699053 0.28863490193745733 0.18057536473976085 0.25947007909743336
0 0.9730954853520167 0.6110842446606745 0.05380902929596658 0.2510520590935542
0 0.7169340650563301 0.30953681754919005 0.17905832884638356 0.2609050333397989
0 0.4060119707705402 0.08556336620600832 0.16197847743445776 0.17112673241201665
0 0.5757324035361322 0.3281109586151155 0.17427990063313814 0.25739739606689527
0 0.7511489068348374 0.5972760625482202 0.18875157759274241 0.27260780788560607
0 0.643624878001089 0.8582131757343585 0.15665447994174037 0.1873719384905499
0 0.5055936805875139 0.8780947252850149 0.16575669530200426 0.1787622130363573
0 0.470521032461658 0.6147017760436193 0.18709814937949712 0.2693552621279716
0 0.6153250671013941 0.6122787934624248 0.1552116518867795 0.244929346975281
0 0.28553198620994646 0.0977682071173034 0.15380226458147633 0.1955364142346068
0 0.153424179862598 0.13235063014590187 0.16763744404836295 0.18982725879399168
0 0.3507768337944415 0.6440540493814785 0.1698197211662517 0.26482725879399177