0 0.96875 0.1658521509297243 0.0625 0.2559329257464694
0 0.89140625 0.12369014619971 0.14375 0.24738029239942
0 0.7484375 0.10971208661272698 0.153125 0.21942417322545396
0 0.828125 0.4358418588592804 0.1546875 0.2561293037225118
0 0.87578125 0.8121969092275976 0.1515625 0.2637232824351884
0 0.68046875 0.4110107396853143 0.1515625 0.26059828243518834
0 0.44609375 0.07360747276059179 0.1421875 0.14721494552118358
0 0.5296875 0.37546064179867183 0.1484375 0.2556922611478648
0 0.61640625 0.7092404260754455 0.159375 0.2689570856534971
0 0.41796875 0.9090540278204859 0.1375 0.13305243664223276
0 0.27265625 0.8981215176810273 0.1453125 0.15078623986054113
0 0.33125 0.6252742435437122 0.1578125 0.26728532500983526
0 0.47421875 0.6668393946486634 0.128125 0.24645937278026225
0 0.31875 0.06464201818523033 0.134375 0.12928403637046065
0 0.171875 0.05682380036831708 0.153125 0.11364760073663416
0 0.19453125 0.6098345498641139 0.140625 0.26452095792955604
0 0.04140625 0.8564795929429639 0.0828125 0.21516581411407207