0 0.036122686283007834 0.24869047114405946 0.07224537256601567 0.1869940577118811
0 0.1073510296280303 0.20159472713450924 0.10645237175194149 0.19422620435383653
0 0.21332434009861156 0.16900542722717646 0.11275691882984215 0.19756945916315996
0 0.024877674515180304 0.7237723166975558 0.04975534903036061 0.17055060217691817
0 0.1454474987854793 0.43449650717157606 0.11248418344033877 0.18194445916315982
0 0.1007899691607443 0.711669131581013 0.11253873051823944 0.18506945916315978
0 0.23090634294457596 0.9062226850317249 0.121722815745587 0.17445934137714475
0 0.25524523863920956 0.4064582980084162 0.11253873051823945 0.18506945916315995
0 0.43308346103977413 0.10355400890085664 0.10952282467404081 0.1912103317584982
0 0.36516570941821636 0.3713888388452563 0.10935918344033872 0.18183533175849825
0 0.2929013770335378 0.6198561098966485 0.11577282467404082 0.19142858656782166
0 0.4362717272784192 0.8155083718775481 0.1115489748361966 0.21782739546082902
0 0.5423404951353266 0.7774503219702154 0.11259327759614006 0.18819445916315997
0 0.5035309598252534 0.5406695737843139 0.11571827759614006 0.18830358656782167
0 0.39822980519887075 0.5794815918404812 0.09359781574558709 0.1734771947351895
0 0.526365856737703 0.08813612854337906 0.10321827759614025 0.17627225708675812
0 0.6328476818187809 0.0774329969199571 0.11867963636243814 0.1548659938399142
0 0.6038309687537072 0.519989996835139 0.10321827759614025 0.18786707694917482
0 0.730204733771241 0.705304959541678 0.10628873051823948 0.18485120435383653