0 0.14640693125309298 0.12571696136936722 0.26328565128862397 0.18485245849442924
0 0.12065998077812315 0.2531724106107628 0.2413199615562463 0.17509482122152564
0 0.11701600237484919 0.3984849106107628 0.23403200474969837 0.18759482122152563
0 0.7718373784487025 0.07869637715027773 0.22820024310259512 0.04974413485700761
0 0.4248041689286211 0.2629927892588526 0.25391065128862406 0.18408718394862206
0 0.7795027142697798 0.15699672033253675 0.2600787641334943 0.18303486697916022
0 0.41936863919129463 0.41162160789530444 0.25695376413349424 0.18277977546389113
0 0.10041778296091594 0.6968586377319456 0.20083556592183188 0.17085386031120037
0 0.40357214156614385 0.5633276291071317 0.2535831026681049 0.17783718394862208
0 0.7120474621220731 0.42609766457296255 0.2683006999091429 0.19148509576733286
0 0.9177950938501361 0.5872576604900767 0.11822545680654813 0.14811824879205204
0 0.9127689998884584 0.7280739791265285 0.11402927973732631 0.15711061151914835
0 0.6654436205352446 0.7165154994202718 0.2651756999091429 0.19123000425206377
0 0.6887250695398766 0.5716972069966172 0.24322545680654795 0.15832190940281485
0 0.09864338138937856 0.8212527309142047 0.19728676277875712 0.16163835697722045
0 0.10168990049971376 0.9390145736374216 0.1956953595655099 0.12197085272515693
0 0.6661728816165212 0.8523094782084446 0.26114994120271573 0.1737874127367946
0 0.8869590151536062 0.9525814477435836 0.13862648801421215 0.09483710451283293