0 0.17674862882649753 0.2086295392585896 0.28402405128112634 0.20175168276559186
0 0.5535209522335304 0.05252429176587207 0.2835830955329392 0.10504858353174414
0 0.8383261377178377 0.12540391831712952 0.20895127667402064 0.19800690564770324
0 0.18297074193722937 0.35980559435229675 0.2903468258882322 0.20349603919208265
0 0.1734758097626909 0.5301635584589195 0.2870035020669146 0.1987176109788372
0 0.5033217832935583 0.31615591660126985 0.30172097353086735 0.21318928793844139
0 0.8276410789931135 0.43857150805057277 0.3106593258882321 0.20408707257817754
0 0.8336084809789746 0.59521631314428 0.2843151497095498 0.20800168276559194
0 0.48822105231909274 0.64037466660127 0.3001584735308672 0.21314382383181857
0 0.48981143920836095 0.48897129097444925 0.27355743217453854 0.17804139812585582
0 0.48506816542982467 0.7918235063347131 0.294597678245597 0.1942574315119508
0 0.7855347382176849 0.8735830055432903 0.2734461162111037 0.14214936223247818