0 0.046875 0.228125 0.09375 0.175
0 0.1296875 0.196875 0.0875 0.1796875
0 0.225 0.178125 0.0953125 0.184375
0 0.153125 0.425 0.09375 0.165625
0 0.0828125 0.690625 0.09375 0.171875
0 0.2109375 0.89375 0.1046875 0.1796875
0 0.253125 0.4109375 0.09375 0.1703125
0 0.440625 0.1328125 0.090625 0.1765625
0 0.3625 0.384375 0.090625 0.1671875
0 0.278125 0.621875 0.0984375 0.1765625
0 0.4140625 0.825 0.0875 0.203125
0 0.5171875 0.8046875 0.0953125 0.175
0 0.4875 0.5734375 0.0984375 0.175
0 0.3890625 0.5921875 0.078125 0.1625
0 0.5359375 0.1171875 0.0859375 0.175
0 0.6375 0.10625 0.1 0.184375
0 0.5859375 0.553125 0.0859375 0.175
0 0.7078125 0.7375 0.0875 0.1703125