0 0.0890625 0.2125 0.0875 0.1796875
0 0.184375 0.19375 0.0953125 0.184375
0 0.103125 0.440625 0.0953125 0.1671875
0 0.046875 0.7 0.09375 0.171875
0 0.175 0.903125 0.1046875 0.1796875
0 0.20625 0.4171875 0.09375 0.1703125
0 0.390625 0.1390625 0.090625 0.1765625
0 0.315625 0.3953125 0.090625 0.1671875
0 0.23125 0.64375 0.0984375 0.1765625
0 0.3703125 0.85625 0.0875 0.203125
0 0.475 0.825 0.0953125 0.175
0 0.4453125 0.58125 0.0984375 0.175
0 0.3390625 0.6171875 0.078125 0.1625
0 0.4890625 0.1171875 0.0859375 0.175
0 0.596875 0.10625 0.1 0.184375
0 0.55 0.553125 0.0859375 0.175
0 0.665625 0.75625 0.0875 0.1703125