0 0.38519300434403864 0.954920590659355 0.2054757262518895 0.0742262176006804
0 0.3402375491388366 0.8954290287711224 0.21894596302712266 0.14486609981466572
0 0.6088888386013753 0.8977901038213808 0.19836044724210708 0.13946927168436432
0 0.8781092754613132 0.8696005833181427 0.20231990514873247 0.12713296279135697
0 0.9644158996752991 0.7209224919409977 0.07116820064940192 0.14606152286549073
0 0.561559541316916 0.8109820737843139 0.2030479472421071 0.13963296279135698
0 0.21999512564483986 0.699221206083117 0.20764444198043536 0.13823415389834964
0 0.49907568089239424 0.7059151170682247 0.20947995776545086 0.1429762176006804
0 0.7785202571866361 0.7188590280533323 0.20966196828879474 0.1461012176006804
0 0.9096458287133162 0.5281099985644196 0.18070834257336763 0.1416865361123346
0 0.8858120285156721 0.42389621371802927 0.20947995776545092 0.1429762176006804
0 0.6557065705384597 0.5188268009188232 0.2065369682887946 0.14599209019601886
0 0.7127216809629815 0.6240847305930702 0.1895468893637169 0.12200895317271013
0 0.17390980994452893 0.6068898623437192 0.20580892619541977 0.13349209019601868
0 0.13049446793585873 0.5066368911996598 0.2098439788121383 0.1492262176006804
0 0.589452968006446 0.41624000345856105 0.20580892619541977 0.13349209019601868
0 0.7546699023767222 0.24216011879750518 0.20112142619541978 0.1333283990890261