0 0.6841636380596409 0.041673887345903354 0.2433272761192818 0.05716310904180576
0 0.4186515027135334 0.08231184545843785 0.23730300542706684 0.1506585359035419
0 0.8224459673219975 0.22358046361829928 0.2474149898232348 0.16493924145062522
0 0.49436523292582973 0.20189895326597265 0.24930503844375362 0.17122560904180573
0 0.1643125627540132 0.1723685753224654 0.24938692559888342 0.17278810904180575
0 0.06656886080870532 0.3768722777354167 0.10071040818602892 0.13499455547083344
0 0.0943364139517801 0.5047069902163542 0.14347111827193718 0.1469139804327085
0 0.31199754748886527 0.4145768719595836 0.24313692559888347 0.17264263867708357
0 0.24298751865604995 0.28890341831236127 0.22447545680654796 0.14411759517409733
0 0.8765336810259503 0.33252035894489657 0.2407555540475858 0.156981271085903
0 0.903003248529662 0.4559585121552786 0.19399350294067616 0.16900849240055577
0 0.3918222455889859 0.5381611487450698 0.24552494120271567 0.15865287385944454
0 0.199219745023159 0.7342146118915973 0.23606805404758596 0.15687216831236128