0 0.21695671504930272 0.9467808342330976 0.2323459272121397 0.10643833153380484
0 0.48610697538838493 0.9556374612074435 0.22093754631872767 0.0887250775851129
0 0.1418324747692124 0.7051629419114117 0.224863066996892 0.14782588382282338
0 0.46451445760570464 0.8471667234545055 0.22984166542531542 0.1544310813333123
0 0.7613788031386439 0.9550006890116267 0.22976889081820956 0.08999862197674666
0 0.934816071545006 0.8531057182796354 0.13036785690998798 0.13264932448483507
0 0.9310874499572186 0.7308638653752061 0.13782510008556273 0.14152741701630234
0 0.6994073802697305 0.7256156452446928 0.2252269400324213 0.15563838382282338
0 0.73073877108794 0.8634475319673012 0.21163532092583354 0.13125369046151922
0 0.1349574284504848 0.5909820427412487 0.22144696856846863 0.14133908548249732
0 0.1330417098820162 0.46627804066665623 0.23013276385373888 0.16068108133331246
0 0.6629711124870501 0.5951818614265137 0.22613446856846853 0.14169428299298642
0 0.8930255429065148 0.484449884046538 0.2139489141869703 0.14290158548249732