0 0.6571456569384273 0.8481245623077784 0.2527737978836665 0.1353244766329862
0 0.26409754541927877 0.939982088098073 0.2648911606107628 0.12003582380385396
0 0.7018677098230635 0.6934013479269798 0.2657839809142047 0.1418654173624308
0 0.3240459855768187 0.786362912612778 0.27152379788366643 0.13576088772715292
0 0.12212268400896516 0.40961400218420146 0.24424536801793031 0.16057904977125018
0 0.4417745880121114 0.4947949680836115 0.26240388939893544 0.13866768218006964
0 0.056872913775564846 0.7253831661281598 0.11374582755112969 0.14139133225631967
0 0.08812265589965708 0.5767462975870487 0.17624531179931416 0.15036759517409734
0 0.5989031090547607 0.9674109312301391 0.2485647878817268 0.06517813753972171
0 0.8073036063490007 0.4085918964639591 0.23714879788366652 0.13496080072118066
0 0.8447712686267534 0.2756163955140285 0.22662588606495576 0.12068009517409743