0 0.2772119482116623 0.7850621540021574 0.128733588873295 0.22645403663473135
0 0.1496170561952925 0.4316738031430748 0.130951186114333 0.2390359237898611
0 0.4214499491161735 0.8167735786965297 0.1356386861143331 0.23928158525525056
0 0.3000607914959715 0.4777343328804012 0.129716234734852 0.2452040366347315
0 0.6175471053816384 0.26220002261277886 0.1543067989592032 0.23870173111680745
0 0.5751670120973292 0.5685042542954132 0.13391241180407362 0.23607469810012063
0 0.3215961182719372 0.1602093181810801 0.13859991180407355 0.2363203595655099
0 0.4607714829258297 0.21424944425493342 0.14444047602842486 0.22883540818602893
0 0.12356132575585363 0.7372753499545714 0.144358588873295 0.2272729081860291
0 0.6889107660540581 0.8942396197980461 0.12807849163225704 0.21152076040390783
0 0.812631549070745 0.9100969931583659 0.1166496687014785 0.17980601368326815