0 0.8705124869277455 0.045960887226991085 0.143350026144509 0.09192177445398217
0 0.7199088356829899 0.048076395048911695 0.1476823286340201 0.09615279009782339
0 0.5745371360979085 0.052952881824144905 0.1384257278041831 0.10590576364828981
0 0.6704781047553073 0.6259698217384416 0.19498614896967048 0.29447658404557514
0 0.5106295080746552 0.6415023584289703 0.1770882539486923 0.28410052616718495
0 0.4193168398321749 0.06476190806191698 0.15824132033565025 0.12952381612383396
0 0.13999619273660427 0.07195975803368211 0.13880423610255285 0.12786593671876348
0 0.03721565746853279 0.0829266210890397 0.07443131493706558 0.1185217578219206
0 0.3476559113940031 0.6572169056428426 0.1910090439906485 0.30357856826055973
0 0.40631531928674314 0.2936780504094056 0.165085161417225 0.2694009893354819
0 0.24356686555247675 0.2961568502541138 0.16877884648015942 0.2976169945971538