0 0.7893787022611519 0.8764086342692952 0.1181383838228232 0.22170516693047446
0 0.661253702261152 0.8726805775262354 0.12391478714217126 0.21563702335696497
0 0.5347145130490326 0.8893559489964208 0.11598388797200823 0.21384720282385167
0 0.6672528192867431 0.3388678671805364 0.1470921780139646 0.23346102084968248
0 0.5305457246806835 0.34506873990436315 0.13051998465266018 0.22050637978345566
0 0.4022096663683805 0.889204387074194 0.12943108133331246 0.2215912258516121
0 0.1776473742518318 0.897752015637262 0.11719119046151913 0.2044959687254761
0 0.07464077342199482 0.8955272802519918 0.10937869046151918 0.2089454394960164
0 0.4063386300746238 0.3516333254811713 0.14420397635429047 0.23649509263643723
0 0.4145366806900349 0.6360908935070022 0.12344119046151913 0.20938702335696496
0 0.2859497394033232 0.6487918188172538 0.1267796780139645 0.2328699874635877