0 0.062213022045322294 0.12500697625188953 0.12442604409064459 0.23485938936371684
0 0.2024079096926789 0.12639371295653554 0.13985895182646946 0.22741091041040423
0 0.345807094390207 0.1198314417686738 0.1284432197043169 0.20186487884037313
0 0.21513311330682455 0.7205679181617377 0.16804759576733286 0.2679294945971538
0 0.36887986664080447 0.7122534311747429 0.1497121839486221 0.2528659367187636
0 0.49300095878429334 0.12447968636582765 0.1421230824314133 0.19799642619541977
0 0.7475289621182732 0.12203503875666719 0.1268170757634536 0.16289338410204496
0 0.8632177349970906 0.12798817812038402 0.11731453000581879 0.16078485253201386
0 0.5092815970959671 0.7039466494635376 0.16361518728260194 0.2707814788121382
0 0.4898608858957777 0.3841199968750539 0.14244181788754579 0.24000191567207613
0 0.6348065951391131 0.3682282283180281 0.1444825500096984 0.2650019156720761