0 0.7505001139024037 0.727144202054346 0.22050846302712265 0.15235944753799585
0 0.781134734850269 0.6152944120775892 0.21921897881213823 0.15693768689433424
0 0.8292375768589391 0.5107818746987223 0.2140764525037789 0.14879740496334898
0 0.3349485215407976 0.4877688897049849 0.23768055247554418 0.18001455397461327
0 0.3814888635494678 0.3833656129697797 0.2241794945971538 0.1619529688253194
0 0.8735251741292812 0.40497998892900977 0.20708299985882556 0.16231360174504025
0 0.9266711028849496 0.2005220818719738 0.12336044724210708 0.14089778763096844
0 0.9454126685852607 0.10584336640084904 0.09643392619541977 0.13279035668871889
0 0.4322994766048254 0.2724391846254203 0.2405325366905286 0.17554557526193676
0 0.6654844319512018 0.34327693646700574 0.2128779735504665 0.15493814431968733
0 0.7172660108056924 0.24239749747898456 0.2351169945971538 0.16271779333095163