0 0.7497149104148608 0.14073402805333232 0.19292837672018487 0.12200895317271013
0 0.789606470028518 0.2294592221555498 0.18851427879370347 0.12497026206571762
0 0.8365976301605549 0.3187201295972784 0.18327997464666632 0.11855657095872499
0 0.4119291123000918 0.38213536588709834 0.2056429901980552 0.14270339908902613
0 0.45572692191374903 0.47072415073348867 0.1921860829407404 0.13132938947037937
0 0.8778466382190733 0.4050470099971649 0.19531108294074037 0.13143851687504093
0 0.9363543309144902 0.5704785478387802 0.12729133817101967 0.12017363466105593
0 0.9541077589069902 0.6512374745178026 0.09178448218601964 0.11294148801910034
0 0.5012239325641655 0.5608208718775481 0.20564299019805535 0.1427033990890262
0 0.6997892802078232 0.4747394950210406 0.18212757775694435 0.12318950725639403
0 0.7409015872295821 0.5595038754209272 0.1997251808672221 0.12847720798203355
0 0.7827657499535172 0.6528620058208137 0.2134554901980552 0.1429762176006804
0 0.9712460322340734 0.7218401511968248 0.05750793553185325 0.11352184137714509
0 0.9838335065979159 0.7894815189828396 0.032332986804168226 0.10192957694917482