0 0.8385351771905108 0.9058669232822352 0.15513443374194402 0.18826615343552966
0 0.6862796100839832 0.9190085417757325 0.158181521300833 0.1619829164485349
0 0.5315435919406962 0.9342625444771556 0.14519350574944417 0.1314749110456887
0 0.6215169576811579 0.3275199283321455 0.20028969180046233 0.2992550893072471
0 0.470921635390834 0.3525136811041558 0.1831609803961106 0.2811575366905286
0 0.3874812336466221 0.9404184156014889 0.15931479434509227 0.11916316879702223
0 0.10182740617250186 0.973907207836038 0.13175713939685174 0.05218558432792406
0 0.3169962615453711 0.3796691733528223 0.20042639283722163 0.30081758930724706
0 0.358494237086992 0.7220911627588914 0.1725556710652773 0.26654900512049745
0 0.2152035668701866 0.744369439208425 0.17984049076370318 0.2965095209055132
0 0.0773862488687043 0.7641751630412401 0.1547724977374086 0.3114820735222315