0 0.7695698020369074 0.33443619411973957 0.1275999306969986 0.23364116061076282
0 0.6606396973663167 0.29666551396413937 0.13217834269572606 0.22464879788366635
0 0.5391095953612259 0.24928071774746288 0.12276698002863498 0.22075852333785928
0 0.5532037461011772 0.7897621965356356 0.1511465186982713 0.244929346975281
0 0.4246787567631774 0.7449284444096037 0.1400635680299077 0.23153652667183913
0 0.4246925593570898 0.2095011274401418 0.14011811203054397 0.23622402667183912
0 0.20357099001431753 0.12198592561367232 0.12589198002863505 0.22101361485312832
0 0.10108178934595395 0.10113167848861027 0.1115385786919079 0.1948657030344175
0 0.3086537674251776 0.701115058344648 0.15116470003181667 0.24649184697528082
0 0.3797907813892247 0.4423297318322884 0.13210561736154416 0.21839879788366648
0 0.26302999538508853 0.40235882288851565 0.13550333736472586 0.24209138939893546
0 0.14002830004772507 0.36265898091420457 0.14969310669954394 0.25417680121764635