0 0.16589534561772865 0.814309590030226 0.1875871173323806 0.09273403469127155
0 0.15597367842123405 0.710203345361226 0.18166489926336588 0.09734880935708982
0 0.14076357768459985 0.6146363066915898 0.17643109604505716 0.08948176535645339
0 0.5936647025585492 0.6566549154200869 0.19202324505632157 0.11152039735836254
0 0.5754770672930396 0.547761173416587 0.18511768119435104 0.10207267202418073
0 0.13084191048810526 0.5105300620225899 0.18980518119435102 0.102127216024817
0 0.10076591644018999 0.32565507535009014 0.17966535668871889 0.09108062802354437
0 0.09215002312890888 0.2364198526814084 0.17922831411407197 0.08483062802354438
0 0.5618294665564056 0.4522123160804963 0.19827324505632155 0.11159312269254436
0 0.341183830786693 0.4879572700509067 0.17541489926336587 0.09727608402290802
0 0.3230672513373823 0.38922886871417967 0.1958366599070276 0.09907494135899882
0 0.3143092463937038 0.27966296471195246 0.20430472376899803 0.10854084802672599
0 0.08938529207044385 0.14177951468013575 0.1762125747577337 0.08635676535645347
0 0.09046682685142064 0.08158690201304486 0.16919775025210154 0.0753465400222717