0 0.61875 0.3649809285756654 0.1796875 0.0921989569792891
0 0.63515625 0.2990695564166868 0.184375 0.08759327759614015
0 0.42890625 0.2706384135581317 0.1859375 0.09230805113509044
0 0.41796875 0.33332932833078405 0.1765625 0.09214440990138843
0 0.86953125 0.25513477557413583 0.1828125 0.10006600405718977
0 0.609375 0.43936331980936744 0.1703125 0.08578531574558709
0 0.65546875 0.23230875041033236 0.178125 0.08748418344033874
0 0.43203125 0.19558386648023102 0.18125 0.08753873051823939
0 0.40234375 0.4070395637202875 0.1703125 0.08578531574558705
0 0.20859375 0.30104648255012967 0.1734375 0.09052736282348768
0 0.1984375 0.3762237605533068 0.171875 0.08581258928453739
0 0.23203125 0.2326686294658745 0.1671875 0.09041826866768636
0 0.23203125 0.16391862946587452 0.1703125 0.08422281574558706
0 0.2515625 0.10342146022899526 0.184375 0.08446827759614015
0 0.275 0.03500051704612858 0.15625 0.07000103409225716
0 0.665625 0.15556897240715517 0.1859375 0.09230805113509044
0 0.1109375 0.022905665990468373 0.1 0.045811331980936745
0 0.0859375 0.1383437053577313 0.0890625 0.08280459172016937
0 0.096875 0.07018404058507892 0.090625 0.0734568652591197
0 0.0765625 0.20647609659143334 0.0890625 0.08592959172016937