0 0.26738023695394453 0.43103773026551756 0.08226985030926066 0.16842634783255317
0 0.20448162422684812 0.4237717169196447 0.07796498758216437 0.17292284684397002
0 0.19134454012844487 0.6231178009120335 0.08421498758216436 0.17317751482874755
0 0.2531270630072621 0.624851397261712 0.08370480455162621 0.16692751482874754
0 0.14539289302277947 0.20658953410611955 0.09046498758216437 0.1734321828135252
0 0.33957410134803084 0.43006016209045955 0.07538212152108806 0.16035917984777565
0 0.13949435301502083 0.4132852030794803 0.07758235030926075 0.16823534684397004
0 0.12026676558263767 0.629627786083286 0.07783744182452983 0.17136034684397003
0 0.3231844714919931 0.6308414120904595 0.07538212152108806 0.16035917984777565
0 0.23660988739358985 0.8271951472617118 0.08188721303635713 0.16373884783255327
0 0.30867620603004164 0.827780079086654 0.07719971303635713 0.16354784684397003
0 0.16940641193939704 0.815050632927256 0.08137703000581897 0.15748884783255335
0 0.1044510916359553 0.8233777860832859 0.07381962152108806 0.16029551285158128
0 0.04421509330294523 0.8123010232317046 0.07327748758216435 0.17273184585538673
0 0.004720611349970533 0.8000610084029569 0.009441222699941066 0.1461056788591925
0 0.065865534378569 0.4126366042583438 0.08421498758216435 0.1731775148287476
0 0.0912181548123953 0.9621126808363588 0.07694487939699583 0.07577463832728241
0 0.02975282013426388 0.9600899244105683 0.05950564026852776 0.07982015117886335
0 0.15540820057002985 0.9618235207602467 0.08032497091226491 0.07635295847950659