0 0.09186470792955614 0.14492407564431198 0.13324881461827504 0.23582903663473137
0 0.21764595792955613 0.15151599163225699 0.1419682507563046 0.2269453595655099
0 0.34382604567674 0.1526801011977669 0.13404649011264294 0.22497342378986113
0 0.22474644385482515 0.698315748529662 0.161810857192922 0.24355300542706698
0 0.35846587999285473 0.6959830438708206 0.14865529333095157 0.2335229081860291
0 0.47596655632040186 0.16116206580623094 0.14909233590559837 0.23977290818602892
0 0.7196783514929388 0.1622586555840371 0.13560899011264294 0.22505531094499093
0 0.8333966440675857 0.1744454743309441 0.12535990496334898 0.2120639880142124
0 0.4950207390273621 0.7008044199446739 0.16224789976756887 0.24980300542706696
0 0.48187697477740415 0.42378821856519294 0.1399687081816577 0.22061347241038015
0 0.5999167805936029 0.41985539235505404 0.14495113912390725 0.24733974672063966
0 0.7306040518809264 0.4298179698083883 0.1597784636295394 0.25901423111680744
0 0.9377211982066871 0.1923909701470726 0.12455760358662574 0.2136264880142124
0 0.9852872899767569 0.19842296415417882 0.029425420046486295 0.19859463025772478
0 0.7883383223350705 0.9448709232240343 0.17880197921687965 0.11025815355193132
0 0.635830681369578 0.9388013076656305 0.15881726114786474 0.12239738466873895