0 0.21687894955480833 0.7878048854732086 0.18402507475773372 0.09787250539858476
0 0.20369089868228815 0.6890597321538606 0.17497785668871887 0.10184961037760658
0 0.18503409780976798 0.5907289759300833 0.174540814114072 0.09559961037760659
0 0.6352851061076412 0.6500723616037846 0.18689870248167467 0.11674090456874779
0 0.6139021429823049 0.5464504541352517 0.17999313861970415 0.10689230788809567
0 0.1715182650062626 0.48729632261073536 0.1846806386197041 0.10724750539858477
0 0.13464170583586918 0.29688481016318075 0.1746500747577337 0.09716211037760658
0 0.12367171882531944 0.20739625767366981 0.17421303218308673 0.09091211037760658
0 0.5970427888914761 0.44012959915622984 0.1915862024816745 0.11709610207923685
0 0.37900298307527736 0.4668617329790532 0.17185285668871889 0.10161281203728052
0 0.35765822477740417 0.37501777509560197 0.19060285668871887 0.1030336020792368
0 0.3465954026175605 0.2729700230210095 0.2006334205506893 0.11311899710021489
0 0.11944340471124748 0.12446535850350679 0.18046303218308676 0.09138570705825869
0 0.11692505606830025 0.05475650974826227 0.16251070767745462 0.0791458161864654
0 0.8019113333077085 0.19134486657816197 0.19010011213660044 0.1402968037389108
0 0.815847783191493 0.3120242194825914 0.19224176634364482 0.1264711020792369