0 0.8169093450344617 0.9145774231784998 0.10427038524403187 0.17084515364300046
0 0.7098780950344616 0.9147646869297947 0.10889425273047451 0.17047062614041053
0 0.6028741161117006 0.9147068748953014 0.10108175273047451 0.17058625020939716
0 0.7329549632082755 0.4613658788219883 0.1230385659621911 0.20567641935425693
0 0.6197191650036735 0.4639022198068137 0.11361811416679295 0.1974272717116218
0 0.49036957093216077 0.9088164398252789 0.11364538524403187 0.18236712034944205
0 0.28491445647078023 0.9114641546719486 0.0994192587805987 0.17333480024766884
0 0.18800309503446172 0.9007021290313855 0.09312380698520065 0.1652312018192454
0 0.5033310957218328 0.4616055115774273 0.12462833703942984 0.21043669396136266
0 0.5000071495837755 0.6957621877561098 0.10574198165323559 0.18612589867609247
0 0.3992758965587133 0.699661975597782 0.10899424668035032 0.20814644789030404
0 0.2891014658405541 0.691406365796819 0.12154878883482798 0.2181036447471511
0 0.10044855287998403 0.8872517510334573 0.09312380698520063 0.16523120181924575
0 0.03480082698228497 0.8802889675350112 0.06025676483072292 0.15432793507002246
0 0.27059936719185507 0.19614736972576038 0.14961924668035032 0.21003858767505648
0 0.4003005027304745 0.20453141211554654 0.13557492739850954 0.2125086162111037