0 0.11784878167888366 0.07089097280760168 0.20492743664223267 0.14090919236879249
0 0.08939599974789846 0.21350516680124726 0.1787919994957969 0.13271486282348777
0 0.7602058904612894 0.15797710470251763 0.30275293144645266 0.17851037824476323
0 0.7076714803021604 0.32758049268980877 0.28592606436617346 0.16105014285525981
0 0.07435854869121974 0.37338868141174386 0.1487170973824395 0.15132849512873606
0 0.025678435129623405 0.6695682061685102 0.05135687025924681 0.12663641233702042
0 0.017472815199352724 0.8117011590906096 0.03494563039870545 0.12027731818121908
0 0.6675113840050017 0.48801343221922744 0.3055501495154672 0.1738774253226639
0 0.3202811049240081 0.4311092727248762 0.2710987398605413 0.14986718100470675
0 0.28997125602895935 0.5737234667185217 0.30245800050420313 0.15197515178371362
0 0.2511387129501093 0.7263575430174157 0.3115816282281439 0.17086151947846523
0 0.00016534687823638626 0.9302329707790069 0.0003306937564727725 0.08234094155801372
0 0.8581813985839357 0.8933942276722749 0.13720434110137852 0.19902960957707672
0 0.884573925823344 0.7061260527533529 0.13244043144645268 0.17553756249917624
0 0.5614863510656104 0.7849645243464339 0.2965029314464527 0.178401284088962
0 0.20064205019309012 0.878005817774182 0.3018788462971587 0.16601037824476314