0 0.8245696987188736 0.1500632027382774 0.17929370181924575 0.10135886137453216
0 0.8206933738640988 0.2500222591607125 0.17482452564056317 0.10580069990914298
0 0.8272643974377474 0.34319904907480425 0.16970037799792798 0.09618003844375371
0 0.39049860566713374 0.249966863976524 0.18336477171162172 0.12183513568479176
0 0.3923628585626179 0.36053587177844015 0.17504284946188076 0.1104881999091429
0 0.8249869598865255 0.4422949683421097 0.18129284946188057 0.11081574852966196
0 0.829789968158693 0.6236301775235067 0.1698459272121397 0.0993050384437538
0 0.8138139036430004 0.7156505811869799 0.16955482878371625 0.0930550384437538
0 0.3935914106723137 0.46802082315792115 0.18946922249741 0.1190376843053107
0 0.6195545971900783 0.45228187924167196 0.16850175103345713 0.10391065128862387
0 0.6128443707637269 0.5461547099743667 0.18732452564056318 0.10645579715018094
0 0.6138010951231637 0.6427431049314125 0.19252144789030404 0.11763895861557021
0 0.8111554764308606 0.8061936940318501 0.18107452564056317 0.10612824852966192
0 0.799286869111097 0.8769565733850637 0.16017982878371625 0.09256371551297526
0 0.16449029983789346 0.6849947184536512 0.18587334160399788 0.14222952283992144
0 0.16951174772819763 0.5771822184536513 0.18990587014004517 0.1284126843053107
0 0.41045777130184613 0.6580759350982802 0.18336477171162174 0.12183513568479168
0 0.6150125306074712 0.7338627498884583 0.1876883986760923 0.11426829715018094