0 0.8460140694620847 0.7348002861234488 0.14128654721981454 0.2232931440165446
0 0.7296570461350015 0.7686383894414041 0.14726314514629593 0.2202408693507266
0 0.6074211696976404 0.8071003580919502 0.14822005240361058 0.2311783693507265
0 0.6574831434493523 0.24382819875872305 0.16554425344037008 0.2329408640197263
0 0.5272980659752321 0.283761760741542 0.15351314514629594 0.22031359468490824
0 0.48943329585217754 0.8417015300763602 0.1539232482565737 0.22500109468490814
0 0.2556352028266684 0.9015817760184536 0.1424977327051848 0.1968364479630928
0 0.13912164608773323 0.9110471353437269 0.14697061922731444 0.17790572931254617
0 0.4037047410930098 0.31986179805854276 0.16568095447712922 0.23450336401972632
0 0.44547541017851966 0.5932816640674514 0.1447437378889811 0.20928518801718105
0 0.33361039721902896 0.6115311300524976 0.14991925344036988 0.23275905068427197
0 0.20441162130004753 0.6491300327020892 0.16493866069768473 0.24386018268618095
0 0.05279776903824155 0.9237374920034999 0.1055955380764831 0.15252501599300033
0 0.09870275721004657 0.14113462468172658 0.1859743306316663 0.19883858402290802
0 0.24080207431657427 0.1169806040340439 0.16585732026407377 0.18299540802036268
0 0.1628658361447693 0.39995618869349875 0.16825915033009214 0.2282897266868172
0 0.09322055160162165 0.6775539300206809 0.15915755240361068 0.23130563868554468