0 0.19253805742656416 0.05953698997454663 0.20883260818516852 0.09140789202736237
0 0.19158107743044347 0.1627710779758193 0.20723815727678296 0.11012152936027149
0 0.19092698637421637 0.27929550664386465 0.21973815727678297 0.11026698002863497
0 0.6815843240964636 0.13986554857577688 0.2198337521260319 0.13056129869508962
0 0.6759716660707745 0.2627036119112313 0.2076207945496865 0.11480902936027153
0 0.1905439622874511 0.3895608446451374 0.21243584030732113 0.1164260733609078
0 0.18756170987155513 0.6116812926480009 0.21192565727678292 0.1101760733609078
0 0.2028834341177999 0.7131619766470464 0.20762079454968657 0.11480902936027153
0 0.6755088936509994 0.38157179057927676 0.22101361485312837 0.12589198002863505
0 0.4277888707721821 0.3836722819462297 0.19786315727678297 0.11001244135899882
0 0.4419945051701477 0.4906398972788207 0.2198657030344174 0.11182948002863498
0 0.4413404141139206 0.6071643259468661 0.23026106909549374 0.12443856802990769
0 0.20758652275813105 0.8186761799809099 0.2120532030344175 0.11173857336090798
0 0.2235301292763096 0.8990358419796373 0.18915783697334118 0.09898403469127146
0 0.9172264071318509 0.6310247085455509 0.16554718573629829 0.15398061736154425
0 0.908537191220556 0.5060883432129601 0.18292561755888812 0.1384101613621805
0 0.6795419157809105 0.6129945132479585 0.21670875212603188 0.1305249360279987
0 0.44076607139070356 0.7150859139481387 0.22063097758022465 0.12120448002863497
0 0.43140666003103467 0.8207637492839114 0.20137079454968648 0.11473630402608989