0 0.04246569342772293 0.6957124893379998 0.07144083736472583 0.23204997867599958
0 0.12112704276731354 0.742715306015272 0.1463862933640895 0.22823518268618095
0 0.24044066410722237 0.7925345873647258 0.1481124253659985 0.2423158640197265
0 0.2564152740292714 0.2185794667011348 0.17000560669954395 0.24413290268936266
0 0.38050730203690736 0.2762657920512249 0.1510737933640895 0.2282897266868172
0 0.3558025821132675 0.838402165380316 0.15270901869827122 0.23455790802036275
0 0.583982673456358 0.9091771947008166 0.14280676002545328 0.18164561059836687
0 0.6943116461250397 0.9246482007081344 0.14714881468808994 0.15070359858373122
0 0.5045084233768161 0.32613961740131503 0.16535446936663475 0.24720335868872628
0 0.42709413741245095 0.5877032787237246 0.14471470536281683 0.2188420013526354
0 0.5414929920830417 0.6179367660725421 0.14969310669954403 0.24389654535327185
0 0.6615787727561777 0.6669838880887686 0.1638828760343621 0.25499767735518086
0 0.8077838001272669 0.9417271600493159 0.1420795066836355 0.11654567990136826
0 0.8821752727959484 0.9571163500556793 0.102671561346272 0.08576729988864144
0 0.8447959740213171 0.16684007944776746 0.18841016136218053 0.21466357869190794
0 0.7100573473504083 0.13402648476285922 0.16800675469445317 0.2066147213558171
0 0.7446254407224521 0.4195463614337681 0.16684424403245296 0.2409715400222716
0 0.7738156907622229 0.712815103437268 0.15908628803308938 0.24556813335454458
0 0.8799207874363134 0.7687298434515855 0.14943856802990751 0.22202154535327168