0 0.8493092253053834 0.266220354793625 0.09403711037760658 0.17158731252120452
0 0.7731378116130733 0.2377109196770822 0.09836941286711749 0.16706350362819705
0 0.6813530533147035 0.21883937938839626 0.0991982070582587 0.1780010036281971
0 0.6918687752960946 0.6382813493513294 0.11614890871793264 0.17547620435383654
0 0.5925675149231324 0.6152307405509891 0.10317531203728052 0.16878969473518968
0 0.5852951921119043 0.19433539799271776 0.10353050954776961 0.1734771947351897
0 0.4084968163869581 0.13959579037350395 0.09884300954776962 0.1733135036281971
0 0.32729436057809924 0.125793696001134 0.10161281203728052 0.16873513103285878
0 0.4965688533054148 0.5899455091553107 0.11337910622842173 0.18005457694917482
0 0.5445364470862819 0.3910913469042587 0.09777741701630234 0.15925100362819702
0 0.45575828961774906 0.37389143402023445 0.10076070705825871 0.17805556733052788
0 0.3664240250956019 0.3433557074338794 0.11060930373891083 0.184632949544513
0 0.23714295725875134 0.11637900126594436 0.09872461037760658 0.17175100362819706
0 0.16549310020513705 0.10056053910755958 0.08804721950581333 0.15423612141421192
0 0.2533246483217485 0.7608308949126747 0.11891871120744354 0.17089783175849824
0 0.35280350744995526 0.781537753713015 0.12275410622842173 0.18038195916315997
0 0.32445797758046846 0.5353695926430894 0.11614890871793264 0.17547620435383654
0 0.2730767667972322 0.32442960344286265 0.10869160622842174 0.17989088584218216
0 0.1878972060093515 0.3010888179635001 0.10125761452679147 0.16404763103285883