0 0.0999917311793532 0.7168382441399038 0.10702490363849118 0.19068316162790727
0 0.18358763523212912 0.7451751927833146 0.11312935442427947 0.1879586798265045
0 0.28233550433871696 0.7623545959302319 0.11207627667402047 0.19879605027685515
0 0.2473866920993359 0.31481826187707584 0.12911822745980875 0.19677247532299766
0 0.3549102477236884 0.335353202500922 0.11625435442427942 0.1881589389258032
0 0.38602558457017533 0.7847023604282013 0.11647267824559701 0.1928464389258032
0 0.5773269807650684 0.8374804996954582 0.11178517824559701 0.19254605027685515
0 0.6648826387467859 0.8498920596899209 0.11625435442427942 0.1881589389258032
0 0.45796462716935843 0.3608760317737161 0.1278468258882322 0.2029223457733484
0 0.4177528118250963 0.5742364273624944 0.11113020678164424 0.17848355027685514
0 0.5140841563245784 0.5900035248338857 0.11527405128112633 0.20055880937615383
0 0.61025283498446 0.6191019370801019 0.12479460049533805 0.2042845866740496
0 0.7608137229071856 0.8570654071613124 0.11334767824559684 0.1926461798265045
0 0.838921606281797 0.8685152444536708 0.09968328453190338 0.16684514342931003
0 0.7076627584770554 0.1701359060815781 0.13358740363849114 0.19238536397194567
0 0.6001755901562558 0.15038221545773195 0.1372218258882322 0.20352312307124434
0 0.6445421360606987 0.41317330968992094 0.12911822745980875 0.19677247532299771
0 0.7113808413946009 0.6369123959025453 0.12152405128112634 0.20095932757475107
0 0.8024981470189534 0.6584986967977093 0.11596325599585597 0.1819089389258032