0 0.06272346687097204 0.10297776136870651 0.11560445909527761 0.09345552273741302
0 0.11793227040587842 0.6361404298477756 0.1478290731387958 0.2660308596955513
0 0.23567684500527664 0.6027933720528409 0.18349317106527732 0.2643702006080222
0 0.37362661286573967 0.5601495687065305 0.19736018143286982 0.28050453657757757
0 0.2683076684733791 0.26393380190061666 0.172887861734444 0.24992569863085592
0 0.39648189514629584 0.23412557958094554 0.1800359803961106 0.2782416996194391
0 0.5230157093781015 0.18556735726127443 0.19491868661666611 0.28818970258518867
0 0.7632529152693504 0.8048943133065041 0.2059149752123144 0.27151153855474386
0 0.6200688432618503 0.8410971156642315 0.21169608350638836 0.28420253954332686
0 0.6187839965131473 0.4704954555881192 0.20163757832259216 0.27600803756616055
0 0.6575766370877776 0.1575763029263809 0.19015327417555508 0.2693123685927999
0 0.7817468689444905 0.1353895796181266 0.1759937378889811 0.21424286661563352