0 0.6679423779363711 0.9681909880412064 0.18814541549465283 0.06361802391758715
0 0.7129417814289714 0.9226697756330691 0.1882363190854491 0.14186799091614405
0 0.7502059529737485 0.8319171009374806 0.20074540944452862 0.14445085697722035
0 0.3051752541052166 0.747129060011638 0.19926472267624523 0.1583858112195861
0 0.3471405611886131 0.6544152725889532 0.18981699980360833 0.14512053667377883
0 0.8038809196980653 0.7417224066970547 0.19451359016268804 0.14706567394668255
0 0.8861763109922214 0.5686672860940506 0.19447722872636958 0.14081567394668237
0 0.9093234403825207 0.4861416995797514 0.17731699980360816 0.14410017061270253
0 0.39382518452878823 0.556615372439172 0.20394313231716552 0.15720594849248962
0 0.5949331665748074 0.651193775174027 0.1788431383672897 0.13797771637033698
0 0.6306166574014253 0.5634385547208041 0.20075449980360816 0.14601335697722054
0 0.6787910578689634 0.47826620032865746 0.205496541958086 0.15577099425012406
0 0.9223597715682181 0.39497456564082767 0.15229881908544912 0.13893443849054998
0 0.9415142925472612 0.3269738647324421 0.11471700585373235 0.12181084030732112
0 0.2595148588040398 0.2658313915249674 0.19615790339440445 0.1612557197043169
0 0.2182989854638647 0.3640777018264695 0.20712267447164337 0.1668360400077587
0 0.484673419207086 0.39129300350315777 0.19926472267624523 0.158385811219586
0 0.7168455697728201 0.38601479851188625 0.20235336123992678 0.15239090273485517
0 0.7579659943426593 0.3041747382103842 0.18355790944452863 0.14304785364324069