0 0.4124534519812282 0.15515300399151374 0.2787260786919079 0.19720655832640732
0 0.4639875852960017 0.294036431862123 0.26757040268936266 0.1780108893530466
0 0.5161393366088662 0.4470141932308295 0.284939716024817 0.1943362263111849
0 0.8148319226209566 0.37008025600586114 0.25339881468809 0.168062886387297
0 0.8522762839354121 0.5107344309107209 0.2815783586887264 0.173896392318796
0 0.8787558732495494 0.6532866868422199 0.23016130935708992 0.18429538144438115
0 0.26809854189214133 0.8058321418245045 0.2803794853596352 0.2050827253226018
0 0.23769452124445864 0.6646832184025195 0.286665848026726 0.2084623933073793
0 0.6101053232415952 0.7009615469948818 0.2787260786919081 0.19720655832640724
0 0.8990854598981866 0.7869905247889415 0.18633858402290784 0.17626270555093804
0 0.9273729972151873 0.9085126977166349 0.12656359468490805 0.13946835969555132