0 0.9774038722004613 0.16249924069451308 0.045192255599077316 0.16217399810013894
0 0.9075901248997535 0.12053125266236035 0.14311322780418295 0.13902874525034736
0 0.7863537423263302 0.0904826895920827 0.13783373195336796 0.13110714247680566
0 0.7862921135011062 0.6164100631671869 0.20391086307689896 0.2621038757593057
0 0.6615988442050743 0.5613978676880897 0.18589456888575775 0.25076633225631967
0 0.6543215697109505 0.04513420165364559 0.13522895020978148 0.09026840330729118
0 0.523683524494124 0.5074760467340274 0.19957856058738804 0.2666822729857641
0 0.6028928147365729 0.24110420469406205 0.17545397635429047 0.2364856267092362
0 0.4760809383869267 0.199445994397326 0.18359836307689897 0.2616310970739585
0 0.34790747158040575 0.13981903410059 0.19837125809787715 0.2713334053945835
0 0.188601819934665 0.7124973871584721 0.20871676224706198 0.26377547853284733
0 0.31650259960365906 0.7478692298640276 0.21231535892771403 0.2700982137152085
0 0.29471622967828287 0.40871581088607617 0.20391086307689896 0.2621038757593057
0 0.22835198817714528 0.11486062737482634 0.19107897635429055 0.2297212547496527
0 0.1345777547738848 0.08433797919843747 0.12853050954776962 0.16867595839687494