0 0.03813857134889882 0.9665013383822825 0.07627714269779765 0.06699732323543514
0 0.13397345601763772 0.9666323155617654 0.11338747060135783 0.06673536887646918
0 0.045932218453651266 0.5112936201258689 0.09186443690730253 0.2350872402517378
0 0.13860223880718187 0.5281753120372805 0.13786292740790573 0.22521533278320494
0 0.2568377459317295 0.9821873831981234 0.11536605042954129 0.03562523360375316
0 0.274624947988579 0.5518164894265452 0.14953741180407354 0.24010662697434615
0 0.25918257519408605 0.8165418402563821 0.1310397173219975 0.213804236102553
0 0.3789594866594753 0.8209118767738535 0.1338305246489438 0.23736013527271602
0 0.5055253086857426 0.8454051591421401 0.14830246042459247 0.24623822780418303
0 0.5204918051792398 0.2904333166106727 0.1400805246489437 0.23783373195336796
0 0.4023592808689802 0.2846191792633644 0.1621192989592032 0.2426163203356503
0 0.5053050599289381 0.5951800161957542 0.1523348631835546 0.2340934253146722
0 0.6237397201511319 0.8496567964894481 0.14328741180407362 0.23963303029369393
0 0.7325824536427885 0.8681009884008599 0.1359728787873868 0.21884693361304172