0 0.1017646840388164 0.2939728827309757 0.10710561736154416 0.2163580657615139
0 0.20681526336727116 0.26664472137130685 0.1133374360279987 0.21530574879205205
0 0.3150908400302259 0.24816540152690708 0.11035788669636233 0.22755065727678297
0 0.259590106102768 0.7775023441003428 0.13221470536281682 0.22777379788366653
0 0.3820190894334499 0.767983436074654 0.1195874360279987 0.2158159318225902
0 0.42645505402608974 0.2268161731977764 0.1195874360279987 0.2158159318225902
0 0.6470306360200445 0.20033264790306307 0.11184766136218052 0.2214282030344174
0 0.7561783693507265 0.18972960093748056 0.1164624360279987 0.21556084030732112
0 0.5027401220957683 0.7458369822913304 0.1291260680299077 0.23064370636839726
0 0.4723600893936791 0.48266743153272607 0.11164766669318063 0.2042407030344174
0 0.5861680507240428 0.47010327184004713 0.11348288669636233 0.22780574879205204
0 0.6928447647199066 0.44837140623801286 0.12609197469763486 0.2382011148531283
0 0.877126668682363 0.18711439715415706 0.11339198002863497 0.219993248792052
0 0.948120421347863 0.1843239791265284 0.06955107336090763 0.20860946757828502
0 0.7885883574554035 0.9359761492559432 0.12074994668999892 0.12804770148811356
0 0.6637519894573124 0.9402812053899703 0.11907835868872638 0.11943758922005934
0 0.7301015060868596 0.6988336629059726 0.13217834269572606 0.2246487978836665
0 0.8052265860518613 0.44739845078769935 0.12285788669636233 0.22857102333785928
0 0.9144015913828614 0.43913915382211677 0.11966016136218052 0.22206593182259016