0 0.09329057996702567 0.868884778950332 0.12624299091614424 0.19266699710451576
0 0.18651442148229475 0.8614296898275334 0.1306753994008752 0.18976032092583353
0 0.28748699011874657 0.8543919776692057 0.13169576546195144 0.20226032092583351
0 0.14084968786233013 0.4292764693970382 0.150573311219586 0.2046961162111037
0 0.24163093786233011 0.42458250723871027 0.13549044515850966 0.19154114474715098
0 0.39217449011874655 0.8495160789931132 0.13574553667377884 0.19466614474715094
0 0.5932586290586401 0.8269196792835635 0.13131312818904775 0.19757282092583353
0 0.6907713578468128 0.8145951536430005 0.13392794515850975 0.19146837014004497
0 0.3596634607411474 0.4183067744022181 0.14601335697722054 0.2060402923897861
0 0.37246712330876425 0.6332939195636539 0.12847517061270253 0.18187504631872767
0 0.4744600580062922 0.613756207405326 0.133130719704317 0.20077059553293922
0 0.5816986020969368 0.6157660095150218 0.14665108576539332 0.2138527923897861
0 0.7754492467867063 0.797420462162837 0.13274808243141328 0.1960830955329392
0 0.8594734314842345 0.7787196579862264 0.12442539940087513 0.18946922249741008
0 0.5639196234779421 0.15663075806727983 0.15175317394668236 0.20008139081820958
0 0.4500644175685867 0.1689381670824545 0.14327099425012407 0.21058224317557447
0 0.5663598708928683 0.40323177626424495 0.148755719704317 0.20149834160399788
0 0.671972786794465 0.596774106909988 0.1411983112195859 0.20425946856846872
0 0.7675403783097341 0.5892098558765306 0.1376906739466822 0.19942641935425698
0 0.6674440098327618 0.38529295140947 0.14263326546195146 0.20276974317557447
0 0.6765311937813838 0.140489873659211 0.1640936772806622 0.21777831306795062