0 0.0994404412569351 0.7061584967535891 0.1134390591703934 0.19393300649282175
0 0.18845366477383155 0.7374573153418453 0.1306265591703934 0.19423301542127547
0 0.2892948989343897 0.7701140823879739 0.13306314431968733 0.20676028896022594
0 0.2395259477900975 0.2821055677774772 0.15035990496334906 0.20862279788867957
0 0.34053107291614826 0.3171060848236058 0.13698581981405517 0.1959046095770768
0 0.39286229534776396 0.8081986891256768 0.13709508045771682 0.19746710957707697
0 0.5979593407724024 0.8664127893705583 0.13117286238870207 0.20204551542127547
0 0.6959651520364829 0.8920792167251124 0.13375155917039336 0.19428756249917606
0 0.45843412093867686 0.35885147971075587 0.14723490496334896 0.2085682508107789
0 0.4223320020168124 0.5808452564961171 0.1285177559520847 0.18639324188232517
0 0.5286584116717383 0.6024554293864443 0.1329538836760255 0.20519778896022595
0 0.6334441006597595 0.6467763993546722 0.14465620818165767 0.21632620373287814
0 0.7825035855766224 0.8991729220828436 0.13109645273377596 0.17863528896022593
0 0.8699325297604237 0.9078154906710996 0.12186356436617345 0.1581864212654743
0 0.7186346575612391 0.17596724716392148 0.14992286238870206 0.20237279788867957
0 0.6036216627570192 0.14199344196834598 0.14443768689433423 0.21320120373287818
0 0.666475849903455 0.4256184196472116 0.15014138367602553 0.20549779788867967
0 0.7269973587055313 0.6646985105566021 0.14254740496334897 0.20848643019392804
0 0.8238777125442585 0.6966422114501066 0.1390946230323639 0.2037443831160271
0 0.7697865202020427 0.44884563961543955 0.14243814431968715 0.20692393019392785
0 0.8348277401126427 0.2044450288205467 0.16518722946898104 0.2198057597392326