0 0.9019445019771662 0.03520500113165377 0.19611099604566745 0.07041000226330754
0 0.9101363453610954 0.11648606286961416 0.17972730927780917 0.10966268430531075
0 0.9160481057412186 0.21315634498178976 0.1679037885175628 0.10612824852966193
0 0.45442219764227276 0.12337338647776122 0.2064011917107738 0.12931344301173797
0 0.4650333868815887 0.23007708785724218 0.19489068874502422 0.11467773292582972
0 0.9291502836118279 0.32195813489588154 0.14169943277634403 0.11123182835784551
0 0.9476853900944839 0.5368870940772786 0.10462921981103221 0.10186347241038014
0 0.9501292757217531 0.6401349248099732 0.09974144855649385 0.10622342378986112
0 0.48200466406762593 0.358369184193769 0.20783635771838505 0.12627033016686778
0 0.7244640780980708 0.33313573157109266 0.1853246877564409 0.10949890999505119
0 0.7338629358164557 0.44851507010570335 0.20570085475263547 0.11212594301173802
0 0.7617571255500633 0.5566617627787571 0.21702035672980174 0.12207415309764631
0 0.9527959958357026 0.750414005542668 0.09440800832859467 0.1027708751693421
0 0.9559574644667773 0.8450271426977978 0.0880850710664454 0.09611143939369322
0 0.25018029699488187 0.6061769996613158 0.2001511917107738 0.128985894391219
0 0.23343185429552488 0.4833536533247889 0.21233285672980182 0.12182849163225704
0 0.5156633755500633 0.569558989711693 0.2032761917107738 0.1291496687014785
0 0.7622757317855735 0.6654602306665816 0.20764535672980172 0.12158283016686777
0 0.7790095870325005 0.7687113834255435 0.20270318874502422 0.1150871687014785
0 0.5198163177551285 0.6906936832892578 0.20608285672980173 0.12150094301173801
0 0.2597064887056556 0.7246813381959265 0.2194741946765233 0.14403104025277608