0 0.13407435124083728 0.0545991938635765 0.17439870248167452 0.10701633225631957
0 0.6402861464133742 0.05468172720166721 0.2179630321830867 0.08307099240055574
0 0.6299056573091375 0.12931805128986162 0.21978761213660042 0.13147212480937517
0 0.11305129307885005 0.15550707722232646 0.14547602698730663 0.117262848023889
0 0.0804565864098016 0.3809421818957292 0.10419546312533626 0.1069422906531945
0 0.07437011339710826 0.4946773735751043 0.08733574505632147 0.11122974715020853
0 0.605959694940106 0.24419751567066023 0.23617743664223276 0.14277330072118072
0 0.3280642878830699 0.1963905696228822 0.2098663089182919 0.12344141926229187
0 0.3142199451922075 0.3107251733463544 0.23195983020561534 0.12707556553881966
0 0.2844774508921907 0.42078985115802103 0.24388067599857094 0.14139263867708357
0 0.07458827070624578 0.6093392856192015 0.07138296312533625 0.10617857123840295
0 0.0658466912569351 0.7074131097073959 0.03991444183801278 0.10232621941479181
0 0.836749781097806 0.5553207728888548 0.24588021857321785 0.14767900626826408
0 0.8551341583175438 0.4278322057345146 0.23897465471124732 0.13815853590354193
0 0.5499656930985205 0.4807876726807644 0.23014595792955603 0.14575283035645867
0 0.27337569594851213 0.5297284400638544 0.23417789406758568 0.13648693313000032
0 0.24105450486680396 0.6475328826931599 0.22770937278026224 0.13321646276527802
0 0.5344495897639963 0.593523408813056 0.23439641535490913 0.1396119331300003
0 0.81847466452173 0.6843718400431952 0.24853532500983527 0.16334037385944455
0 0.5125578002914425 0.7154704907850352 0.22313113342392404 0.13466985999173636