0 0.040696755366788157 0.19057409034363307 0.08139351073357631 0.19167624491161733
0 0.13111944737895817 0.18052073891872356 0.09684255167111129 0.20483134215265536
0 0.03793053220072893 0.666396283921198 0.07586106440145786 0.19841756784239592
0 0.118246626521805 0.6663763517635937 0.10280161094166682 0.19265889077317447
0 0.23319109365548596 0.1639684040021574 0.1013482137152085 0.19726450361804462
0 0.448816746865868 0.14163413783249829 0.09669708130638899 0.19858134215265535
0 0.5543400482526388 0.14481777080375652 0.10120274335048621 0.19101450361804462
0 0.22874836863802028 0.6573056462002412 0.11243118407993072 0.204087713703953
0 0.2316058373872219 0.40011062188998175 0.09789590539458351 0.18303822930778507
0 0.3403086901607636 0.40111427917149955 0.09836868407993071 0.2033507293077852
0 0.4470314688461108 0.3863701057203227 0.10796188962701407 0.21321705223856355
0 0.6630065334349999 0.14738392808527429 0.09822321371520851 0.19710072930778516
0 0.7562662241644444 0.13975621381549455 0.0965152433504862 0.19076884215265535
0 0.4772722151432979 0.8975245324508598 0.11577438962701407 0.20495093509828025
0 0.3551971933918049 0.8995114173447117 0.10788915444465293 0.20097716531057658
0 0.4569285732351731 0.6332827272716202 0.11544708130638899 0.19956398801421252
0 0.5494661378240622 0.38782746438132143 0.1077436840799308 0.20384205223856364
0 0.6640196003049997 0.3727114767057933 0.102947081306389 0.19890889077317428
0 0.5633240435998953 0.6326010538204433 0.1077436840799308 0.20384205223856355
0 0.599347236894791 0.8962574821906607 0.12827438962701407 0.20748503561867865
0 0.6808024843293398 0.6262425904551747 0.10752547853284752 0.19446705223856356