0 0.7159572253286054 0.7479236790513122 0.3242215178461393 0.17471340992986412
0 0.0913734676549355 0.815964961443337 0.0712149170163024 0.16005492288667406
0 0.0895005464894482 0.6681282387412331 0.08972811867597637 0.15813147748246603
0 0.7620598628764063 0.5868347871631616 0.31579371120744354 0.18661263263196837
0 0.7884625392167637 0.2581078123015893 0.3164090178461393 0.17421276218161763
0 0.7944496622424176 0.12165917257290718 0.3000969336130419 0.14362409623477373
0 0.09992579316545593 0.48764899676079754 0.13923121120744358 0.17529799352159509
0 0.39190072822839034 0.5343480282207466 0.2930899170163023 0.17427331893687778
0 0.39631277324472414 0.35659326804171376 0.3244583161864655 0.17783840992986422
0 0.4389235578880957 0.20072280227943998 0.34150410622842176 0.19758970542635745
0 0.11883527821910159 0.14211525370062783 0.1930666062284217 0.1880773982096719
0 0.42819677759440167 0.06942273750461535 0.3157685551888033 0.10420065083056558
0 0.1351329392121193 0.028873576495016956 0.2077658784242386 0.05374197100406107