0 0.8672062663533779 0.91061335163618 0.2183384798304629 0.12514938962701408
0 0.37050692361069265 0.9331339294271872 0.19386616013203684 0.0949527433504862
0 0.38798836658893354 0.8466145479682984 0.20767438190398124 0.12801981648875013
0 0.8941411547835874 0.8113393970390271 0.21171769043282546 0.12969141926229177
0 0.9178483386901846 0.6074682082094437 0.16430332261963088 0.12347778685347244
0 0.9259055549955088 0.5070499809108673 0.14818889000898244 0.12627547853284754
0 0.41442514453416524 0.7371843433711456 0.22283049019805534 0.14084712480937522
0 0.6659090235634244 0.7751700801690273 0.19619007775694436 0.1215152433504862
0 0.6824629535821746 0.6691012649145481 0.21833847983046262 0.12514938962701408
0 0.7207845768619896 0.5523488695879508 0.22894378916129607 0.13943009517409735
0 0.9364432223375921 0.405141988794652 0.12711355532481577 0.11933449430041687
0 0.947117590716435 0.3087027466784367 0.10576481856713009 0.11708101006798621
0 0.21101045273370284 0.45226774876572906 0.23105309330833307 0.145716462765278
0 0.1771712778987489 0.5665672913187846 0.22540868605101827 0.13466985999173636
0 0.4756484426489342 0.5063869786297566 0.21827969123481453 0.1423005220358334
0 0.7229048599910176 0.45131304644968695 0.22072118605101831 0.1345607572181947
0 0.7481598467487031 0.35521864323930497 0.21562358294074038 0.129764154444653
0 0.49189957629634184 0.40580509717086766 0.21943208812453677 0.13764938962701406
0 0.23853127705027713 0.3373324265773957 0.23357250056564788 0.1566903303564585
0 0.5135511094253697 0.3043146791428468 0.209646985014259 0.1327436840799307
0 0.9606633893968517 0.14729246799308948 0.07867322120629652 0.10363545269729176