0 0.055784005538608586 0.7956845730403959 0.039671088873295006 0.2211308539192082
0 0.0734153250784851 0.2811075960016495 0.10143410447712724 0.20888691818411553
0 0.11778271652902798 0.8290904549354228 0.14583920171816525 0.22265991316955072
0 0.3432640733810044 0.8765180697416906 0.1301389586155702 0.19100073620994634
0 0.4529632999752561 0.8944520643314142 0.13449890999505118 0.1848871285298145
0 0.17509401175864497 0.3102291431777978 0.15570552464894377 0.23230769780928667
0 0.14629173959609207 0.5817919061099216 0.13556344301173798 0.2051996285298145
0 0.2617463212332979 0.6050355263264658 0.14147925033868428 0.22877352084968247
0 0.3917923473525797 0.6528927016367174 0.15298996042459256 0.24002926959604132
0 0.5663231151041185 0.9075848986545811 0.12841932835784534 0.15818823620994635
0 0.671048236655416 0.920186535564173 0.12209408525525038 0.12680184389007856
0 0.47411028663473137 0.11145902256554219 0.16072057326946276 0.22291804513108437
0 0.3471007293077851 0.0897718906705154 0.1473264586155702 0.1795437813410308
0 0.42951591813565154 0.3873298861181689 0.15850297602842472 0.226148626022532
0 0.5024399202833582 0.6590624821198183 0.1493736374938141 0.23056334138279588
0 0.6081067441186478 0.68963286902941 0.14592108887329508 0.22422241316955063
0 0.5394198626177277 0.40917013070789254 0.1507723631835546 0.2274838054894186
0 0.6018568283578454 0.13741113948338118 0.17502873473485198 0.24379076708875885
0 0.6519951057203226 0.4371921791376822 0.14715604025277607 0.21801787727617322
0 0.8494155760945379 0.9345576094624984 0.10598440637700648 0.08733016693047446