0 0.276232789521287 0.9073813145888892 0.1967051669304743 0.10607208130638882
0 0.7502302306666561 0.9612888710096531 0.17888116943775678 0.07742225798069384
0 0.7297836868557199 0.8789017836224311 0.18594952335696496 0.11206750816812487
0 0.2460929969639921 0.8106511317432293 0.18911998746358769 0.1137027433504862
0 0.1911457695295343 0.6126305526210418 0.19201766693047428 0.10596297853284753
0 0.17433269107886212 0.5177719943004169 0.18585859514371963 0.10894250816812523
0 0.7001296276053777 0.7720335345723617 0.19867684389007856 0.12017094889756948
0 0.46179455331134056 0.7914692931217365 0.17639266693047428 0.1055993026210416
0 0.4416518863808663 0.6895067496187504 0.196750631037097 0.10763458130638899
0 0.3992932386507219 0.5753163098392364 0.20644387978345574 0.11879028685347244
0 0.1480309523616332 0.4187889804327085 0.18893813103709695 0.10745274335048624
0 0.12735708801758366 0.32540200313413203 0.18572220282385157 0.10425500816812514
0 0.8807729076927673 0.5139158293096188 0.20667120031656908 0.12660278685347243
0 0.9079675846856249 0.6248539825200008 0.18406483062875018 0.11715505167111129
0 0.6311509924116455 0.5479225809251395 0.19412573620994636 0.12474934612402784
0 0.393372196093427 0.4791498246568754 0.19858591567683312 0.11704594889756947
0 0.36568981380268883 0.3863804431979864 0.1922449874635877 0.11377547853284735
0 0.6111447178010394 0.4506475374221533 0.19702341567683312 0.11700958130638899
0 0.8486387061225569 0.4023055288727785 0.20855194906292773 0.13757665444465292
0 0.5864282111371218 0.3524821411456255 0.1876029515702104 0.11522887575930571
0 0.10796692735531555 0.16880651101791674 0.15879598997087013 0.09113675911805572