0 0.7802479247354496 0.898531528875879 0.13119014970954979 0.20070904800821018
0 0.9504599948327135 0.48222124852706205 0.0629838052100677 0.17844316256778664
0 0.8931569170824545 0.47094740524111617 0.1370035020669146 0.19137040944452863
0 0.6797748897892615 0.9058197705862595 0.13707627667402048 0.18836045882748104
0 0.47628817080650815 0.8811339088553535 0.1309718258882322 0.1960215480082102
0 0.38121326530599015 0.858699851771957 0.132097678245597 0.1866556383672897
0 0.8002438250641719 0.4524332336963391 0.14539819892376152 0.20391586123992678
0 0.7323862752307877 0.7013247307694729 0.12711907981717374 0.18037836729005097
0 0.6218683062480344 0.6748935200952803 0.13275264970954978 0.20071813836728972
0 0.5178357777119869 0.6602219660369458 0.14412679735218498 0.21015677088084708
0 0.2768168637344136 0.8518407977136226 0.13082627667402047 0.19289654800821018
0 0.18506601137704873 0.8419294665279251 0.12911822745980875 0.18976245764913066
0 0.6163398217544029 0.1895736436318471 0.15201207195929065 0.21176472267624522
0 0.7385230368082148 0.2004434868195971 0.14398124813797306 0.20703177088084707
0 0.5570396346174658 0.4392963876799187 0.14837764970954978 0.200809041958086
0 0.41985419603278656 0.6330822282353902 0.14220042431665553 0.20233518052176755
0 0.3208173825505512 0.6285987404338343 0.13885710049533806 0.19762949980360833
0 0.4604557330458892 0.4324827854169825 0.14212764970954977 0.20077268052176755
0 0.49390189557572056 0.18417255044409708 0.16465762117350238 0.21496244554888216
0 0.3601111306885244 0.42252145725634715 0.14020127667402046 0.19295109016268785
0 0.037858372106770476 0.8042471384654857 0.07571674421354095 0.16309087334017533
0 0.29401105748637935 0.18066523448190602 0.16018844499482005 0.21962267447164333