0 0.9886272515400215 0.4356553651731373 0.02274549691995702 0.204653266749223
0 0.9514236677781657 0.941434252686087 0.09715266444366862 0.11713149462782582
0 0.7170859395473481 0.9526820638942656 0.10269346878180681 0.09463587221146881
0 0.6017883217613332 0.958119753824243 0.10845239546082901 0.08376049235151406
0 0.9221354718618496 0.45243829672850316 0.12638891832631954 0.22428087014004522
0 0.9382342201325692 0.7347606451569266 0.10838296279135698 0.20004284946188058
0 0.810354756793058 0.7358243773742463 0.10920141832631991 0.22348034946188075
0 0.6825844208582086 0.740013109591566 0.12364586424263582 0.23507282092583354
0 0.47778782657065666 0.9614041885846791 0.11426588584218215 0.07719162283064165
0 0.36240836323114545 0.9659247146395271 0.09814981252120454 0.06815057072094569
0 0.615448929126093 0.1799809840748373 0.13145836424263582 0.23543669396136271
0 0.756872537293461 0.16472847332147034 0.12035717313564334 0.23023977171162174
0 0.6571205962712865 0.4798739762169545 0.12935022721932726 0.2197389193542568
0 0.5602555530721937 0.7436753029337562 0.12013891832631991 0.2239897717116218
0 0.45072678564899854 0.7565134431327932 0.11528772721932726 0.21908394789030403
0 0.5336111744015877 0.49440089495203876 0.12164685462398897 0.22250004631872766
0 0.48135667132154475 0.20415473056018066 0.14552086424263583 0.23609166542531543
0 0.40999262512722706 0.5058028136871231 0.11975697241000383 0.21305227171162175
0 0.16890389989163432 0.968480326302517 0.09453373920022679 0.06303934739496597
0 0.24652036905195923 0.24703562758364325 0.1394345553496284 0.24048806699689199