0 0.1476982179217421 0.09329279226871515 0.23839877081949093 0.14128353590354187
0 0.13205822177925344 0.34952460847312483 0.23779799352159503 0.13190853590354196
0 0.12878542258213238 0.47363425569958323 0.231848382170543 0.13645056553881965
0 0.7175892157622737 0.0476867386977428 0.24607156847545256 0.0953734773954856
0 0.4130321236895531 0.06044392467753459 0.22061049352159504 0.12088784935506917
0 0.41702111196936087 0.18765516242534686 0.2458107526208936 0.13521537385944465
0 0.4188468229512726 0.32958808928708294 0.2545244185677376 0.14945971181534742
0 0.12418066086194009 0.6063558367216318 0.24016152991878958 0.14444490349472244
0 0.12175896283683829 0.7171842339480902 0.231547993521595 0.13176306553881964
0 0.9267885333148754 0.26706010733576313 0.08643575262089342 0.13150587955902787
0 0.925062951882613 0.123564680474027 0.07313471622369931 0.1187149388295834
0 0.7023299514211878 0.30036748907899247 0.24398743676633466 0.15545513867708358
0 0.4166859407807297 0.4606926189223607 0.24797402991878953 0.1446267414506252
0 0.4070327336563292 0.5748096703091315 0.23996127081949087 0.14131990349472226
0 0.6881697169988914 0.4239504594437147 0.24661178901808825 0.14771537385944455
0 0.9246078647471381 0.4106464531754506 0.1047246776670363 0.14909342306201392
0 0.6750713348283485 0.5553095622172564 0.24016152991878953 0.14444490349472244
0 0.12825358498523198 0.9323364552627428 0.20907221622369904 0.12187891926229213
0 0.8909793322074548 0.6797783128828464 0.13773743676633501 0.15298214247680572