0 0.8540426100015909 0.0681713093631112 0.2919147799968183 0.1363426187262224
0 0.8576951423456357 0.21606333898889596 0.2846097153087285 0.1743603493887446
0 0.48085110534690845 0.08410280444407067 0.31448176535645356 0.16820560888814134
0 0.8582863093570898 0.38793833898889596 0.28342738128582035 0.18069223654387434
0 0.862293104034044 0.5323058146786364 0.2754137919319121 0.1663021879233554
0 0.14247894867918126 0.08966116491409173 0.24111699069063525 0.17932232982818347
0 0.4836413927036801 0.2474759497976013 0.3066329026893626 0.18315549525030156
0 0.49708736939049736 0.3952992961341282 0.2987658586887262 0.17805855947465288
0 0.1482396947008166 0.24394699457293306 0.2691329026893626 0.1811902035271876
0 0.14941293805695194 0.411956688150498 0.29098972135581713 0.18077412369900406
0 0.8592366647835401 0.8164318311869799 0.25944882001909014 0.15413638059640897