0 0.1947492559928938 0.058918852677218005 0.19521068068726613 0.09082737175194147
0 0.6243581908640314 0.08283896265803667 0.17991322930778503 0.09680463636243805
0 0.16385005879728434 0.1561250892845374 0.1846007293077851 0.0968864569792891
0 0.11073062358746244 0.36398245373287824 0.18583568068726614 0.09066373051823948
0 0.10002109565915833 0.46388699634655206 0.1799132293077851 0.09680463636243815
0 0.6245452193581624 0.18371567004436287 0.19290455223856356 0.10639782467404083
0 0.3754869216421545 0.16138315381230844 0.1703744549975256 0.09351599512873605
0 0.3588582643606368 0.2697859890396561 0.1922494549975257 0.09389782467404081
0 0.3469204291053864 0.3931280316533299 0.19586577792830404 0.10332737175194148
0 0.08696113155872069 0.5636551712654742 0.17392226311744138 0.1015739569792892
0 0.07870821828430913 0.6627239168012473 0.15741643656861826 0.08742963636243814
0 0.8297771947092187 0.41563169195846006 0.19931832654882306 0.10963191882984216
0 0.8515027877663851 0.2994981773479635 0.19570200361804463 0.1002023717519415
0 0.5716747676399972 0.40174292126217886 0.18681832654882308 0.10941373051823948
0 0.3289749332892579 0.49681609334172716 0.1925770036180446 0.10014782467404082
0 0.30765545398147276 0.5902797211827486 0.1861632293077852 0.09691373051823948
0 0.5519620539360443 0.5093099594116258 0.18961577792830403 0.10321827759614007
0 0.8115484158764034 0.5396458904163326 0.1999734237898611 0.12213191882984216
0 0.5335219131628699 0.6075156343305479 0.18163950361804454 0.09995690990138843
0 0.0634528318643484 0.8390682284896446 0.1269056637286968 0.08087962743398416
0 0.7450658435114518 0.7488339297835955 0.205977762324472 0.1175535129856435
0 0.5162348366140468 0.7135610827884203 0.1996458751693421 0.11588191882984215
0 0.06292720940853971 0.9171932284896446 0.12585441881707943 0.07786372158978594