0 0.4015625 0.1296875 0.0953125 0.1484375
0 0.5 0.125 0.090625 0.1578125
0 0.590625 0.1234375 0.0859375 0.1625
0 0.0984375 0.3984375 0.0828125 0.1671875
0 0.19375 0.3828125 0.090625 0.18125
0 0.3046875 0.375 0.103125 0.2015625
0 0.503125 0.346875 0.0953125 0.165625
0 0.5984375 0.3421875 0.0828125 0.1703125
0 0.690625 0.3265625 0.090625 0.1765625
0 0.784375 0.321875 0.0828125 0.1765625
0 0.1015625 0.6296875 0.090625 0.171875
0 0.209375 0.6171875 0.0953125 0.184375
0 0.3234375 0.596875 0.103125 0.175
0 0.43125 0.58125 0.1 0.1890625
0 0.615625 0.5421875 0.090625 0.165625
0 0.23125 0.8546875 0.0859375 0.1890625
0 0.128125 0.86875 0.0875 0.1765625
0 0.040625 0.8671875 0.0734375 0.1671875
0 0.334375 0.846875 0.0859375 0.18125
0 0.4453125 0.871875 0.103125 0.1890625
0 0.6484375 0.759375 0.0953125 0.18125
0 0.740625 0.746875 0.0859375 0.1796875
0 0.190625 0.1578125 0.0828125 0.1796875