0 0.11717420703381295 0.1875867908368401 0.12635554745199234 0.22909227767481416
0 0.24384945357377186 0.16673359909687535 0.13812071840251947 0.2497867235911302
0 0.3920959525851887 0.15686254737544403 0.15801672433401856 0.27856648801910044
0 0.6549806131555924 0.11873503168152941 0.14347938045579803 0.22812997840045363
0 0.781479446159398 0.11443075531506859 0.12648288144438133 0.22886151063013718
0 0.904407610189843 0.10651160055207878 0.13748404844057555 0.21302320110415757
0 0.9823814184790691 0.10191709783093097 0.03523716304186166 0.20383419566186195
0 0.12421602178601088 0.4948090137949981 0.13761138243296434 0.23728672359113023
0 0.2667391028126501 0.47887893503172474 0.14449805239490826 0.25312997840045365
0 0.4181596813678315 0.4509027240544664 0.15492621642535304 0.24101192431676957
0 0.5613048449039848 0.4310391134400276 0.15256522037968595 0.25965279691210785
0 0.8056159190105416 0.3786953303229178 0.13722938045579802 0.22791172359113024
0 0.2975685860439172 0.79387645245492 0.13375155338349137 0.2574355324841374
0 0.16142283900966675 0.8127132764088698 0.1331148834215475 0.24181053248413775
0 0.064261337526792 0.8090649759533829 0.07160438045579798 0.22562004809323427
0 0.43484575155723687 0.7836060966498046 0.13180705140632512 0.2480059687818068
0 0.5824993429639994 0.8167856404818696 0.15725272037968593 0.25981648801910034
0 0.8518011468046014 0.667338678871639 0.1443707184025193 0.25000497840045366
0 0.9532569343149906 0.6499651511968247 0.0934861313700189 0.24460815027015242