0 0.6607273858003927 0.848942428421234 0.31131371551297526 0.17744656487037674
0 0.7136631145423509 0.5517889229733524 0.2715961182719372 0.1622150487788332
0 0.7373573213488989 0.4115791862149042 0.26280097241038014 0.14291874556052447
0 0.7686969318189198 0.25915902655997813 0.2728310696514182 0.15607430942249498
0 0.791940759272254 0.12754303980152992 0.27217597241038016 0.14357430942249497
0 0.3308727894638658 0.8603323045556911 0.27225121551297515 0.1747150487788332
0 0.35850754579544386 0.6894899268317503 0.29223616689245624 0.1698854371464357
0 0.43755539518418846 0.399072740441619 0.2572060696514182 0.1549817029858776
0 0.04774594470921865 0.8592550316788836 0.0954918894184373 0.13461493664223276
0 0.03693181507309157 0.6923788881155011 0.07386363014618313 0.16367972376899792
0 0.11892984481041799 0.38406400754156855 0.23785968962083598 0.16155948491686284
0 0.1384461456922149 0.24180009788664258 0.2768922913844298 0.1486988519971419