0 0.896162803803421 0.4870475463612708 0.1696015286689118 0.14453565128862386
0 0.8917710755522507 0.38437292571448445 0.1866616946765233 0.14231140999505126
0 0.8795668473010807 0.28210774084334683 0.18009335969555132 0.13417136137453217
0 0.669786057226281 0.8770085623037872 0.2035945266917457 0.1369621687014785
0 0.6768093314465687 0.7620419815710926 0.2197288626613009 0.15028104025277605
0 0.665305440153537 0.642589296699955 0.24542919961943924 0.16877873473485216
0 0.6562182361226545 0.4255622489839472 0.2135425296574951 0.15151599163225704
0 0.6516673403809984 0.32679387833716084 0.20515702669174568 0.13704405585660825
0 0.6497785296203142 0.22009017695767988 0.21654019566510635 0.14855476594251654
0 0.6458815498862693 0.12440586273332858 0.21309686068413464 0.140578491632257
0 0.4217332177966847 0.9188529828142882 0.20933519072219067 0.12478971732199753
0 0.41949423855693135 0.8207430314348072 0.22460736364988404 0.15521420171816516
0 0.4278399322448715 0.6924542571245476 0.21548703163466154 0.1609728787873868
0 0.4210553744499369 0.5719746607880207 0.23111203163466154 0.16179175033868418
0 0.4319941689361797 0.3609143300553261 0.20397652866891197 0.1463371687014785
0 0.15412656513494638 0.8666132106517352 0.22741402866891205 0.14756547602842493
0 0.17041079832903241 0.9452771212126134 0.21294035178688592 0.09847287878738697
0 0.15274709034381734 0.7474095092722541 0.2179116946765233 0.1439491530976463
0 0.11051906420213478 0.646205535391536 0.22103812840426956 0.1649167503386842
0 0.18394132950658343 0.4027587505658269 0.21985619665368966 0.15340604025277607
0 0.1905507682516077 0.29794841983313225 0.21791169467652324 0.1439491530976463
0 0.8878396733476229 0.7104441027837058 0.16778436068413463 0.13820376413349428
0 0.42297860768120393 0.25692287087392895 0.20879136266130088 0.14970783016686778