0 0.7878353870152296 0.16344741090673545 0.1643032366340588 0.22227765634451405
0 0.6734312527720102 0.13178179644968693 0.16081421558737147 0.21595492116215292
0 0.5571005974821036 0.10832551249126716 0.15483723137238706 0.21665102498253433
0 0.9154249768165869 0.5045419235401728 0.12164529977412109 0.24000936379145835
0 0.8116776215125627 0.46404616974045065 0.18918141026922974 0.2743493026210418
0 0.5810261319653193 0.3921757422131245 0.17146328925077742 0.2380481267092362
0 0.47140050298377173 0.3588385249825343 0.15060475768074627 0.228200348023889
0 0.36434613715640396 0.3215405063651733 0.16530429451244916 0.23946515634451399
0 0.2632232529131846 0.28956576738309003 0.15740078925077733 0.2377208183886113
0 0.850697534977326 0.7853568188667701 0.1579468208208085 0.2470958183886111
0 0.7285186980891531 0.7398287261612146 0.1810202997741211 0.24139133225631948
0 0.6002340743692776 0.7053654200247912 0.18036785239083955 0.256979964665139
0 0.3896976637471118 0.6096210814032983 0.16292274715740263 0.22536628875333342
0 0.7746979351467351 0.9650092576963534 0.12525760523343693 0.03412303970326391
0 0.6516622535484691 0.9475879811952078 0.12918624203690499 0.07478440729444458
0 0.5153607325017818 0.9570019616279162 0.14095819994353037 0.06257534802388917
0 0.29669330346376455 0.8669082109623261 0.1693547576807463 0.22863675911805573
0 0.1858236928980685 0.8281386113229164 0.16070779977412109 0.24091855357097244
0 0.9634808581466215 0.2420594541253811 0.055747283989105514 0.23379442496187508
0 0.28195305318141584 0.5707787465815275 0.16641176820408993 0.23168902393569457