0 0.31875 0.159375 0.09375 0.1609375
0 0.415625 0.153125 0.090625 0.1578125
0 0.5078125 0.14375 0.0859375 0.1625
0 0.0421875 0.4390625 0.0828125 0.1671875
0 0.128125 0.41875 0.090625 0.18125
0 0.2359375 0.4140625 0.103125 0.2015625
0 0.434375 0.38125 0.0953125 0.175
0 0.5328125 0.3671875 0.0828125 0.1703125
0 0.621875 0.346875 0.090625 0.1765625
0 0.715625 0.33125 0.0828125 0.1765625
0 0.0515625 0.675 0.0875 0.171875
0 0.1453125 0.6484375 0.0953125 0.184375
0 0.2484375 0.63125 0.103125 0.175
0 0.3625 0.6125 0.1 0.1890625
0 0.55625 0.5640625 0.090625 0.165625
0 0.175 0.8828125 0.0859375 0.1890625
0 0.08125 0.8953125 0.0875 0.1765625
0 0.26875 0.878125 0.0859375 0.18125
0 0.375 0.9046875 0.103125 0.1890625
0 0.575 0.7921875 0.0953125 0.18125
0 0.6734375 0.7734375 0.0859375 0.1796875
0 0.121875 0.2 0.0828125 0.1796875
0 0.6484375 0.5484375 0.090625 0.1671875