0 0.38796599446139146 0.8211201969597586 0.20331086499257686 0.28288663666229363
0 0.5464712132537269 0.8021412257577794 0.2015027035271876 0.27810813140062185
0 0.6930562861845054 0.8012752177240973 0.19714275214770643 0.2840851156156063
0 0.07520031659920043 0.4775250314994439 0.15040063319840086 0.31442506299888784
0 0.21050157225340999 0.45423028661994147 0.2380820126631562 0.3518942418957307
0 0.5249325644514938 0.4654910942159831 0.21547667231952303 0.30696117349399665
0 0.6715176373822723 0.464625086182301 0.19450907507848497 0.29327810509226265
0 0.8222988873822723 0.47340709393363445 0.20930855947465296 0.30815965244730925
0 0.9245198066495778 0.4817116885731405 0.1209896879233554 0.28743835779368576
0 0.05576532112175621 0.17602344468185843 0.11153064224351242 0.19579688936371684
0 0.1786119216421546 0.16556262876978595 0.20850297602842477 0.233341662970653
0 0.3592411239261467 0.1580594838620486 0.21367515490666858 0.27258617349399666
0 0.6511796404344901 0.16487571516384844 0.2038907191310198 0.2642276419239656
0 0.09018130681891987 0.7844421604104042 0.18036261363783973 0.3090851156156063
0 0.8097733904344901 0.1741127492235411 0.2054532191310198 0.26431864718563747