0 0.8853432282883512 0.22088942148229473 0.1905215237259963 0.12767794515850966
0 0.8993340855124445 0.3334053969364875 0.1873965237259963 0.12742285364324069
0 0.9128428399424784 0.4374073707236904 0.17431432011504314 0.12155549091614422
0 0.5602663379467214 0.0029982278700887684 0.19553267589344295 0.005996455740177537
0 0.578102436767858 0.05697623847600243 0.2124601907221905 0.11395247695200486
0 0.5938467949805345 0.16551536376586654 0.23959569368794006 0.1472568636451803
0 0.6648609264249157 0.3886023063393024 0.20633752471457925 0.13364090273485507
0 0.6845287806832594 0.486545598762957 0.20107702174882985 0.11919576546195146
0 0.7222927189339922 0.5861471149738146 0.20933519072219048 0.13077099425012406
0 0.7372412396942387 0.6836917946703728 0.20895318874502422 0.12139599425012407
0 0.29631392589344296 0.03301212870843291 0.19999468281352523 0.06602425741686582
0 0.32393886018984286 0.1013244154425548 0.21727502471457943 0.1345337230382968
0 0.3565842169196447 0.20996609180513315 0.2082183596955513 0.14158094849248962
0 0.38570532562661286 0.3283016325617979 0.22377969269935694 0.14129390606883502
0 0.46555328760334175 0.5373420505894264 0.19677152372599624 0.12818812818904773
0 0.0919686185927999 0.16023625620891782 0.17464185574121863 0.12015248758216437
0 0.07995409684397006 0.057748984997090504 0.1585075197716635 0.106377030005819
0 0.1017667243340185 0.266039846057197 0.1854520217488298 0.11792030788560606
0 0.09836183452386141 0.3940850977241869 0.1690921926993569 0.13682980455162622
0 0.20611196201390988 0.5953609421143939 0.2126511917107738 0.13571358576539333
0 0.24103740174751728 0.7022487998405205 0.21220552273741297 0.12477608576539315
0 0.8124310158173309 0.03487842021400365 0.2120781887450242 0.0697568404280073
0 0.48622522634836596 0.6406903201342639 0.201586357718385 0.13169576546195144