0 0.2971079326042817 0.1411359538056823 0.172131025599853 0.22894843393541642
0 0.42128710980989253 0.17052833184331623 0.17193076650055428 0.22582343393541643
0 0.5391860086378732 0.18795642322046127 0.16754365514950215 0.23034724282842384
0 0.032344525756736436 0.40144593811176765 0.06468905151347287 0.23726687622353534
0 0.10529666024363124 0.42179813284695733 0.20376055983757918 0.2846180805773718
0 0.3690587715946833 0.43570689854087197 0.18280770974529403 0.24958831614940155
0 0.4807076704226641 0.45291673510869357 0.16501943244739808 0.23961311542376224
0 0.602101809071612 0.4524579220393349 0.17812020974529402 0.2494246250424091
0 0.7094940044758202 0.47500009935132936 0.1669824506459955 0.245917679126093
0 0.0015079310631221973 0.6842757962791357 0.0030158621262443945 0.24355159255827133
0 0.06879556061277152 0.6850595354793625 0.13759112122554304 0.25136907095872496
0 0.1774675447305261 0.7007167957309814 0.1932841347914366 0.2671031983633867
0 0.43280588680324666 0.699454429210911 0.17409404379845023 0.23525299763774737
0 0.3837421213824265 0.9306572668750409 0.1581500663159841 0.13868546624991823
0 0.5094232418327772 0.9344568786706061 0.1532623072166855 0.13108624265878782
0 0.07697590530638576 0.14284475362819707 0.09596904379845021 0.23252481252120455
0 0.5497733413067534 0.7191989887368907 0.17928219154669697 0.24322918874473984