0 0.7484254596356823 0.8740798674410859 0.13292976594251654 0.21235564401654478
0 0.6194373224805526 0.8741424074235867 0.13276599163225705 0.2092306440165448
0 0.4906981688170795 0.8843702880728603 0.12684354025277605 0.21540791868236298
0 0.8788620686353653 0.5480542641231307 0.15298331637205784 0.2672431386855445
0 0.6104938489385188 0.597307187420405 0.14172491180407362 0.23119655068427178
0 0.4898538003179997 0.6021572247374058 0.1226473631835546 0.2247283746817267
0 0.36880763794809923 0.6296726027211793 0.13547491180407353 0.23112382535009016
0 0.2482085329051451 0.6337413900381801 0.12470118611433305 0.2341215560152719
0 0.9728731767305373 0.24583833080040293 0.04229812188998174 0.24097044533736342
0 0.8902720386708964 0.27067415145603985 0.1480567989592032 0.23283177601845367
0 0.7493604336279421 0.2745065814369498 0.1489575576656307 0.2500192760184537
0 0.4858877538451873 0.33476063940163325 0.13325731456303558 0.21860564401654461
0 0.8887415954320158 0.04630086012090352 0.11717421189493038 0.06070223734881747
0 0.4819250293986421 0.08221689473263333 0.13614994120271576 0.1546158693507265
0 0.35162337573516905 0.09242659404836141 0.12487824852966192 0.17790791868236291
0 0.35986416440606533 0.35283738271799764 0.13827236318355443 0.22491018801718105