0 0.22875985082615585 0.5086906146012862 0.28834328130301123 0.21458505931499056
0 0.2536110618034143 0.3555510271488563 0.2820387176006804 0.21276789133021295
0 0.28611108167368016 0.2067806047154544 0.28807046279135695 0.20677255931499045
0 0.522477557457427 0.8774300498490882 0.3179216538983496 0.2126697322426839
0 0.559265773244009 0.7175629599252005 0.35522324645662096 0.253196573155155
0 0.576292104454353 0.40871454194042284 0.312217290921658 0.2280400642579064
0 0.6106001609851077 0.25284920251082654 0.2989533990890262 0.2056557282883512
0 0.6280381760460502 0.11093361654127146 0.3119990361123346 0.22179006425790632
0 0.7869021560061482 0.9009816604960417 0.18114585099579195 0.13844437056996634
0 0.8226809432996092 0.7700208205721537 0.20682046279135696 0.20346187551288217
0 0.8630033868536724 0.5983076466558772 0.22724209019601876 0.20741454646340926
0 0.8852802132546932 0.29548639418441924 0.2132887176006804 0.2099665434976597
0 0.21030742887163897 0.8136964495822581 0.3116170901960187 0.21085256425790638
0 0.8996205101668011 0.15291689220725294 0.1948660998146657 0.21857753954332698