0 0.2740881973789582 0.16858281006683948 0.11522887575930571 0.18631142126547412
0 0.3823552922687152 0.14716968587926602 0.11515614057694457 0.18318642126547413
0 0.48815135058934017 0.1312662220001181 0.1105777433504862 0.1877921006486231
0 0.0727016564414232 0.46650961566615684 0.11733688962701408 0.20977619480442442
0 0.19103408235322877 0.44882546347540614 0.13194490349472243 0.23345915665497757
0 0.40266321979604136 0.3818759224865854 0.12187891926229177 0.20360801542127546
0 0.5147274619122566 0.36508211445163613 0.10767094889756948 0.1971125535707225
0 0.6136741081887844 0.3414888814977647 0.11719141926229178 0.20352619480442452
0 0.7273008503049997 0.324667799923865 0.10937891926229178 0.2033898271096728
0 0.09199194462607578 0.7113857390429514 0.12365962480937517 0.21301028896022595
0 0.20356587747173555 0.6821055677774772 0.12660278685347243 0.2052523360381265
0 0.32653125199677024 0.6666833449698755 0.128528962765278 0.22090460957707697
0 0.5422484773954857 0.591853120133679 0.11533797853284752 0.19099892126547413
0 0.11580673186079782 0.9296311785723702 0.10941398043270842 0.13779210064862327
0 0.2291970846343395 0.9229663469984704 0.10806968597979179 0.1471398271096728
0 0.34140614390489504 0.9335026521940459 0.10748780452090294 0.12213982710967279
0 0.5621745452154159 0.8429656067409983 0.12358688962701407 0.20988528896022593
0 0.6750927725139924 0.8230331619365738 0.1125766544446531 0.20656937418757337
0 0.06405792752732618 0.23394257751670988 0.10945165444465295 0.20651482710967278
0 0.6449377195117009 0.5752229533324317 0.11860844889756965 0.1973034683433749