0 0.7868576921119044 0.15947344805742594 0.1597338879720084 0.21344666558343128
0 0.6797798205361429 0.1207712325534249 0.15937869046151915 0.20875916558343124
0 0.568807354354322 0.09791179992056975 0.1530102912913561 0.1958235998411395
0 0.9001683726014467 0.4968898530908457 0.1395164763542905 0.23493983603812651
0 0.799955807664381 0.47055126989209295 0.18696016141722502 0.26385576866768634
0 0.5916007012354667 0.36807865503671505 0.16873037967363835 0.2292080332781829
0 0.4842976867133196 0.3426440527632388 0.1540758838228232 0.22115007142762994
0 0.3807592122331288 0.2984185401813371 0.1658421780139646 0.23227848620028232
0 0.2757407481259002 0.2737242775994354 0.15634877884380147 0.23055234496658022
0 0.8336866545455258 0.7461591960288311 0.1728025730349426 0.24176258035608367
0 0.7280528837996014 0.7089922069858797 0.17353627884380138 0.23085235389503395
0 0.6162399680326989 0.6812956753292545 0.1779636697155947 0.24809440097293473
0 0.40085361160378447 0.5789457913991531 0.15684568631233428 0.21651711850553051
0 0.7572864074453107 0.9409865008173695 0.13799875269929238 0.0913534772718286
0 0.6521611995618596 0.9279973514659925 0.14024833693238978 0.12104097727182861
0 0.5281317037110445 0.9379644610430695 0.13281434523075966 0.10530688311602746
0 0.31492315392082587 0.8480600300350674 0.1708848755244537 0.2370478068171334
0 0.2078452823450645 0.8093578145310664 0.15971057718412754 0.2337318920444808
0 0.9490365381678565 0.24324665585078922 0.07990467801396442 0.23077844155801355
0 0.294746244177208 0.5480288023562018 0.16489498465266034 0.21977848620028234