0 0.1912993356343847 0.18062848489802066 0.10615236282348776 0.17583776101791676
0 0.3001658210238881 0.16247593731097196 0.1029728157455871 0.17264002583555565
0 0.40430389610496603 0.14677624249746493 0.0968046363624381 0.17718205547083343
0 0.03284195332913641 0.45150729540284723 0.06568390665827283 0.19698540919430557
0 0.11486965462967794 0.44323889409232625 0.11629102191409726 0.219805966565
0 0.3149202475676633 0.39094577621680526 0.10798759821299111 0.19149912860909737
0 0.4229918461876915 0.37359266242534683 0.09381600405718978 0.1849218202884723
0 0.5193992418856205 0.3533873055677426 0.1033000982129911 0.19139002583555573
0 0.6179458360414218 0.34484614732336755 0.09392509821299111 0.1911718202884723
0 0.038724850448399864 0.6739635236513541 0.07744970089679973 0.20043771751493064
0 0.12514113271558067 0.6600990857717013 0.11580009821299116 0.19168096656499997
0 0.22919738717980756 0.6490868909581943 0.11292056006354416 0.205670731382639
0 0.4427201448904453 0.5855471485576386 0.10310918344033873 0.18045252583555574
0 0.04434864894763508 0.9120083843086805 0.08869729789527016 0.17569229065319442
0 0.1373472577172283 0.9003422260643055 0.09397964529089183 0.19429682028847245
0 0.24166656494139876 0.9189993474552081 0.09636825973923262 0.15218205547083344
0 0.45954558604471707 0.829587436076701 0.10809669236879245 0.19774912860909738
0 0.5614353685121212 0.8084735426499648 0.09710464529089187 0.19436955547083343
0 0.027665303977759532 0.23760844956315968 0.055330607955519064 0.19353310087368064
0 0.5460496964325727 0.5714281375397217 0.1062614569792892 0.1820877610179167