0 0.3377848079967011 0.11524216315696181 0.15452969028743926 0.21023858411256371
0 0.45841555674305984 0.12547970550783125 0.148188762074194 0.20707722267624523
0 0.57516278754273 0.13652122375639972 0.14515469028743927 0.21018404195808596
0 0.09262438684308469 0.3635852561483201 0.1551661877801568 0.23211358411256366
0 0.20252222406924555 0.3809176810127468 0.1762515775927424 0.2587942587805987
0 0.4289937958560002 0.37647457894620223 0.15967183135366608 0.2258908551898026
0 0.5503830625490476 0.3859263261175319 0.14221154671392994 0.2164158612399268
0 0.6583774189755383 0.39154909134103827 0.15337636724704354 0.22429199375348405
0 0.7659087741483879 0.40811390174408446 0.14560933135366588 0.225809041958086
0 0.07706053747622296 0.6074670663549745 0.12566054420664752 0.23819086729005096
0 0.17034753622258172 0.6178636899897373 0.16909229546028876 0.22750789734428026
0 0.2864499093421199 0.6335972534178456 0.16959240063313824 0.24469539734428025
0 0.5291231426490726 0.622027452580965 0.15149561850068452 0.21334540339440444
0 0.061132975256379764 0.8388488765616289 0.07780205423577738 0.15042724687674217
0 0.14122965221598388 0.8524477682485685 0.13142715940862687 0.16792381908544912
0 0.2519913074679757 0.8994676931129952 0.12381323620994644 0.12101245764913031
0 0.4985253266683056 0.8863126663784155 0.1611434031404208 0.22277494554888227
0 0.6118975048815509 0.8887786153451434 0.15002404671392994 0.21646131303532493
0 0.12884171700961655 0.13130402127363058 0.1457002595669114 0.228934041958086
0 0.6443306055020539 0.633859311188613 0.15627404671392994 0.21649767447164336