0 0.3249331693337047 0.8460521567257636 0.13641476866002264 0.1810344072944446
0 0.4245326511351074 0.8374746308902081 0.1298643800110746 0.1762014369297223
0 0.5178320681616855 0.8282613254193747 0.128702398209672 0.18241506933854162
0 0.09748358805832573 0.6299225829219097 0.12697921190476244 0.20421733415618065
0 0.18732733805832574 0.6278314464290277 0.13841735965300903 0.2122844072944446
0 0.38797818013104635 0.6333326447579164 0.14210356415651582 0.1967685100679862
0 0.48888983805832575 0.6208125013311803 0.12744028685861988 0.1870662017473613
0 0.5849638016611312 0.6060577106779856 0.13575343460686645 0.19506053970326392
0 0.6739564504891119 0.5906853241851036 0.1262783050572171 0.19327983415618064
0 0.06947280227944 0.4247993250381249 0.09729171190476242 0.20352634992375013
0 0.13542846930601807 0.4162224524129513 0.14679106415651583 0.19687761284152785
0 0.23795269200812214 0.40444719139503454 0.14915460055371038 0.2094139804327085
0 0.451984913630492 0.41120176519888857 0.13046515730897065 0.1855764369297223
0 0.04555923118309387 0.18593684678961803 0.08030447100406106 0.20625130642076392
0 0.09903468460686651 0.1901690986894791 0.13302895280546378 0.2012378045209029
0 0.1847929094684389 0.13653364599218734 0.13056528685861987 0.18713893692972233
0 0.4082594902823925 0.18062456563572882 0.14250408235511305 0.2030185100679862
0 0.505715481183094 0.17522659118694403 0.13282869370616518 0.19811280452090285
0 0.1514758829365101 0.8375707755512153 0.12491606415651582 0.19636846656499998
0 0.5483092011074208 0.400353224545694 0.13681528685861988 0.18728440729444457