0 0.9269883773787555 0.180341569525973 0.13787248924663303 0.14524237765916678
0 0.9157533167920043 0.2872273491612508 0.1511730099247977 0.1627208183886113
0 0.8999570347413004 0.4080847098185772 0.17126718610347993 0.15850609707395852
0 0.7054001677016271 0.23618760676069508 0.25019270678164424 0.17751197663298635
0 0.6758688713828994 0.3496864090973964 0.23845468610347992 0.16006990349472244
0 0.6495160789931133 0.4789011304120492 0.2483391083532208 0.1712256090418057
0 0.6236919795312326 0.5799726679311117 0.24463191149637406 0.15865287385944454
0 0.4374593045908952 0.07822441071291704 0.26570639081820957 0.14197452013597242
0 0.42545364847120465 0.3024067931217365 0.23554800992479752 0.16468466831236128
0 0.1701840674111768 0.023513501234270977 0.1221318651776464 0.04186280452090288
0 0.15340102005899187 0.23272484707395852 0.24223465756743262 0.17420513867708357
0 0.13013684036565282 0.36279355357097237 0.2512457845319033 0.16661084422416686
0 0.40284444024181826 0.41841299961875034 0.23896410835322096 0.17100740349472243