0 0.20625 0.1984375 0.090625 0.1609375
0 0.3 0.184375 0.090625 0.1578125
0 0.3984375 0.1734375 0.0859375 0.1625
0 0.040625 0.4515625 0.08125 0.1875
0 0.1328125 0.434375 0.0875 0.1921875
0 0.315625 0.3875 0.0953125 0.175
0 0.409375 0.3828125 0.0828125 0.1703125
0 0.5140625 0.371875 0.090625 0.175
0 0.596875 0.3671875 0.08125 0.1765625
0 0.0484375 0.65625 0.0953125 0.184375
0 0.1359375 0.6484375 0.1 0.175
0 0.2375 0.6375 0.1 0.1890625
0 0.4296875 0.5875 0.0875 0.165625
0 0.1390625 0.871875 0.0859375 0.18125
0 0.240625 0.9109375 0.0859375 0.1765625
0 0.4390625 0.8203125 0.0953125 0.18125
0 0.5421875 0.8 0.0859375 0.1796875
0 0.0421875 0.2421875 0.0828125 0.1796875
0 0.5234375 0.5765625 0.09375 0.1671875