0 0.06652680113509045 0.18925392978275496 0.13005351298564352 0.2066328595655099
0 0.16663984943080715 0.15625440128862395 0.13918305113509044 0.19306168249628844
0 0.27174040665497756 0.1406880342598822 0.1361398717519414 0.19758540818602893
0 0.049765589688279196 0.4810762596109385 0.08682171022569998 0.23402751922187687
0 0.2379729273512588 0.39727554895920325 0.1522557954530476 0.2265292797373264
0 0.3489552917995996 0.3609429805509805 0.13490465421934558 0.21625352103089918
0 0.4568944768647915 0.3291341378324983 0.14600579545304765 0.22620173111680747
0 0.5571166193163095 0.3023846093383673 0.13816602191409721 0.22422979534115867
0 0.08920378530348258 0.7282312206013579 0.12245920129724623 0.21872342378986112
0 0.19725206452447577 0.7026723778828756 0.16034103084255097 0.2425637155129751
0 0.41890314772322856 0.61203849106643 0.14422510714144496 0.2136198439616777
0 0.4937294184195098 0.8743171630472689 0.15392738960884883 0.23286116689245623
0 0.6060833680951982 0.827128981794176 0.14293534253094825 0.22916295680654777
0 0.5343957341683921 0.5657953341235966 0.14737738068039513 0.21534611827193723
0 0.7130503883877377 0.7843416954981288 0.1478955779204517 0.2450336182719372
0 0.8145622954497522 0.7420490541591276 0.14937625730360074 0.2404280054270668
0 0.7244792175293007 0.5000452606269912 0.15077511606989855 0.2311348925821967
0 0.7503523762161683 0.23836081015202137 0.1394012394466932 0.20556168249628842