0 0.8988406652811216 0.07127244254257296 0.08981866943775678 0.08274306733052791
0 0.8098236293877443 0.06659981150971417 0.13035274122451135 0.08103672359113019
0 0.6777241832278103 0.06433292866275686 0.1320516335443795 0.08577878729346104
0 0.8173764019532864 0.2639386029795264 0.1552116518867795 0.2379960517214313
0 0.6819473673135504 0.26859384272790743 0.13623433135366608 0.229528787293461
0 0.5493167237400411 0.2577059280297847 0.1490071159934022 0.23934029691210784
0 0.4335325993668618 0.25913696405730136 0.1395866518867795 0.23745041469812272
0 0.9356045985754389 0.5816667947194911 0.10405832884638358 0.2502579495445129
0 0.6924683640148451 0.5520611071558778 0.1615525801000249 0.2413393065307549
0 0.7078216132234223 0.8575943445420059 0.15543897241989288 0.24580855172143137
0 0.5787933427694512 0.8304093072485449 0.14441054420664762 0.24230160580511537
0 0.54774689740094 0.526674182839108 0.15190479546028862 0.23163692431676958
0 0.43965428642210275 0.8013071058899334 0.14959814937949698 0.2596527969121077
0 0.3195236428485934 0.7908557008104575 0.152586757059629 0.2550744243167696
0 0.3266758794542513 0.518172168959292 0.15383100831327018 0.2441914880191005
0 0.20846440320692775 0.2536235409216581 0.14202969028743925 0.21412204210278443