0 0.121875 0.2078125 0.09375 0.1609375
0 0.2125 0.1953125 0.090625 0.1578125
0 0.31875 0.178125 0.09375 0.165625
0 0.04375 0.459375 0.0859375 0.1921875
0 0.228125 0.4046875 0.0953125 0.175
0 0.3359375 0.396875 0.08125 0.1703125
0 0.440625 0.3765625 0.090625 0.1765625
0 0.5328125 0.36875 0.0828125 0.1765625
0 0.1375 0.66875 0.1 0.1890625
0 0.353125 0.6234375 0.1 0.1765625
0 0.3671875 0.8671875 0.0953125 0.18125
0 0.4671875 0.834375 0.0859375 0.1796875
0 0.465625 0.590625 0.09375 0.1703125
0 0.575 0.8 0.0875 0.19375
0 0.6703125 0.78125 0.090625 0.1890625
0 0.640625 0.565625 0.09375 0.1796875
0 0.7109375 0.3453125 0.0875 0.15625