0 0.23231553887963868 0.9568236980334476 0.2234075748547749 0.08635260393310489
0 0.20258099710902505 0.8532995695545358 0.23645553846084474 0.1640617263722767
0 0.507880619111097 0.94094315523534 0.2506635876750565 0.11811368952932
0 0.4893939464470713 0.8241691474440211 0.24041529238978612 0.1488193636451804
0 0.4535014499617279 0.6855691619878886 0.250372489246633 0.16208463819098745
0 0.436412457405326 0.5641884985021879 0.24993584160399784 0.15270963819098746
0 0.7864359203922234 0.794305272758131 0.2525899607105856 0.17627468394862192
0 0.9512540533525502 0.6399361214004019 0.05077059553293921 0.12088632697140156
0 0.7337197969424094 0.6464897839680187 0.2427783130679506 0.16613440940281485
0 0.9233923806885244 0.4972863647324421 0.11675946856846871 0.13405574879205204
0 0.9057404619534399 0.37115442836792406 0.1420505669968918 0.1423464809142046
0 0.6872044776692057 0.41605311381435817 0.2552783130679508 0.16715477546389118
0 0.39242282464988715 0.33003689698497923 0.22351889081820958 0.15366636031120037