0 0.7597926356368153 0.0713452187698589 0.1960397287263694 0.1272726666931806
0 0.7936494851692771 0.16080770810785866 0.19140677088084707 0.13659312269254426
0 0.8359773648541641 0.27146394478035846 0.199246541958086 0.14137152936027153
0 0.47315569886853187 0.05394644406426976 0.22556360226293623 0.09949311203054405
0 0.571397235267473 0.22306970874440551 0.21020222267624522 0.14462379869508962
0 0.6043319342342006 0.33674185741563256 0.2022988190854491 0.12890789202736244
0 0.6497939042781672 0.44587195675522323 0.21173745159900648 0.13995448002863498
0 0.6781365520152309 0.5430833114258139 0.20856699980360816 0.13210561736154425
0 0.2669279038853838 0.1820243487030438 0.22743517447164327 0.15263629336408951
0 0.3640791180756179 0.40426352271640675 0.21335449375348406 0.14934766136218053
0 0.10665347921734873 0.4715670120146357 0.21330695843469746 0.14625902402927143
0 0.16230247375639972 0.5730209713558171 0.2132726805217675 0.13528516136218052
0 0.42435302186280577 0.5190350947246791 0.2055056323171655 0.14300675469445318
0 0.2233894438003663 0.6823328840308622 0.228934041958086 0.14171697469763486
0 0.26422754635789014 0.7804709393698165 0.2242556323171656 0.1432249306969986
0 0.49048149503003036 0.7018481420671333 0.21488972267624523 0.14467834269572588
0 0.7434610492847564 0.7297935181014953 0.18826359016268784 0.13343176002545326