0 0.7329755009499305 0.03509863609958633 0.09029899810013901 0.054161336012090354
0 0.6360823171543403 0.034752643419768754 0.0903353656913195 0.055723836012090355
0 0.05903462747173553 0.6868102040101813 0.09735169794763907 0.22294769867918127
0 0.1783944908819443 0.15836812535804431 0.09735169794763907 0.22294769867918127
0 0.5332761337399996 0.4563271040738147 0.09735169794763898 0.22294769867918127
0 0.35662794044510404 0.18935613804899773 0.09760627108590292 0.23388519867918128
0 0.15020448812906192 0.6980300620225899 0.097606271085903 0.23388519867918128
0 0.3403619351267705 0.45173795938095235 0.10203919794763908 0.22300224267981755
0 0.5117043793715966 0.7452168814051332 0.10207556553881965 0.22456474267981755
0 0.6060356076201036 0.7549106020846325 0.08953919794763898 0.22285679201145409
0 0.699294645139166 0.7770952320973592 0.09735169794763898 0.22294769867918127
0 0.0733751100886455 0.40643236067790856 0.09735169794763907 0.22294769867918127
0 0.23743173119520775 0.7107669667011347 0.08645056553881965 0.22438292934436319
0 0.7068766346899302 0.4849168227641319 0.09909603590354195 0.23077838001272663
0 0.41254018075836746 0.7417186167249973 0.08943009517409735 0.2181692920114539
0 0.2514267216959024 0.44523287336886197 0.08310735999173628 0.2149715666772723
0 0.45028702146715266 0.19435326806172443 0.1100335359035419 0.23090564934754482
0 0.004182219938211562 0.6845113600015909 0.008364439876423125 0.2080488573360908