0 0.4765625 0.315625 0.0546875 0.14375
0 0.5375 0.315625 0.0546875 0.14375
0 0.6453125 0.3046875 0.0515625 0.1359375
0 0.8984375 0.7796875 0.05625 0.1390625
0 0.825 0.446875 0.05625 0.1390625
0 0.6 0.6359375 0.05625 0.1390625
0 0.5234375 0.14375 0.0546875 0.1265625
0 0.7125 0.4671875 0.0546875 0.1453125
0 0.7109375 0.3015625 0.0546875 0.1453125
0 0.840625 0.7875 0.0546875 0.1453125
0 0.721875 0.6328125 0.059375 0.1390625
0 0.6125 0.81875 0.059375 0.140625
0 0.553125 0.825 0.0515625 0.1390625
0 0.49375 0.8390625 0.05625 0.1390625
0 0.890625 0.603125 0.05625 0.1390625
0 0.7859375 0.7953125 0.05 0.140625
0 0.490625 0.6546875 0.05625 0.14375
0 0.675 0.815625 0.0515625 0.1359375
0 0.778125 0.628125 0.046875 0.134375
0 0.653125 0.4703125 0.0625 0.14375
0 0.959375 0.778125 0.0515625 0.13125