0 0.9706919309137495 0.16891272744982316 0.058616138172500956 0.18318520472226432
0 0.9065012215804057 0.15286502575262095 0.12959610207923689 0.18504768657189175
0 0.7875493894219007 0.11859404400118945 0.1351123962703781 0.19601245764913058
0 0.8975209983496149 0.38474173964826747 0.13570439212119326 0.20382495764913058
0 0.7769358112120879 0.3598321223582165 0.12128669461070399 0.199055644417414
0 0.6493902290535829 0.3255111436318471 0.14074708963168217 0.20853972872636942
0 0.5382275861071972 0.3115890233167341 0.12632939212119326 0.20377041549465283
0 0.959078248762211 0.6843468299091512 0.08184350247557788 0.2194499576491305
0 0.747063670139802 0.6251662308676688 0.14230958963168217 0.20854881908544912
0 0.7362967265780052 0.8951274498409857 0.13774048880184536 0.20974510031802857
0 0.6147643460791741 0.8578873063960254 0.1268029888018452 0.21002041549465283
0 0.6271529892260524 0.5885469539366974 0.13617798880184537 0.21007495764913067
0 0.4886153205593649 0.8110799632082755 0.1311119805034755 0.22566359621281223
0 0.3802457908903708 0.7721851139704012 0.13376338382282338 0.21943177693097127
0 0.41659307490904246 0.5201640717177277 0.1361779888018452 0.21007495764913067
0 0.33388270560836614 0.27369761699546336 0.1256189971002149 0.19439541549465283