0 0.10070830169766568 0.923385561454757 0.20141660339533135 0.128528962765278
0 0.10152061176768826 0.8107946424768058 0.2030412235353765 0.14102896276527802
0 0.09714671195344002 0.6666445989738194 0.19429342390688004 0.148914197947639
0 0.3667719296978483 0.8234817061157642 0.2488827638537389 0.1493869766329862
0 0.36405580624803424 0.6802947505686809 0.24183224317557447 0.13205400626826425
0 0.3531825804408554 0.5275327732701045 0.25215331306795064 0.15258471181534752
0 0.3624570347413003 0.39557425845246563 0.24830056699689207 0.13688697663298638
0 0.7033193976471444 0.9423206654625698 0.2685402923897861 0.11535866907486039
0 0.6874398023190929 0.6721796581474659 0.25386136228216233 0.15574607940652802
0 0.923231753104881 0.68079616441573 0.08743584160399784 0.134703614741389
0 0.9214424288692789 0.5345023926642369 0.11505141935425697 0.12442073138263901
0 0.6707339534763846 0.5271028942797575 0.258184989246633 0.14804268218006963
0 0.9073350411514411 0.3840114301832994 0.15753001778268044 0.1316526563445141
0 0.9008753335412273 0.25403298945385494 0.1828211162111039 0.13848453780340292
0 0.6371381652204277 0.2744857341355214 0.25505998924663303 0.1479699469977085
0 0.363690010753367 0.15080661910979198 0.23899834160399785 0.13823127108590297