0 0.8773059594604942 0.941759354109648 0.1824681493475449 0.10574198165323594
0 0.9032406561107222 0.8208246853935414 0.19191587468172672 0.11204652380771343
0 0.6388974401256761 0.9294355743500062 0.20441587468172653 0.11211924668035031
0 0.6538764554423586 0.8068747731203423 0.197984061346272 0.09645788524403187
0 0.6773674047580867 0.6773327188656162 0.20445223734881743 0.11524424668035031
0 0.6815089174092692 0.5633020351223949 0.20428860534690846 0.10118174668035032
0 0.3379803774665393 0.9818817799560335 0.21918635200509068 0.03623644008793292
0 0.376941238104677 0.77323452956325 0.204470418682363 0.11680674668035032
0 0.10649237810308618 0.759943147442476 0.19660337468172656 0.11207379488495217
0 0.12612253075267787 0.6342846172900509 0.20897610534690844 0.10120901775758924
0 0.4044111627545869 0.6499652012062229 0.21064769334818118 0.11059310811666875
0 0.16291291140195138 0.5063823310875015 0.2246011053469085 0.10129992134838535
0 0.19444362738699753 0.3964169786281736 0.2199681493475448 0.10596015027114643
0 0.4566078200588609 0.43622086377400954 0.20908519334818115 0.11058401775758923
0 0.7025101187141797 0.35406339050858915 0.19491360534690844 0.10112720452587265