0 0.885880574161023 0.8407873333010055 0.14268290815498547 0.18934902667183912
0 0.766212931841155 0.8458570837600476 0.15389319279472174 0.1996168469752809
0 0.9252418328051629 0.6148946419355177 0.1495163343896742 0.22943189273291545
0 0.8119643863808662 0.6150218008792906 0.14042172618081644 0.21878143515657006
0 0.6856602991547055 0.6073204843688707 0.1626604390337981 0.2330670757634536
0 0.5756942657686106 0.5959361874032881 0.15006951082055267 0.2289217097023773
0 0.8549485420950764 0.3429078137561682 0.16426840314042082 0.23475712152108805
0 0.8946402132486927 0.09434927293916037 0.14902383636823088 0.18869854587832074
0 0.7723105721824661 0.09727477316868136 0.1450182979675713 0.1945495463373627
0 0.7295620971887836 0.339830224366931 0.15489340314042063 0.23399184697528091
0 0.6391798234361072 0.1052305365046009 0.1553025801000249 0.2104610730092018
0 0.5244042695960414 0.10998161597648734 0.15829118778015677 0.21996323195297468
0 0.5006785792420951 0.35929692786039047 0.15806386724704352 0.2358094384905499
0 0.37439017854244977 0.5943570672593259 0.1450182979675712 0.21603907242947357