0 0.2009598100741338 0.06892390829372537 0.18652283175849815 0.12010270290907381
0 0.169933010166801 0.1764646437715783 0.19288195916315992 0.1237012995897259
0 0.4367336189671412 0.05896949045223039 0.20225695916315994 0.11793898090446078
0 0.42111356425048496 0.16833987737533143 0.1971329495445131 0.11155649710021498
0 0.39985114474303884 0.3086455686620432 0.20554565027015242 0.12933599295103004
0 0.37547364891939006 0.4265910078741625 0.2050545769491748 0.11527349295103018
0 0.6958308220550333 0.1779111738415577 0.20560021397248338 0.13089849295103004
0 0.9260168298595817 0.19085684665743016 0.13345239546082902 0.117639631123531
0 0.9155927066312712 0.3108616933380822 0.14567957694917483 0.11077432448483515
0 0.6609151303150685 0.30756370765973673 0.20839783175849824 0.1217602912913561
0 0.8762623334029607 0.4330569246667503 0.21604664065150558 0.11766478714217125
0 0.8690996194304773 0.5489187230070763 0.21777283175849824 0.12247068631233429
0 0.5945460527329216 0.53465992654085 0.20850695916315995 0.1248852912913561
0 0.33470477206288257 0.6346053400326674 0.19260914065150558 0.11588879958972598
0 0.7385342211440594 0.011997095531498575 0.19776786660488846 0.02399419106299715
0 0.3224825358578806 0.7391627854685641 0.20505457694917473 0.11527349295103022
0 0.5819691524627691 0.6493736219767466 0.20823414065150558 0.11707279129135628