0 0.97265625 0.7106715165735176 0.0546875 0.2635189709557057
0 0.82734375 0.7451201393986788 0.1578125 0.28383331618646557
0 0.671875 0.7858071068298997 0.1390625 0.280850026144509
0 0.94296875 0.34260860080661504 0.1140625 0.2773931394219008
0 0.91640625 0.06334472405598353 0.1453125 0.12668944811196706
0 0.7578125 0.0785804829790532 0.1375 0.1571609659581064
0 0.7953125 0.39676607238702083 0.146875 0.28925452199532425
0 0.59921875 0.13350616524244896 0.1421875 0.2670123304848979
0 0.44609375 0.14369339895805938 0.146875 0.28738679791611876
0 0.49921875 0.5020152151329139 0.153125 0.2897281186759763
0 0.3984375 0.849495711608429 0.140625 0.2512809253146721
0 0.259375 0.863158237752938 0.1375 0.24479412697434597
0 0.34609375 0.5284620838088901 0.140625 0.2887809253146722