0 0.9332092817663474 0.25264645163645205 0.12168654935917864 0.3162188410815747
0 0.7680952024549199 0.20594016284389557 0.22223218638248704 0.3394213879720082
0 0.5884821135248457 0.17279946658280637 0.2001389315731636 0.3315137995897259
0 0.862336209541678 0.6756588217623208 0.21603675008481815 0.3405102912913561
0 0.5943500682572003 0.9195910335944644 0.15854167549789597 0.07746491701630234
0 0.67594733095589 0.6134226213520467 0.2100050048941414 0.34628669461070416
0 0.41532725636896795 0.8918598877482935 0.17237105172143127 0.16110621120744356
0 0.23501476299238985 0.8564346410722858 0.18856153611233467 0.22310930373891083
0 0.33187492714235844 0.5148256362984011 0.21787206859647235 0.3484411904615193
0 0.2779290486413884 0.13268060020513706 0.19726690271722322 0.2653612004102741
0 0.11985365381353152 0.12375680871328824 0.19154269237293695 0.2475136174265765
0 0.16666907859363728 0.49306014792076314 0.2053175048941414 0.34593149710021504