0 0.19888352333785922 0.12801620653952137 0.23867934697528087 0.15766921444818674
0 0.48000610651817854 0.09975984984690062 0.24221893515657006 0.14379771543676995
0 0.48885443228163206 0.2558506823564146 0.2549420757634536 0.16611838441013071
0 0.5033310047111057 0.39504051634880344 0.2488515724294736 0.1487398834215475
0 0.795328217578285 0.09937116657626491 0.25315643515657005 0.14424338441013068
0 0.790592404401845 0.24167141311622378 0.2588643012176462 0.15693438539871388
0 0.984342404401845 0.5222223706443283 0.03131519119631001 0.1276740138401644
0 0.7951354806243405 0.5167204926599883 0.2593744842481843 0.16318438539871388
0 0.5225106657809105 0.6395399328507063 0.23947657242947357 0.14835788144438117
0 0.5404630535128561 0.7640770178316781 0.25041407242947356 0.1488035504177418
0 0.814841686992738 0.6436649946371547 0.2586092097023773 0.15380938539871386