0 0.6303920207227025 0.9681683839333968 0.1998349792540756 0.04249896590774256
0 0.6817069896038159 0.9087564277648864 0.2253104211654872 0.15217397483619663
0 0.3793982057856369 0.9444616972433518 0.22597234937994443 0.09913079545304768
0 0.42461746263411415 0.8625298587695932 0.22736982863402008 0.13816602191409721
0 0.48485899085321565 0.7265008555231823 0.23984651784613936 0.15866943668674977
0 0.5341154748811761 0.6015866302799487 0.23409342531467203 0.14452511606989873
0 0.14586642321685778 0.7932748928585551 0.23996491701630238 0.1602319366867496
0 0.0010358234359279903 0.7175187366073195 0.0020716468718559805 0.13058752678536117
0 0.022485693561796853 0.6008124776788657 0.044971387123593706 0.1233750446422686
0 0.2166902539254703 0.6617424748394919 0.24394202199532425 0.15093875730360082
0 0.059312109953399327 0.4775971201303837 0.11862421990679865 0.13230575973923261
0 0.09469442551516481 0.3527374419650507 0.18938885103032962 0.14408873944669312
0 0.3330060286200869 0.42408674188562046 0.24429721950581343 0.15562625730360063
0 0.6236552620233473 0.38780477394928276 0.226162526144509 0.14282624837514693
0 0.6633708026900036 0.2755405531702759 0.23565592531467203 0.14455238960884892
0 0.3713366680419876 0.30950604464556397 0.24202432448483516 0.14622398376465034