0 0.09065921834996539 0.8576648199812498 0.13186147483619656 0.225271985014259
0 0.052022601462697306 0.5978899873233332 0.10404520292539461 0.2270299746466664
0 0.17956162581572183 0.6056716759662496 0.16187625730360064 0.24661930471268487
0 0.3125923141273245 0.6047912640907864 0.1492671631477993 0.2392756964186109
0 0.04375790827983062 0.29771433006601844 0.08751581655966124 0.23917866013203684
0 0.11879881858825614 0.09724472983046273 0.11202844155801359 0.07220577360990718
0 0.14014416436891058 0.30880694641861084 0.1572433043815013 0.2493342016024071
0 0.26657779951353267 0.10313172780421245 0.1205773271096728 0.11507677879370348
0 0.3979778039777595 0.10602086489198996 0.13208757142762995 0.14884618605101826
0 0.4063867731352085 0.341489473186064 0.15724330438150136 0.2493342016024071
0 0.5487616392084025 0.6121518706414342 0.14285352191409723 0.22935389227157382
0 0.6630423275200051 0.6096310463248598 0.14614216314779932 0.2390022943450923
0 0.5316458717552368 0.33758180612680455 0.1525558043815014 0.24892409849212935
0 0.6501913202131092 0.359689834920508 0.13983761606989872 0.2353304901980553