0 0.9674231747380633 0.21980485053314253 0.044831170802790865 0.17225680800445434
0 0.9115773663239745 0.19235255987432395 0.12193997402109957 0.18096019334818117
0 0.9430412617289425 0.4456860978676424 0.06300201659574647 0.18651930267345418
0 0.8813989213838684 0.4229849418762329 0.10820525595208466 0.18548406134627218
0 0.7674128310387947 0.4008928605585959 0.12593905917039336 0.19349655601527194
0 0.6541533603718898 0.37957293857418606 0.11478303788306991 0.1902442866804539
0 0.8296132742141896 0.68353209054746 0.12906405917039337 0.19353291868236297
0 0.7791769595959146 0.9136195798854597 0.12008254307885018 0.15439769334818115
0 0.6800510447452085 0.9022831852323684 0.11245571337743776 0.17928860534690827
0 0.7232047370874243 0.6535456932288685 0.12303258045771699 0.19658519334818117
0 0.5673543027909801 0.8840791725811858 0.11776592625067259 0.21057496801399936
0 0.447648090169847 0.8433189072645032 0.12525064431968733 0.2059783746817267
0 0.4940906734775554 0.5922013025939125 0.12303258045771699 0.19658519334818117
0 0.45521311581977136 0.3444183306015485 0.1126742346647612 0.18241360534690845
0 0.3531807222563887 0.3299932986155478 0.11322053788306992 0.19022610534690845
0 0.39663651927051113 0.5792842266072754 0.11990758045771681 0.19654883068109025
0 0.30143863375290014 0.5452643099538658 0.10831451659574647 0.18704656134627218