0 0.929535481222187 0.900907323092313 0.07856244668999893 0.17857335080120365
0 0.8449877585535053 0.9071585646328002 0.11613517202418074 0.18568287073439968
0 0.9506672359166402 0.697860235533424 0.08477608402290784 0.17599515494824053
0 0.871733713916322 0.6933005831770818 0.10365335335772627 0.1885730673893516
0 0.759951329248913 0.6889952090487949 0.12093176002545328 0.1978892787937035
0 0.6450621259150494 0.6828539328469894 0.1084135786919079 0.19523317049962935
0 0.885589317950366 0.4434762404343964 0.12249426002545363 0.19802597983046266
0 0.8899426526495917 0.2037691914711557 0.11618971602481701 0.19279167568342573
0 0.785990949315728 0.19858482252666515 0.10844994135899881 0.19835817049962942
0 0.7721626172820024 0.4460654152693504 0.11631698535963508 0.20372917568342572
0 0.6694756113144554 0.19777559528810057 0.11019425469445335 0.2141198715363887
0 0.557475050644501 0.21222022115981373 0.11168402936027153 0.20800657257314797
0 0.5445643286123663 0.4480504144208786 0.11631698535963508 0.20372917568342572
0 0.4434541725811858 0.6691257491050454 0.10674199069063524 0.18572146946287021
0 0.3520479225811858 0.6611287384546289 0.1084135786919079 0.19523317049962935
0 0.442193306612048 0.4414402465131473 0.11161130402608972 0.20175657257314797
0 0.35138649327659355 0.4491365863811104 0.103689716024817 0.19169806738935158