0 0.0736863986513416 0.3423571087824059 0.1473727973026832 0.25412976114786484
0 0.21390522195259307 0.33397689020918797 0.13875560669954395 0.25169317599857094
0 0.049651270607911795 0.9094571274718394 0.09930254121582359 0.1029607450563212
0 0.06011769796309261 0.6627624439316998 0.12023539592618522 0.25572511213660043
0 0.18317755454332385 0.8950454301859448 0.12812609468490824 0.14322511213660044
0 0.3340497112110511 0.8766892780725873 0.13804653469127154 0.19075567599857096
0 0.34645190324636765 0.6158774642106171 0.14820333203372565 0.25859873986054127
0 0.4819285159532294 0.31055118982120045 0.1370476560311804 0.23908391535490914
0 0.6006785159532294 0.30224738090290854 0.13871924403245295 0.24856817599857095
0 0.4699257659134585 0.6041208733613399 0.14507833203372567 0.25838021857321786
0 0.5960342799172765 0.5672003915465703 0.13397720003181668 0.24355289406758587