0 0.7285953115108178 0.0889957954328136 0.21510045680654777 0.14148061736154416
0 0.4762582055633525 0.1157651913987697 0.2174065852552504 0.12589198002863505
0 0.514033765265148 0.24518960940481488 0.2278461182719372 0.1463135680299077
0 0.5379515428547678 0.37054414540895103 0.22546474672063965 0.13067038669636233
0 0.1888124372459868 0.17104993869349877 0.22792800542706693 0.1478760680299077
0 0.016054367933252902 0.2236738573360908 0.032108735866505804 0.12234771467218157
0 0.02926701888319258 0.34105226133831795 0.05853403776638516 0.11335452267663593
0 0.22777868272343102 0.29267094736631666 0.23220606965141818 0.14011811203054406
0 0.051854669833132264 0.46713350334181775 0.10370933966626453 0.12176700668363552
0 0.07906840541672462 0.5964124706794994 0.15813681083344924 0.131814716024817
0 0.3042338828597166 0.5491851240451797 0.23220606965141818 0.14011811203054414
0 0.5882913003179997 0.6033026487507689 0.21600785956550989 0.12899879869508962
0 0.6078458045018712 0.7074998000874959 0.22546474672063965 0.13067038669636233
0 0.32753086273332854 0.6565527287157705 0.23204229534115867 0.13699311203054415
0 0.37442911691720016 0.7610680533895428 0.21896908525525038 0.12591016136218053