0 0.13715512715020767 0.9579087395390185 0.1972767932839108 0.072193219704317
0 0.38263131825720026 0.9331965555903963 0.20072917549789598 0.0818233112195859
0 0.35272061816453304 0.8304700393795388 0.215466287293461 0.14690617728066221
0 0.33359365064867064 0.7089457257440569 0.21341271397248338 0.13271613152302777
0 0.664164060452652 0.8798333420949973 0.21330358656782167 0.12959113152302776
0 0.8967235893085924 0.823456569965086 0.14806053248413775 0.1351717097023773
0 0.8874800532810758 0.7089157089049796 0.17429565027015242 0.12796498758216437
0 0.6320733014669773 0.7726106445205916 0.21837303248413759 0.1409112687959313
0 0.8699428676163787 0.5864825995118631 0.2182093413771451 0.13622376879593148
0 0.8282414956540126 0.46446394936208185 0.2276934687818069 0.14011404334173855
0 0.5674751212445759 0.5254802951294147 0.21837303248413759 0.1409112687959313
0 0.293149733040141 0.4839933942307274 0.20242065027015244 0.1302608112195859
0 0.27719240554281205 0.3832439662011592 0.2118502139724833 0.13258858576539323
0 0.5477206711519087 0.4219247314939327 0.21826390507947585 0.1377862687959313
0 0.5060366573569106 0.3217173084653343 0.20856152286549073 0.12764599425012407