0 0.4201237539334507 0.96015625 0.2146490049623988 0.0796875
0 0.36883954384203743 0.8703125 0.23249578453190328 0.1609375
0 0.3298027766785297 0.75234375 0.22878858767505647 0.1484375
0 0.6941284882176848 0.89765625 0.23235023531769167 0.1578125
0 0.9008023273404835 0.8046875 0.13086050992479734 0.159375
0 0.8848755744449992 0.69375 0.17261136228216226 0.15
0 0.6430454853222007 0.78671875 0.23703773531769165 0.1578125
0 0.8573756207637271 0.5796875 0.2385274607105857 0.15625
0 0.7908495543860073 0.46484375 0.24641273531769164 0.1578125
0 0.5361384756022911 0.54921875 0.23703773531769165 0.1578125
0 0.25167358436979675 0.534375 0.21777831306795062 0.146875
0 0.2179771346174658 0.4359375 0.22722608767505648 0.1484375
0 0.49868132506417184 0.44765625 0.23689218610347992 0.1546875
0 0.4398029387940762 0.353125 0.22075776385373888 0.14375