0 0.09652187019250114 0.8441870643045487 0.09104988240543137 0.30799564437666654
0 0.23398092661493627 0.843369446713368 0.19310370533620985 0.3132611065732639
0 0.03562764077317437 0.09914666802802086 0.06732469810012064 0.12329333605604172
0 0.058705451152338384 0.4203858883927431 0.09006059249133962 0.31889677678548617
0 0.177484270126388 0.11103168502986124 0.17307008706427268 0.17569359707395846
0 0.3758365609449909 0.12891343531420169 0.19188868611433305 0.23699477298576405
0 0.40030645296136064 0.47671515567892386 0.2076575282669884 0.3294368461240279
0 0.5784679110111041 0.8614505655388196 0.18850473654387442 0.2770988689223607
0 0.7405175316578905 0.8594445221780038 0.18686034938874468 0.28111095564399247
0 0.574317163047269 0.4916894582999657 0.1998450282669884 0.3292550081681252
0 0.7386186804601235 0.5298466877827437 0.18323738240543133 0.3101413322563196