0 0.9656150100819829 0.5836233251850622 0.040069472410003824 0.21010697351689647
0 0.8924304812260425 0.6160973355766224 0.15478673683797411 0.2368330005042031
0 0.7562648027329215 0.6355525398998824 0.14223217313564335 0.23439641535490913
0 0.9289161405666876 0.28893925587521013 0.09519348202865067 0.22643109604505723
0 0.8920138852092101 0.08978620785268157 0.09722222958157971 0.061352399263365866
0 0.7945932481859014 0.098637047945654 0.1233135036281972 0.09435056956195358
0 0.8439855798595817 0.32137506143930733 0.15031749164729752 0.24275521857321786
0 0.6679116970974424 0.11562281613088432 0.13292660580511537 0.14645937278026228
0 0.5316641730508251 0.13742177045414425 0.14604665389834964 0.20972419728589445
0 0.5774850714220612 0.39515214298230494 0.15344249164729754 0.2429737398605413
0 0.5211060635326948 0.6864602039942838 0.14028772721932725 0.22334965471124751
0 0.40773304429540114 0.7035934376506389 0.13905260943331238 0.2326153940675857
0 0.4598511381196169 0.4221684750295057 0.14713792794496658 0.2409741972858944
0 0.3518550996450295 0.4647387512605078 0.13581848202865068 0.22927187278026223