0 0.877126668682363 0.14110763176201277 0.17925333736472587 0.23638744404836295
0 0.7131096220162265 0.14024015056663125 0.16371924403245294 0.24374530298213615
0 0.9289089867122706 0.8378522511206272 0.14218202657545867 0.28248955423577726
0 0.9147042130211581 0.4804572882676458 0.17059157395768382 0.28942151583511766
0 0.7711366807765404 0.8315387519785571 0.1722589973742709 0.3064726235152495
0 0.6044122574394951 0.7993530746232416 0.17999877204008907 0.3004499440483629
0 0.5698799793920882 0.44924777454409925 0.179871502705271 0.2895124440483629
0 0.41386360001590833 0.12919002414838782 0.1573783373647259 0.2357509465556454
0 0.27187609468490825 0.14224029044572384 0.15734197469763495 0.23262594655564542
0 0.4205794133911337 0.4378747023616332 0.1735851400381801 0.2862055876218722
0 0.27819191872213384 0.4165499686589692 0.15935900803627107 0.27173391066226815
0 0.04128007535009014 0.12459683471887836 0.08125109468490825 0.13669366943775674
0 0.1527219407622229 0.708111679862598 0.16548173870145294 0.2609782670887588