0 0.898197997125062 0.12305509317732714 0.12362817394668255 0.19625936379145842
0 0.955229182656085 0.36571602507305634 0.08954163468782994 0.20403549620027786
0 0.867266087891425 0.35548508025954934 0.1678564060688351 0.22224128875333343
0 0.743413999710136 0.36663817296510476 0.15353881455356594 0.2187889804327085
0 0.981408594100343 0.6309598185760426 0.03718281179931395 0.21588087955902785
0 0.9575481313780957 0.870511974636216 0.08490373724380866 0.16384690729444457
0 0.9265297754638911 0.6276516741993758 0.14694044907221765 0.22373105357097245
0 0.8555615082142636 0.8807747145682299 0.14668303667377885 0.19211737765916662
0 0.7327617370024362 0.8857141748649658 0.16524158909937317 0.22841855357097246
0 0.6700553454774688 0.6238129336986811 0.16485895182646965 0.22373105357097228
0 0.5142844801652985 0.3776802032659726 0.1509559484924896 0.20625261284152785
0 0.4068386419840094 0.38921515567892395 0.15328372303829685 0.21566398043270843
0 0.5554666869927378 0.6242649157469101 0.16173395182646946 0.2236583183886111
0 0.44564527684101696 0.6162504343642711 0.14834113152302777 0.21242987765916688
0 0.20100323016529856 0.370388501234271 0.14630039940087514 0.18742987765916688
0 0.3832720489709282 0.8456093196228822 0.15070085697722052 0.20312761284152786