0 0.7715846460057271 0.013465335313781945 0.2350840720082724 0.02693067062756389
0 0.8007187100174992 0.0795793312908961 0.25336245202099905 0.1591586625817922
0 0.8038720767027255 0.20962892012336082 0.25161813868554467 0.1565442029858776
0 0.45253465400222714 0.004606100484532617 0.2300693080044543 0.009212200969065235
0 0.1456306733370453 0.02603262227605918 0.21626134667409058 0.05206524455211836
0 0.14572212734722662 0.09223714046128952 0.23283177601845367 0.1521080752619368
0 0.4706766740133631 0.07441871484087088 0.25953972668681724 0.14883742968174177
0 0.1458868540340439 0.24078390110495124 0.2547431386855446 0.15676272427320104
0 0.17737430605504292 0.39339544887537825 0.27049540802036265 0.16879283070981838
0 0.5079794160566338 0.3820055727409213 0.2564329080203628 0.16780948491686284
0 0.8236509640754056 0.49832543336491264 0.23909995735199913 0.1541076178365838
0 0.8274674020925866 0.6247240423994199 0.24847495735199915 0.15476318169855396
0 0.5221520987428147 0.5248814875916274 0.25792268268618096 0.1616687455605245
0 0.5494060367599957 0.6496411869712089 0.24529541335136287 0.1498571604112307
0 0.8702747094604941 0.8766253959860457 0.21397268801718106 0.14142194753799586
0 0.2690747414464948 0.8154564831521519 0.23284995735199915 0.1536705752619368