0 0.9307467292727756 0.41886075013301394 0.1307249306969986 0.22716555674305988
0 0.828811511935094 0.4538471670634883 0.14164424936345305 0.2259213054894186
0 0.8902511879774103 0.14044624511844908 0.14482379336408968 0.23069973370266394
0 0.7028613706635911 0.013267911982416346 0.11615225867281787 0.026535823964832693
0 0.5805863813255913 0.04952967240725761 0.13257723734881743 0.09905934481451523
0 0.6374978106301835 0.25010971628470074 0.15107379336408933 0.2308815901291547
0 0.5942632419239581 0.5426753010035791 0.13837379869508962 0.21333037727617316
0 0.4899933652530491 0.5769486640939874 0.14004538669636232 0.22275084138279588
0 0.5213546426241383 0.29800531017477916 0.1479487933640895 0.2307906619159093
0 0.42310749928391134 0.35162806683869674 0.1353033426957259 0.21792694906292792
0 0.285759303906777 0.678171497954936 0.13499426002545345 0.19136444906292774
0 0.23946993797741012 0.15938204552679575 0.13831925469445325 0.20864287727617326