0 0.6274535059839236 0.02294686340829343 0.2017820119678472 0.04589372681658686
0 0.6398463628415278 0.0972903558687215 0.20232752583555574 0.11164867349399668
0 0.08704671153100699 0.04765625 0.17409342306201397 0.0953125
0 0.3500733883927431 0.029161460643341887 0.20792290919430556 0.058322921286683774
0 0.1000578174386807 0.16471567640718127 0.19295252583555564 0.11110264192396561
0 0.13267290852871555 0.2887678264354162 0.21809799620027787 0.11880872611071513
0 0.40734560020809046 0.2586884003811707 0.20563436379145839 0.11964318401734035
0 0.6805850380877434 0.3350864874811049 0.19295252583555572 0.11110264192396561
0 0.6939591666968407 0.43913695064940195 0.20069229065319458 0.10843266823232481
0 0.4312032871378128 0.37620982934860075 0.2086502610179167 0.11513769454068408
0 0.4640722981557296 0.4775602267459996 0.19749455547083344 0.10512565770898127
0 0.7520301590973963 0.648542771752559 0.17107752583555555 0.10982856826055958
0 0.24392606515757 0.6319802291650741 0.18670252583555563 0.11073862087727822