0 0.7185911366371379 0.9701220312307438 0.23912066162790727 0.059755937538512424
0 0.718813577260984 0.8925663469043666 0.24434838217054294 0.1491282746946169
0 0.1567419787098585 0.9599553404568748 0.124056866131414 0.0800893190862503
0 0.4110790252860859 0.9618273390069824 0.2466327729789592 0.07634532198603523
0 0.1495326511351074 0.8533160993799445 0.15009773442229637 0.13421182448483507
0 0.15095784391842187 0.7057073935710856 0.19933627081949096 0.150382198759889
0 0.4239948257198246 0.7201772483496148 0.25129928901808823 0.16053937137526866
0 0.7190093321982296 0.6165841873612414 0.2334108821705428 0.1482994805034755
0 0.7121609500276866 0.4854525865314045 0.24258562307124443 0.1458848755244535
0 0.4301273049003337 0.5853645404661636 0.250898770819491 0.15428937137526866
0 0.44759780227943996 0.4576306267738534 0.23769786397194573 0.1424046780139646
0 0.7334096846068665 0.24682871703023554 0.20821062307124444 0.14328009378086703
0 0.16282467920819568 0.30854897365499817 0.2270607526208937 0.1462633838228234