0 0.060392211532833216 0.4932844263877346 0.09787051332783514 0.19906885277546915
0 0.14624714350700224 0.4671304446765233 0.1260864415410805 0.2033398587069682
0 0.08144782376531168 0.7610130958553869 0.08027383636823102 0.18430601581733086
0 0.11608255119976951 0.9566784229276933 0.060403954077492814 0.08664315414461328
0 0.17270462424016536 0.943348093383929 0.10340980799670105 0.11330381323214204
0 0.1571237736861694 0.733664028668912 0.13247283386094857 0.2082820266917457
0 0.2683891972805612 0.9309727687830804 0.1307906619159093 0.13805446243383912
0 0.3794714497878437 0.9113897806460785 0.13050115690134448 0.17722043870784318
0 0.3207483529947714 0.6716627302655176 0.13408079796757127 0.20990819368794006
0 0.36141149076229295 0.4064489071475437 0.12420569279472175 0.1923386917107738
0 0.46534883300301877 0.38493334589256795 0.1244784774344577 0.2017136917107738
0 0.43287026827589303 0.6364348374896109 0.12934783386094856 0.20815469269935694
0 0.5330461130239013 0.5929169422422463 0.11652958511458973 0.19670785672980173
0 0.6462291084715548 0.3259761344473117 0.1205351235152495 0.17346135771838495
0 0.6871666263517364 0.7942778068807136 0.1225068004748536 0.18758752471457943
0 0.7876834518994148 0.7624786616333491 0.13693301332783497 0.20066052768032883
0 0.7178326384924374 0.5341188982874762 0.13441576708875883 0.16778436068413444