0 0.5550506287965286 0.9395161887200709 0.22547539152687507 0.12096762255985816
0 0.9946111704965628 0.8890751230673917 0.010777659006874529 0.12885832363742153
0 0.9642320330537503 0.763278026551153 0.07153593389249942 0.1398275166698994
0 0.7716536344961117 0.8240408280586633 0.23485039152687506 0.17356427212991116
0 0.4563910039871534 0.7468416307741217 0.21729921561506954 0.15653626879593147
0 0.4177077508530213 0.6259393283485274 0.22514808320625015 0.15873649758410407
0 0.7186169406325352 0.6894906138143582 0.23314242116215295 0.1671867263722767
0 0.6596575550895837 0.5684927165395149 0.22035148043270852 0.15366636031120037
0 0.33690777327010446 0.4041283591032524 0.195387848023889 0.15318812818904792
0 0.8594542672861808 0.4085749379108218 0.21108558320625015 0.15758858576539314
0 0.8098880655388196 0.2891235651817857 0.2255117591180557 0.174361497584104
0 0.5642502168493405 0.3556263125967119 0.18793902393569456 0.16817539940087514