0 0.6803031362085415 0.13165683791858399 0.19687761284152785 0.1411408990890261
0 0.21142780927055554 0.019893381665830965 0.16464438145888893 0.03072918874473986
0 0.17883220839687491 0.07661460761921385 0.2030185100679862 0.13667165389834957
0 0.18130128533486095 0.17209079872620642 0.21402874525034737 0.14017859981466554
0 0.4367148307377081 0.21697674590846677 0.20621624525034737 0.13990578130301126
0 0.6702696003049997 0.36118064681159145 0.18877417211208342 0.12836808057737184
0 0.6591119351267705 0.4710367964487717 0.19814917211208344 0.12869546279135696
0 0.4286457979682983 0.3285045229503088 0.2044719072944446 0.1320387176006804
0 0.4336216258562149 0.4506523414619631 0.19335256933854178 0.12384427168436432
0 0.6397222362292009 0.6658309412766286 0.1699150693385416 0.12302581614940156
0 0.20624020184427044 0.5115178864751544 0.18564917211208343 0.12825895317271013
0 0.20204105148368004 0.6247445727728236 0.1969139804327084 0.1427033990890262
0 0.4298023755718745 0.6483358733131285 0.16399237765916683 0.13687006134007812