0 0.08289103194622974 0.3945664318187809 0.11310107869190793 0.18787392126547414
0 0.0249785346117298 0.8893255527599436 0.0499570692234596 0.1619738944801128
0 0.10826846121105108 0.8987084610397741 0.10828630935708983 0.17685460064862327
0 0.21307413987909646 0.8867248839301013 0.1086135733609078 0.20497960064862317
0 0.2020933759150494 0.6221265957806544 0.11010334802672601 0.19875687418757337
0 0.31763874928391134 0.35844415097623 0.10210903469127164 0.18299550649282176
0 0.4310290872851841 0.34709181940233036 0.10065562269254431 0.19234323295387146
0 0.3295734859166402 0.6081850523562018 0.11479084802672608 0.19883869480442443
0 0.44311836525304915 0.5835514707823021 0.0959135786919079 0.18757391233702042
0 0.633636466621593 0.3209036461082613 0.09876585868872638 0.16419095941492107
0 0.5562252505570051 0.797939478899977 0.10203630935708982 0.17674550649282175
0 0.6720775172263231 0.7763899870176518 0.11466357869190791 0.1879011948044244
0 0.6529297172581398 0.5423968165629566 0.11580790802036275 0.1519909683433749
0 0.726605216621593 0.3192808705407161 0.09589539735836254 0.1860114123370204