0 0.0653448132389947 0.5275423268013195 0.10057046279135698 0.19804034639736087
0 0.0754017932839108 0.0555225742940371 0.05080358656782162 0.1110451485880742
0 0.14986607994439965 0.06203098706787626 0.12785715988879934 0.12406197413575253
0 0.25216518992586623 0.08166988565595047 0.13245537985173242 0.16333977131190094
0 0.20108387268015632 0.31635111104534425 0.13532740870767296 0.20997805674305975
0 0.27644849354621404 0.5933478685671917 0.12378970798203355 0.1924723079967011
0 0.3876141720393349 0.6190488990502926 0.12255459019601869 0.20180184389007838
0 0.32572177413143516 0.3471344466221525 0.14001490870767297 0.21011444906292792
0 0.43578874409436824 0.3861621912118761 0.11932046279135697 0.19858591567683304
0 0.5849182471744111 0.6703971357224574 0.11844744355406327 0.17358591567683312
0 0.5813393131541768 0.18719819081616468 0.12362601687504089 0.1877848079967011
0 0.6928869375636134 0.22383672129926566 0.13812502649368774 0.2006939849563052
0 0.6383259562527531 0.4529990355641729 0.13536212504240908 0.16627352084968247
0 0.6776786660488852 0.6841210034317193 0.11921133538669526 0.19546091567683313