0 0.462864755931499 0.0604115202020427 0.238229511862998 0.07274835719292198
0 0.0221747248283101 0.2765460745056322 0.02754136266130084 0.14059214901126432
0 0.21411287403000734 0.207391154963349 0.27769787155854936 0.20015209135348017
0 0.5771195514063251 0.2834116136492098 0.2552498685928001 0.18455994234221587
0 0.6327222470714315 0.42440795424638533 0.26781353558899423 0.18699652749150975
0 0.2773516561589605 0.3637229184570024 0.27951503954332696 0.2065113519971419
0 0.34842018433358096 0.5019056154907953 0.25974636760421677 0.18020022427320104
0 0.7371218814815622 0.6732057231879203 0.231494033611828 0.17510853268728982
0 0.14910722832553228 0.6959676998837845 0.20480419961943913 0.17012610174504025
0 0.20477359098683312 0.83852654048096 0.24482170456235508 0.1962951178365838
0 0.47482215273610046 0.7553580334435944 0.22294670456235507 0.19476546882531948
0 0.7730832391999471 0.791015936061155 0.2564940336118278 0.17685670298587758