0 0.9337277031727101 0.5136673438630472 0.13254459365457977 0.19652493145709152
0 0.9128795891845284 0.9523323996047118 0.1034573606144388 0.09533520079057638
0 0.8149232388217087 0.9404624601845253 0.1337450613400783 0.11907507963094943
0 0.7180655969890767 0.915766297072698 0.1368353450053421 0.168467405854604
0 0.7766593138719668 0.6954725387566671 0.1350545901960185 0.2058999314570915
0 0.728293702624556 0.42679115721487093 0.1251885168750409 0.19129139988706054
0 0.6209251467267733 0.3885715494211852 0.12395339908902621 0.20057539462538862
0 0.6680729983555376 0.6447074283321456 0.13914188947037937 0.18898544724210709
0 0.5661186287554241 0.6052438389543113 0.12061014427970278 0.19414338410204515
0 0.4289261304847046 0.31579566012805554 0.12146331614940156 0.1739218893637169
0 0.41773323637463794 0.7767030680487982 0.12497026206571746 0.18504139988706053
0 0.32113848936986283 0.7344329970868154 0.12395339908902611 0.20057539462538862
0 0.3820313162342196 0.5134372286003768 0.10981648801910042 0.152972352532014
0 0.34314239790789974 0.29286712336693976 0.11904764427970269 0.19405237884037313