0 0.944278944482076 0.109375 0.11144211103584781 0.11875
0 0.7221859384891822 0.08046875 0.23007035956551009 0.1265625
0 0.4114332242194025 0.1734375 0.2239841338757694 0.1296875
0 0.3941748824054314 0.30625 0.22990658525525037 0.1234375
0 0.6904113952957301 0.21953125 0.2101672953411587 0.134375
0 0.6700689970593239 0.353125 0.22990658525525037 0.1234375
0 0.3597876735627185 0.54453125 0.19199714947960161 0.115625
0 0.9022325042396424 0.5015625 0.1955349915207151 0.1171875
0 0.8813561363621603 0.628125 0.22587418249628835 0.1359375
0 0.6155773281307029 0.58046875 0.1888721494796016 0.115625
0 0.3581200322237173 0.646875 0.21666960085908257 0.109375