0 0.5304875870059723 0.02565262152136837 0.2047251740119446 0.05130524304273674
0 0.0652645901401043 0.14982890365032153 0.12681968597979182 0.15034219269935695
0 0.09170176320211826 0.2441545652093085 0.17540265634451402 0.15856586958138302
0 0.3204066850298613 0.15898243327063571 0.22536628875333342 0.15904071345960355
0 0.6266755220358335 0.18091053551463218 0.22075152393569458 0.1619747124710204
0 0.6731894589655558 0.29787785962118923 0.22536628875333342 0.15904071345960363
0 0.38183710714194474 0.27846992091334605 0.20825152393569457 0.16146537650146528
0 0.43145786027607674 0.39452866102751427 0.22536628875333342 0.15904071345960363
0 0.7585496499793407 0.504755259317178 0.18906511284152785 0.14195137254713258
0 0.24797647910152829 0.5748249505708414 0.203200348023889 0.14564937551288218
0 0.3005767618709381 0.6845063566926207 0.22398562670923622 0.16678954646340927
0 0.5337146105604171 0.5882057237653648 0.1874662452503472 0.14032520555093822
0 0.7849504554501741 0.597518420876165 0.2108673776591667 0.13971771049385406