0 0.0715234674139363 0.2409840691836449 0.11821939528454561 0.294368144417414
0 0.1643674723940332 0.6601749515990063 0.1915295612921568 0.29167039129415606
0 0.34480173030269856 0.6987157977136226 0.18078306228073995 0.2962942587805987
0 0.22212564528454562 0.2949726532962086 0.1970155573378241 0.2729567527304745
0 0.4066889876798914 0.33900497530852386 0.18709672927693438 0.2978931202169172
0 0.664200329123835 0.7739940954272452 0.16637305239490824 0.2493465359079618
0 0.5918784352849832 0.09170377019347607 0.16019203657757758 0.17432835518980253
0 0.7511552761974541 0.12855939646051745 0.16516337946721488 0.21965903590796176
0 0.697577925930624 0.4430168061996337 0.1662457184025193 0.2462215359079618
0 0.8054301655876817 0.7896559777444108 0.16289522532260178 0.2790067648307229
0 0.8474160998469007 0.4782553903121974 0.17912772037968586 0.2556692587805987