0 0.9893925650802775 0.43533869846446305 0.021214869839445073 0.21183752678536116
0 0.858992165598657 0.1594910389668164 0.18062244929333282 0.227809174511885
0 0.72591582544787 0.17668031331654566 0.1763450524036106 0.232414853895034
0 0.9199443627475692 0.43053419602883103 0.1601112745048617 0.2153364480508353
0 0.7946725532520824 0.4438581306869859 0.17790755240361059 0.23244212743398437
0 0.4969213925543977 0.20649804708119598 0.16872804203601816 0.2166807597392327
0 0.7439957758724987 0.7052962370176518 0.16193123788898092 0.2103216655834313
0 0.6131558789827765 0.7122747142894804 0.16784904721981436 0.22446598620028232
0 0.558022153770462 0.4487713218379623 0.15730252648462936 0.19307961850553051
0 0.39832735914254586 0.23325719034349293 0.1579272430727773 0.21805234496658024
0 0.4542232105093972 0.4607548989476351 0.16423603166842557 0.20100121266133192