0 0.1388631314588889 0.02982888765628074 0.17460126291777783 0.056056570958724995
0 0.1528178351061112 0.09276539727492758 0.19920252583555564 0.10687502649368782
0 0.3865745860560417 0.07438745262455596 0.1883013934267362 0.10805558057737186
0 0.6551083401401042 0.1750968138719669 0.18524912860909737 0.11107145317271012
0 0.682835909478646 0.2931573331092606 0.18826502583555574 0.10649308057737183
0 0.4077793984607293 0.18051096705252623 0.172858231382639 0.11532244355406326
0 0.4316007177992711 0.2984350770339928 0.18826502583555568 0.10649308057737183
0 0.7080944018792017 0.5063666612395618 0.17569229065319442 0.10293157095872499
0 0.22042944129812536 0.41517859981466554 0.17249455547083342 0.09969744355406326
0 0.2482842972057991 0.5387078690519592 0.19934799620027785 0.11312502649368775
0 0.49530411436013927 0.5200124658713998 0.15686955547083342 0.0991518065307547
0 0.7118025897588547 0.5986087249418925 0.17547408510611112 0.09355657095872498
0 0.5108037874221532 0.6157887573412122 0.16170252583555572 0.10556549763774718
0 0.30809897435187555 0.7273636304847046 0.18524912860909737 0.11107145317271012
0 0.28169816888104215 0.6327678930985764 0.17870818787965287 0.0983531983633867
0 0.7234141966164589 0.6950298571558777 0.18183318787965277 0.09846232576804859
0 0.7452002372696533 0.7925869034350134 0.18790134992375015 0.09086808057737165