0 0.9200296703922234 0.6995879129068532 0.07977319892376152 0.20517088479802065
0 0.8277137378034002 0.72177881314428 0.13631429735218498 0.21305759263643723
0 0.9428850893321956 0.42663614621380574 0.0807535020669146 0.19271634890464337
0 0.8505156528144309 0.4332247785045439 0.13809512117350237 0.2177905567430599
0 0.5828913893749768 0.7351439458307296 0.1280651497095498 0.20345527210332381
0 0.7414661002904502 0.17815449676780173 0.12777405128112634 0.19720527210332378
0 0.6114682311838624 0.2053427855641729 0.14492731803034928 0.23047241316955053
0 0.593717689208361 0.48594792788404095 0.1254838052100677 0.1815348079967011
0 0.4779684489282706 0.7264940230277606 0.12188792431665547 0.20483591567683312
0 0.48096297808349053 0.494690093560874 0.12882712903138546 0.18631323620994636
0 0.3754001445422632 0.26526466950426375 0.14256429735218487 0.2132394490629279
0 0.4943149644346394 0.2415196294542513 0.1266481989237615 0.2065348079967011
0 0.36595860049984724 0.7359947066512823 0.12672097353086728 0.2080973079967011
0 0.25930834016076504 0.7476800159016246 0.11763707195929074 0.21407452335696497
0 0.3753122915657259 0.501665170757905 0.12464905128112633 0.19711434389007837