0 0.9820410601631808 0.11904453765647763 0.03212910622842173 0.1766715843089554
0 0.9095648381585677 0.6422911401158057 0.0979675937808672 0.20048178903121966
0 0.8045454514359595 0.6666911764165508 0.1326977912913562 0.20536927693097126
0 0.9310542875431566 0.3586973901158057 0.09976689212119325 0.20361587939029935
0 0.8201400983310372 0.37837356498023245 0.13293458963168225 0.20849427693097136
0 0.5483779618089215 0.6847406978865732 0.12706309793005205 0.1928420058537325
0 0.6966596672167951 0.13067134230398722 0.12202040041956294 0.1881272347764936
0 0.5666402804941867 0.15492593285945855 0.14001338382282338 0.2194681383672898
0 0.5553662806946793 0.43779752019347606 0.11927390871793264 0.1724931444174141
0 0.4464486089044922 0.6786765293668582 0.11491829544054095 0.19745678298109545
0 0.4444996356737012 0.446531649878363 0.12587910622842174 0.1772170058537325
0 0.33438296493242115 0.21844703561337417 0.13570439212119306 0.20382495764913058
0 0.4515354987506002 0.1886464270057261 0.12332279129135611 0.20531473477649365
0 0.33925141554318794 0.6905583849494443 0.12128669461070399 0.1990556444174139
0 0.24028111927745432 0.6970169423274284 0.11418458963168217 0.20838519262201594
0 0.3394802489510928 0.47093168617910824 0.12045790041956286 0.1881181444174141