0 0.9306531393158656 0.18966510023994335 0.13334569368794008 0.13633562307124433
0 0.45289023665412714 0.0924690137227771 0.21296952669174568 0.1398797301033597
0 0.3924382149052973 0.19198934993540157 0.21803902866891214 0.1495551187523077
0 0.7102451388215739 0.17789058373938907 0.21316052768032884 0.14456723010335973
0 0.6619747820917722 0.2860244563492081 0.2181663626613009 0.1526801187523077
0 0.3123528309894582 0.42732727020118205 0.20209569368794006 0.1407413232558145
0 0.8531542445256115 0.4768659091546718 0.19897069368794007 0.14054106415651582
0 0.7990968028148377 0.5924618283407183 0.22942219764227278 0.1611935255998528
0 0.5385850671492938 0.5076212492248077 0.19284802768032883 0.1432655459579184
0 0.2780322277196975 0.5199059939830203 0.20502969269935695 0.13625408235511322
0 0.4923865463890471 0.6033552513842759 0.1897866946765232 0.14462778685861988
0 0.6793241777962472 0.7829588155407918 0.21360619665368966 0.15550473010335963
0 0.7342437825488826 0.6846505259043948 0.21316052768032884 0.14456723010335965
0 0.23814737395564528 0.614478014341086 0.20678319368794007 0.14104171190476258
0 0.20307735418398173 0.7062254233480996 0.21427735870696818 0.133729859653009
0 0.4424727766173836 0.6941514296696211 0.19734452669174568 0.13887843460686647