0 0.639623194181377 0.7285549538906694 0.25726223370266404 0.15397698635114895
0 0.017562955397641057 0.8439661697685417 0.035125910795282114 0.13394266046291675
0 0.05220839152844522 0.6737242903228715 0.10441678305689044 0.15880141935425698
0 0.32214618916681204 0.6996509737402643 0.24333612602253202 0.1580095148871962
0 0.6669024111909936 0.5954320847840815 0.26006898495630537 0.1431850355653605
0 0.3645419408161647 0.5564617458661708 0.23556909012915472 0.15920814185166687
0 0.10717233933773189 0.3853852282883783 0.21434467867546378 0.1665839942090317
0 0.08070311605990918 0.5318621220020721 0.16140623211981836 0.14565075599585597
0 0.7005907525737894 0.45654936724907025 0.2634213054894186 0.15114308477957242
0 0.727801773423472 0.32577024814248234 0.27721102084968263 0.142423056243525
0 0.4121791219324039 0.4208303068672068 0.2509213054894186 0.1505608879227255