0 0.02960493197416906 0.15315996618182104 0.05920986394833812 0.1968050676363579
0 0.0807232187919832 0.6549224531095665 0.13872283386094855 0.21318892946385706
0 0.20287936361913372 0.662815618251769 0.1310012620741939 0.2157219336130421
0 0.07682429513108437 0.3870604468857891 0.12778533386094854 0.21236013527271586
0 0.19463392075790495 0.38359005953848085 0.13568876207419392 0.216077131123531
0 0.45165784441880386 0.6322714001958483 0.12434208511458973 0.20118583693238978
0 0.3048513213910432 0.13202571430772125 0.12420569279472175 0.19649833693238977
0 0.4319677508579298 0.13018868193943478 0.14386497492717537 0.2291691269743461
0 0.4452189424655174 0.398121543142234 0.12723976458147637 0.19361013527271584
0 0.5501408085254266 0.6232497524755777 0.11818301332783498 0.20383724025173783
0 0.5520456039857152 0.39704244998606686 0.12862040815498563 0.18747853444287887
0 0.6526606840857401 0.1540009997762854 0.13872283386094858 0.21318892946385706
0 0.5413738430986557 0.14762279044294163 0.12617736975432586 0.21067923610255285
0 0.6531976123654925 0.6177791572448182 0.12452394154108042 0.20743583693238996
0 0.7501180764721151 0.6088759086947106 0.116938762074194 0.2146563410815748
0 0.6547841590794224 0.4025093547553073 0.12264319279472176 0.1963799377622269