0 0.420672649193385 0.9185489961416021 0.1889459460605966 0.11423673466476103
0 0.3951738964940926 0.8307976238655431 0.1978240385920637 0.12884553788306982
0 0.6529290421397707 0.9156596708796654 0.19256785352912936 0.10050201659574647
0 0.6437181402703154 0.825198561845158 0.19950493776222694 0.13051729852673155
0 0.37831367013980205 0.5979304935437122 0.18496884108157463 0.12328395273377594
0 0.8713560429649633 0.709536084974067 0.19529103444287904 0.13643951659574646
0 0.8532195043728994 0.5945666488360374 0.20923513527271576 0.13586036238870208
0 0.5975848110115953 0.5998761337529002 0.1754754419114118 0.12106588887180561
0 0.36033141951510206 0.5057265680493443 0.18738344606059662 0.11412747402109957
0 0.5818395666106727 0.49573493697120885 0.17246884108157462 0.12240986758448216
0 0.8041271184754837 0.38201737235293376 0.1949358369323897 0.13175201659574648
0 0.8143444132913247 0.4857597313874412 0.19410704274124874 0.12081451659574646
0 0.3567785217948316 0.40701591644019003 0.18930114357108555 0.11892423466476135
0 0.3502782228298056 0.31086753611835916 0.1950775468904336 0.11311127723940828
0 0.5550859672307282 0.4017881950169805 0.17980774440092268 0.11670617080279086
0 0.5521959203402946 0.3014604130859953 0.1978240385920637 0.1288455378830699