0 0.05161055619963371 0.6838568816211573 0.08550220452587261 0.20113185598499986
0 0.1392650923039872 0.7180746396796757 0.11836924668035032 0.21337757775694435
0 0.043093032490116215 0.4277729769557407 0.08240447560311145 0.20554595391148137
0 0.14002257464459392 0.4456234412348145 0.11993174668035031 0.2135142787937035
0 0.39559236035616396 0.7537748597081937 0.11360902380771334 0.2004674746466666
0 0.26042948165323565 0.20394237210203653 0.12616356596219108 0.21093608294074045
0 0.38708743042357163 0.23142140607953632 0.1246919695529872 0.22642438190398123
0 0.3879424450579029 0.5126030555611567 0.11354539129415606 0.1895299746466664
0 0.49646905912649986 0.7789983265791658 0.10268970452587248 0.20263556738935176
0 0.5020867582896195 0.5366447312445823 0.11508062021691715 0.18497917568342573
0 0.6217487767345796 0.3011453115934247 0.1230385659621911 0.21066268086722192
0 0.5076362797596417 0.282572385909999 0.1105385659621911 0.20956907257314797
0 0.6058531494855796 0.7901298991523136 0.10738629488495217 0.20460817049962934
0 0.7105679205628184 0.8039763686151838 0.10118174668035032 0.21187386635259245
0 0.6061520895735126 0.5730791001890729 0.10732266237139498 0.19367067049962933
0 0.7170941347530525 0.5835661237989801 0.11836924668035032 0.21337757775694416