0 0.2641709016240821 0.8672471442959624 0.26401233887551345 0.1699437213682689
0 0.8879350105578553 0.9083071092756217 0.12021687476889084 0.16252385771838504
0 0.596642420824412 0.8925269644853678 0.24990437476889085 0.1678082184025193
0 0.2664872225529069 0.7069953938016708 0.26512019780928664 0.15438238836446344
0 0.5835837943396616 0.7230447940291324 0.24383623119538153 0.17380355041774181
0 0.8800449203621936 0.5880755223174835 0.21263169530200407 0.17409271049385405
0 0.8872627238065481 0.7432405247889415 0.16190426959604132 0.14705536661563343
0 0.25430913446881626 0.5610143903416297 0.27003501834240007 0.1623858893530466
0 0.2593867425446596 0.413389973839727 0.28069973370266393 0.15345655832640728
0 0.5692665447353729 0.5699370400747996 0.2575350183424 0.16187655338349138
0 0.5641197066512823 0.42424253809763324 0.2828078029821361 0.17227022532260175