0 0.4189463417338217 0.9129088765501858 0.27765334308955403 0.17418224689962827
0 0.10965523848892678 0.8098908844080688 0.21931047697785355 0.20103176881613755
0 0.5331235129840112 0.642966827540862 0.26354539129415605 0.19191363399378397
0 0.22585188934924844 0.5356614799410082 0.24946471057599684 0.18813366252983138
0 0.5863126663784156 0.5000922768789083 0.2650351684215192 0.17948640860089
0 0.2946933138208917 0.38882717535011285 0.24480448165323568 0.19260283870851377
0 0.1170460785534188 0.16408823283649224 0.13217721662612103 0.16548806699689197
0 0.05842908177487264 0.2996768223735755 0.07887949980360827 0.1333262303552929
0 0.6487768258229443 0.3748418738595896 0.2681965298578376 0.18588195781510164
0 0.694098937062871 0.24097845016210656 0.2759726684215192 0.1799958308506309
0 0.361095539522199 0.25828995884855893 0.25411584913967833 0.18210198635114894
0 0.4173142441462675 0.13196720740081685 0.27919766237139493 0.1973288800648426