0 0.7338888386013754 0.905309873787127 0.1907453683170294 0.11259327759614024
0 0.1981935332832338 0.9725317447249943 0.1857246683734992 0.053191004057189774
0 0.1952512728304773 0.8951607211860437 0.21325740514873237 0.12391260714144466
0 0.47111582281635983 0.905204328330784 0.18127936305535766 0.11086713636243814
0 0.7396544492376587 0.7894666854755242 0.20562691567207594 0.1269012394466932
0 0.48703768345264303 0.7891838620160041 0.19101838410204497 0.11728077759614024
0 0.2417189362246533 0.6456595531669806 0.1990128946253887 0.12054214529089187
0 0.22192862294341675 0.7758243400986116 0.19993835779368574 0.10963191882984233
0 0.7493718125047777 0.6743365633165457 0.19506884727034207 0.1064250982129911
0 0.7453984020943734 0.552407016238645 0.20324536831702958 0.11281146590774291
0 0.5064184730563562 0.6519878250843731 0.18413134727034192 0.10623418344033872
0 0.5051983363234753 0.5370486176980469 0.20342737884037304 0.11593646590774291