0 0.3689899412908443 0.9147593631258684 0.18207235376405223 0.1010209053945836
0 0.9118864708925679 0.9638430410797053 0.17622705821486412 0.07231391784058942
0 0.8998129172805213 0.8702021969007994 0.20037416543895753 0.11250391926229213
0 0.6313161863479284 0.8974498022397921 0.17269735376405215 0.10080269984750032
0 0.3439660835724593 0.7986615844405212 0.1952090237259962 0.11693684612402784
0 0.5946690791238349 0.7834230166205908 0.18226335475263547 0.1057084053945836
0 0.8144828775272295 0.6230713173417716 0.19176568874502423 0.10905161094166686
0 0.8564541547132668 0.7528322057345145 0.1913200197716634 0.09811411094166686
0 0.3143502263483659 0.6847984529816322 0.18806768577927474 0.09491637575930571
0 0.2976972841433006 0.563431946047778 0.19457235376405232 0.10131184612402784
0 0.5524431339530201 0.6474121282278477 0.17713018577927464 0.09466180262104178
0 0.5344823597327324 0.5322592537028129 0.1946996877564411 0.10443684612402784