0 0.957902776237772 0.25148211187146047 0.084194447524456 0.19782042934436317
0 0.9662437101845253 0.822594043205006 0.06751257963094943 0.23096019334818116
0 0.9685735076807462 0.5334133645369605 0.06285298463850744 0.19009883601209038
0 0.8576660997600036 0.24253492055223252 0.15336573663405878 0.22038632001909003
0 0.8626090179217414 0.5153184398870506 0.13995568401734032 0.2046158693507266
0 0.740352399251776 0.7786371472390499 0.1467517155873715 0.21406359468490824
0 0.8773819623918382 0.7958053712205961 0.13268921558737148 0.21389996268299924
0 0.7326283024049569 0.2299178365690954 0.13232519454068417 0.20764996268299923
0 0.6006880576666289 0.23301665925368548 0.13755872611071532 0.2170795066836356
0 0.724297675842484 0.48956555657227707 0.130216662970653 0.19825678134945388
0 0.5995328942724528 0.48163597258913987 0.14068372611071514 0.21711586935072655
0 0.4828180182040899 0.22266150926959383 0.13755872611071512 0.2170795066836356