0 0.8726637176006804 0.2015625 0.14319447241000383 0.2078125
0 0.9755208774894797 0.759375 0.048958245021040625 0.20625
0 0.9101117093327961 0.759375 0.15980161905195941 0.2359375
0 0.9023611744015877 0.4703125 0.14135915389834963 0.2
0 0.7461284994518459 0.20234375 0.16249010943331238 0.2234375
0 0.7642163336574148 0.47421875 0.14788197241000384 0.2078125
0 0.6441494034350134 0.72734375 0.15295141832631973 0.21875
0 0.7782069449048257 0.740625 0.14195935462398915 0.2171875
0 0.6217187764936878 0.196875 0.14017859981466554 0.2109375
0 0.4908234405588384 0.20703125 0.14681054573098146 0.221875
0 0.6253348829317753 0.45703125 0.1382887176006804 0.2015625
0 0.50108885108061 0.45625 0.14993554573098145 0.221875
0 0.3727455631541767 0.20390625 0.14681054573098154 0.221875