0 0.3759310079830275 0.8400744508104575 0.20152269072219048 0.12093752649368775
0 0.3608909398079695 0.9113219682336524 0.20920785672980174 0.11808534500534193
0 0.5669300341804815 0.9599281046239889 0.19138368676785794 0.08014379075202208
0 0.5814753538384144 0.9065427321134687 0.20152269072219048 0.12093752649368775
0 0.13241577132890034 0.8947619176933476 0.19581651878308035 0.09577383538669508
0 0.3886273261580855 0.768745087833766 0.1933918557412186 0.11285220798203355
0 0.34339703368619 0.9595560658329155 0.18905718281352515 0.0808878683341689
0 0.5621125415948554 0.9949479453681619 0.19164367193911022 0.010104109263676265
0 0.5939170040286947 0.8289633691367773 0.1933918557412186 0.11285220798203355
0 0.7882320312147321 0.9524467206383143 0.1952090237259961 0.0951065587233714
0 0.80327209938979 0.8932243096956156 0.19339185574121878 0.11285220798203355
0 0.7704197901119807 0.9915997452754945 0.18752917490485962 0.016800509449010903