0 0.6016573721951013 0.6782001588633975 0.1215186134861197 0.26222776232447204
0 0.7006715337152993 0.6763687432141368 0.11563232633910125 0.274400213703953
0 0.6783345663099712 0.3912567588179689 0.10562082884638357 0.25203389077317445
0 0.584766422736462 0.3925935295101838 0.12142768527287444 0.2591027623244718
0 0.815090701041485 0.9214439289340145 0.12554087226160818 0.15711214213197094
0 0.5035153888881487 0.6831975180902232 0.11338786473976085 0.25088082654882304
0 0.7983732478219219 0.6830491904097462 0.11361518527287444 0.25869332654882304
0 0.7809367290838105 0.37869256105653254 0.1139334340192331 0.2696308265488231
0 0.47812161764275485 0.40026550938379585 0.11338786473976085 0.2508808265488231
0 0.5584239169304743 0.1306733836486268 0.11684783386094857 0.20893898801421237
0 0.45773359514371964 0.12851666214275778 0.10921719028743926 0.2147795522385636
0 0.667639792557295 0.13093673450770943 0.11652958511458991 0.19800148801421238
0 0.7646739169304743 0.14148248812575404 0.10747283386094857 0.20844766508343385
0 0.8583102566639177 0.14248946743353916 0.10099551332783534 0.20030761646291487
0 0.9408954361308041 0.139016986655416 0.08491587226160817 0.18386374491161733