0 0.09778004473052608 0.6937959726762453 0.0987540823551131 0.20049996974937906
0 0.03385995489110297 0.6949130450813439 0.06771990978220593 0.21140110831306042
0 0.03140378701550341 0.4549693011314681 0.06280757403100681 0.18793633723582168
0 0.09845637492617085 0.4515221142649889 0.09679106415651581 0.19424087939029935
0 0.17983108112772067 0.6817686713483854 0.0903408050572172 0.1910795179539809
0 0.18205012492617084 0.4520084484757484 0.09014054595791854 0.1879545179539809
0 0.09966363124769233 0.2131590510332723 0.09659080505721715 0.19111587939029934
0 0.1785698812476923 0.21361811416679294 0.0903408050572172 0.19107951795398087
0 0.03168199413990385 0.22520907825883124 0.0633639882798077 0.18479315651766243
0 0.026642843152454753 0.0571903312838933 0.053285686304909506 0.0706306625677866
0 0.0930397987356957 0.04821530708339649 0.08172966378737556 0.05670451795398089