0 0.5737349236978109 0.5258102745440991 0.22600121266133186 0.15337636724704354
0 0.9137524030015296 0.5975538600544004 0.1724951939969408 0.14433633636823107
0 0.9056165746740408 0.47000552157459835 0.18876685065191837 0.14318301332783517
0 0.8837978961016708 0.3505508279219468 0.2103216655834313 0.14979672618081655
0 0.8401494874180984 0.1314227432030684 0.20237279788867965 0.14175690564770319
0 0.814689791395858 0.05962429955041686 0.21062958279171573 0.07796719028743926
0 0.34819873010790703 0.8464253367639424 0.24801258035608367 0.16182536473976086
0 0.5844722317360554 0.1567791297169487 0.20708757142762976 0.14345579796757124
0 0.34124220332584115 0.31368103292387645 0.21972393912238158 0.15163201082055267
0 0.09204677272487616 0.35250052586424746 0.17443871266133196 0.15187605172849494
0 0.10350819845457718 0.4723045605039836 0.19316143912238162 0.15085912100796714