0 0.19213866462914864 0.9630677185732178 0.11059666327441157 0.060663984412659744
0 0.4431213104907057 0.9847650790327211 0.11676477611928178 0.030469841934557707
0 0.6955834899347764 0.8558271990506052 0.12577900723608923 0.20183528763096845
0 0.5848728827441156 0.5702014194654085 0.13416471732199753 0.21331909084927717
0 0.594147226932936 0.2867387094421654 0.13859991180407363 0.23853761213660052
0 0.47120769391624917 0.2579038792365501 0.1351473631835546 0.23206909084927707
0 0.5802893605815627 0.8392027917414676 0.13211089439121898 0.20383483020561535
0 0.34248730890882595 0.5197815303415013 0.13892746042459256 0.2447876121366006
0 0.8171276192879899 0.8728886489343897 0.143048394391219 0.20459965471124741
0 0.7286417356393631 0.3132679944752438 0.13736496042459265 0.2446783514929388
0 0.7036195607178483 0.5932943480618695 0.12865170171816534 0.22694454827463026