0 0.6793208770134759 0.95234375 0.1074608105039836 0.0953125
0 0.5635822167469191 0.95625 0.10410848997087019 0.0875
0 0.4427612513866553 0.946875 0.11246655925034225 0.10625
0 0.23365903602639132 0.9375 0.10460859514371963 0.1046875
0 0.1307386245061934 0.93046875 0.09536998746358769 0.109375
0 0.04233680911899361 0.928125 0.08467361823798722 0.1046875
0 0.22474835194065118 0.73359375 0.1115693004748537 0.1828125
0 0.3538976090002802 0.48359375 0.11809208511458982 0.1921875
0 0.3719646135526267 0.21171875 0.12185358260730732 0.2140625
0 0.48928850587249484 0.20703125 0.12010922618081672 0.2078125
0 0.3331602455141605 0.73984375 0.1178193004748537 0.1828125
0 0.5852840013201484 0.47890625 0.1220354390337981 0.2203125
0 0.10850122631383059 0.728125 0.12880226458147637 0.184375
0 0.24457539944600404 0.21328125 0.12047293903379801 0.2203125
0 0.2413976090002802 0.48359375 0.1137682979675712 0.2046875