0 0.04394222120212899 0.5960097209902177 0.08788444240425798 0.12951944198043536
0 0.054209912567616855 0.4955924920369051 0.10841982513523371 0.12555998407381014
0 0.07739212764541696 0.3929603157003109 0.15478425529083392 0.13675508930724706
0 0.12021754984052047 0.2197272130271227 0.1816960233378592 0.13032307878390342
0 0.1498888165104199 0.1351092893213645 0.182493248792052 0.12103908404557524
0 0.17951228575569486 0.06069311824644227 0.16597542848861027 0.10919153142885676
0 0.32165263302083985 0.27149265230613495 0.17844347758022466 0.12857856826055966
0 0.5021696961972799 0.42565504949177235 0.1883286606107628 0.13537459983059077
0 0.7280308234682437 0.4859078229575342 0.20915134364130097 0.14280766823232477
0 0.6988379178584507 0.5838980019249642 0.20108375212603208 0.13922764192396553
0 0.2900362290780368 0.36070707075022124 0.18195111485312826 0.1334480787839034
0 0.4557417510387701 0.6097724442583354 0.2124038893989356 0.1445521787556686
0 0.3539067657518155 0.1744657338620486 0.1827163893989355 0.1428230787839034
0 0.7506388892297575 0.38203937031258084 0.21071384364130097 0.14289867349399668
0 0.5286999874129865 0.33143461263183455 0.19757611485312837 0.13435813140062186