0 0.03863621144681125 0.6364465773392725 0.0772724228936225 0.101018154678545
0 0.03872771469322213 0.5356562366724997 0.07745542938644426 0.09943747334499946
0 0.05340189224964713 0.4241011186744087 0.10680378449929426 0.10599655601527207
0 0.074815219157449 0.23529315734404496 0.11109323295387141 0.09971019334818117
0 0.0896919711860439 0.14404144867918126 0.11410913879807005 0.09349655601527203
0 0.09901815259778776 0.05741360534690847 0.10783186525911972 0.09186133068109026
0 0.2621652146932221 0.24606866736949834 0.1706046006486231 0.10821358402290801
0 0.4771571948077197 0.37437712273231516 0.18167846834337484 0.11615335335772618
0 0.7214020726487412 0.3936287514321773 0.200455741882325 0.11793402936027153
0 0.7101724720001181 0.49976966343090456 0.195768241882325 0.11787948535963508
0 0.24637084496987552 0.34512378536758936 0.17540119480442445 0.11451812802354429
0 0.46342811120522526 0.5789464440642698 0.20517051542127546 0.11955107336090798
0 0.2765061785723701 0.14074536803786192 0.17243983603812651 0.12385676535645347
0 0.7248600836057898 0.2850531827657227 0.20517051542127546 0.1195510733609078
0 0.4859884983784422 0.27133393873326966 0.19253414772652383 0.11159312269254426