0 0.3734976222004613 0.0609446853142017 0.1282452444009226 0.1074878045209029
0 0.4801028197109504 0.06810518151447956 0.12583063942190087 0.11679006933854177
0 0.5995515593379881 0.09038218464861161 0.13636632033565022 0.15290940729444452
0 0.8019078873473082 0.1364253025241326 0.1299979211654872 0.15120143692972227
0 0.8988779757295905 0.16051872558614658 0.12218542116548718 0.15101959897381959
0 0.9649155275944017 0.17863425237163275 0.0701689448111967 0.1455320119678473
0 0.787363825734235 0.34587238449611174 0.14233290041956295 0.19048214247680564
0 0.6508739091421398 0.5618396105604171 0.15085579544054112 0.2000389804327085
0 0.6305660222190388 0.818724736985313 0.15551998465266034 0.22042421561506947
0 0.5173080830069196 0.7958119542159032 0.1552831863123343 0.21729921561506949
0 0.6824036385967082 0.319253373478195 0.14713879958972598 0.19215374525034737
0 0.43221807490904246 0.5271151991819101 0.15743768216314943 0.22514808320625015
0 0.9000773132866804 0.3718919834699313 0.156632198759889 0.19393445079743063
0 0.7462977659952615 0.8331165049370839 0.15743768216314927 0.22514808320625015
0 0.7607700500139332 0.5815546581474658 0.14699708963168218 0.21086737765916688