0 0.9609375 0.034514389654852984 0.053125 0.06902877930970597
0 0.97890625 0.6802375871447003 0.0421875 0.11364099784053164
0 0.98515625 0.8001495689461031 0.0296875 0.112839961443337
0 0.775 0.5979919933739367 0.2234375 0.1408810255998528
0 0.4546875 0.4950810510520475 0.2359375 0.14949456199704744
0 0.1265625 0.5332957564784049 0.253125 0.15528348704319014
0 0.1203125 0.38604002467700227 0.240625 0.14979495064599552
0 0.77265625 0.4622046876984108 0.2265625 0.14889378469915154
0 0.42421875 0.2196898272702093 0.2703125 0.1548224120893325
0 0.7796875 0.7422228547249887 0.2234375 0.16275602559985297
0 0.1421875 0.6783882109819117 0.2703125 0.15325991208933268
0 0.46640625 0.6349550794296777 0.2515625 0.1426833574935408