0 0.15025240109535667 0.07276131001026273 0.18497805674305984 0.12917948165323564
0 0.12122046747183497 0.18433006908544905 0.17234166442319182 0.12441925878059874
0 0.09926524795493594 0.2943772347764936 0.17560305674305984 0.12912493949875792
0 0.06677700837977721 0.519958496876742 0.13355401675955442 0.12429199375348396
0 0.05581076464798338 0.6245914547222643 0.11162152929596676 0.11480790944452864
0 0.04265989528936892 0.7221795270291672 0.08531979057873784 0.11310905405833438
0 0.27641981518934405 0.5704544423274284 0.1927450926364372 0.12766243344863373
0 0.5543462383880244 0.5251884358845207 0.20859741316955044 0.13556583703942984
0 0.8310391190294102 0.5760252698006927 0.24655205423577736 0.15140900565734086
0 0.8713722655059133 0.45202014323906364 0.22114287727617343 0.1372010599120669
0 0.29830683854630907 0.4627510266363837 0.1976144490629279 0.1339397045258725
0 0.622262478754606 0.28569920988862574 0.23694973370266403 0.14354196350286302
0 0.24231393665952958 0.6952771803253758 0.19954066191590938 0.14644879488495216
0 0.7868451866595295 0.6984451704646226 0.2368588054894186 0.140416963502863
0 0.5301836611909936 0.6305344660369459 0.21944398495630538 0.1325044695529872
0 0.4995892275674718 0.7420941347530524 0.2182906619159093 0.14655787919390767