0 0.2109375 0.10625 0.0828125 0.1625
0 0.3046875 0.096875 0.078125 0.15
0 0.4046875 0.0953125 0.0875 0.1578125
0 0.59375 0.0953125 0.08125 0.15625
0 0.6828125 0.0921875 0.0765625 0.15625
0 0.76875 0.096875 0.0734375 0.1390625
0 0.603125 0.3 0.08125 0.1484375
0 0.515625 0.5390625 0.090625 0.1796875
0 0.521875 0.7578125 0.0953125 0.2015625
0 0.4125 0.7703125 0.0859375 0.1703125
0 0.5109375 0.3046875 0.0859375 0.1484375
0 0.309375 0.5484375 0.0875 0.1796875
0 0.7046875 0.2984375 0.0953125 0.15
0 0.6234375 0.746875 0.0859375 0.18125
0 0.6109375 0.5234375 0.08125 0.1671875
0 0.709375 0.5125 0.09375 0.1625
0 0.8484375 0.1015625 0.0734375 0.1484375