0 0.18412830779493466 0.11228802254019124 0.11459037650146527 0.2096361732831983
0 0.302479059772101 0.09741853970369901 0.10770370653952135 0.19372007485477488
0 0.4267296432701982 0.09634517214729711 0.12058570851668779 0.19269034429459422
0 0.6616948922816149 0.09232222105192256 0.11108337452429887 0.18464444210384512
0 0.7727278927759066 0.08851226654433522 0.10639587452429886 0.17702453308867044
0 0.8794089742968374 0.08518390529563022 0.10088070357377177 0.17036781059126044
0 0.658316588403832 0.33972789433737544 0.1107013725471326 0.19074062406898662
0 0.5322210261230921 0.640352940656103 0.1247930474519924 0.23038532092583353
0 0.5240424757053501 0.8793426660489972 0.12957870653952136 0.19473891935425697
0 0.3874683057434062 0.9012990568672068 0.11730419961943923 0.16141699710451576
0 0.5433455044114432 0.348201827959656 0.11695137254713259 0.19103172249741
0 0.2748714411421201 0.6601368635250167 0.1216680474519924 0.2302397717116218
0 0.7848790884038321 0.333833151161801 0.12957870653952136 0.1947389193542568
0 0.6505731422072529 0.8742291728734226 0.11701503954332697 0.19259422249741007
0 0.6524526130812303 0.617598183212505 0.11165637749004845 0.21417812406898662
0 0.7748051155526883 0.600203013858248 0.12709037650146532 0.21021837014004524
0 0.961998639810157 0.08839664247534865 0.07320137254713259 0.1767932849506973