0 0.12419132092882482 0.15249633945182692 0.1890290592503423 0.11816541640826923
0 0.11152148785929909 0.25506013494832014 0.17643813103709696 0.11423938001107467
0 0.10151365353613213 0.3684112361203394 0.17349498746358769 0.12028912091177597
0 0.09590982587688275 0.5793184577427093 0.16081313103709696 0.11323808451458142
0 0.0917200825408003 0.6774252907161312 0.14652331050398354 0.1045244185677376
0 0.08831158920471788 0.7754820589147285 0.13397784639736085 0.10216088217054295
0 0.31150373363615697 0.5913318946659276 0.173313131037097 0.11403912091177588
0 0.5763952962517116 0.4953034916758937 0.2080973079967011 0.13030447100406112
0 0.8178841142775426 0.5095710410298983 0.2332791644231918 0.13815654379845022
0 0.8371760203874642 0.3924941625599831 0.19849498746358768 0.12189119370616516
0 0.3187048167056827 0.489118552593207 0.17344952335696498 0.11872662091177606
0 0.5980189290046681 0.270063659782206 0.20800637978345585 0.1271794710040611
0 0.30145043520636733 0.7031204958379469 0.17689277210332371 0.1298643800110746
0 0.7976972979010641 0.6227917342746381 0.21108591567683313 0.12581723010335963
0 0.5529243555020539 0.6032556940199322 0.1952335951437197 0.11700343460686646
0 0.5349903609123302 0.713201192940198 0.1893927721033238 0.13066541640826906
0 0.09474109712227667 0.8619504850406052 0.14183581050398356 0.10422402991878954