0 0.07977373119538153 0.16711851581733078 0.15427362602253203 0.1529870316346616
0 0.09611544820499808 0.29965910178688593 0.17950094655564544 0.16181820357377186
0 0.12983854499807035 0.5468351907221906 0.22931909012915472 0.1576055474519924
0 0.1561091914745735 0.6719771121670093 0.22743834138279598 0.14660438045579802
0 0.17980876741796323 0.7892110331175364 0.21672816191590938 0.1539712114824372
0 0.3978922115328333 0.5070364975657231 0.21989862602253202 0.15566104547482595
0 0.6658058225781774 0.32833447189974163 0.260978267088759 0.17294138737588022
0 0.8968595942857899 0.3041952708346088 0.16842705423577725 0.1566850346004111
0 0.877423969516899 0.14577793437076206 0.1320349131695508 0.13959569368794006
0 0.36836017273646204 0.37707974212851564 0.2200804824490227 0.16191104547482604
0 0.6181111539983506 0.08371037999868744 0.2612223079967011 0.1276925543720746
0 0.4260663388090064 0.6439608360067363 0.22669419530200413 0.17466571345960347
0 0.9215478741420702 0.43496510976991337 0.15690425171585964 0.1488725346004111
0 0.6704060575344826 0.4596163053978389 0.24347251834239997 0.16130355041774186
0 0.7018870412371466 0.6029179778312408 0.24236465940862678 0.1768648834215476
0 0.23336332792194678 0.886592710493854 0.21650084138279596 0.1461587114824372