0 0.6796875 0.215625 0.05625 0.1484375
0 0.7421875 0.2203125 0.0515625 0.15625
0 0.74375 0.4 0.05 0.1390625
0 0.684375 0.4 0.05625 0.14375
0 0.6203125 0.2234375 0.0515625 0.140625
0 0.8046875 0.2078125 0.0515625 0.14375
0 0.8078125 0.403125 0.0515625 0.15
0 0.61875 0.4046875 0.0515625 0.1390625
0 0.684375 0.5984375 0.05625 0.140625
0 0.61875 0.596875 0.0515625 0.140625
0 0.746875 0.5921875 0.05625 0.1359375
0 0.8078125 0.590625 0.05 0.1390625
0 0.871875 0.58125 0.046875 0.15
0 0.9359375 0.7578125 0.0546875 0.140625
0 0.815625 0.775 0.059375 0.1390625
0 0.871875 0.765625 0.0515625 0.140625
0 0.7515625 0.7765625 0.0515625 0.140625
0 0.6890625 0.7828125 0.05625 0.140625