0 0.7525652024848666 0.18850538369190767 0.09079371120744355 0.1676420179539809
0 0.8188647087086439 0.19983324825148413 0.08657980788809568 0.17386474687674197
0 0.7854332116084289 0.3936923325604395 0.08047151784613948 0.15508747579950324
0 0.721844308289081 0.3878150372827039 0.08887601369695446 0.1629454275949013
0 0.687662252899785 0.18966388359371184 0.08383331618646536 0.1582306565176624
0 0.8880883053892961 0.19318327245198094 0.08407011452679143 0.16135565651766245
0 0.8533544174172878 0.40422985676093637 0.08610621120744355 0.167614746876742
0 0.650987356629407 0.38510364862082647 0.0835965178461393 0.15510565651766245
0 0.6830265715618282 0.6012280974893583 0.0886392153566284 0.1598204275949012
0 0.6133652669977249 0.5930434136479411 0.08383331618646536 0.15823065651766227
0 0.7517173719767467 0.6016093716898551 0.08816561867597628 0.1535704275949012
0 0.8169871744662576 0.6059150766085113 0.08058991701630233 0.15664997579950324
0 0.8874772732215022 0.6031622604499284 0.07985621120744354 0.16757838544042353
0 0.9008023769511242 0.7983111339864953 0.04609651784613931 0.15488748789975162
0 0.7893320806853905 0.8059877994811482 0.09164581618646536 0.1582761083130606
0 0.8513468286107981 0.8017224802975033 0.08383331618646536 0.15823065651766227
0 0.7202152277809611 0.8009235704601911 0.08383331618646536 0.15823065651766227
0 0.6522464777809611 0.8013190010801544 0.0886392153566284 0.15982042759490148