0 0.7033175460295895 0.20165788535552026 0.06433631468808994 0.1592672036472223
0 0.7697965213637714 0.20636226273034658 0.05975790268936265 0.16853310087368062
0 0.7704430533895429 0.39624238032152714 0.05797722668681722 0.1497467332825
0 0.7079339627227702 0.3969158339687494 0.06428177068745348 0.1545797036472223
0 0.6408993620305441 0.21014383900274253 0.05955790802036276 0.15134560087368062
0 0.8352760706954078 0.1923348239007632 0.05959427068745349 0.1544706008736806
0 0.8384572567234064 0.3985666401051729 0.05968517735518084 0.16228310087368064
0 0.6384390753898611 0.4016591917762842 0.059539726686817215 0.14978310087368066
0 0.7064549207510871 0.6056005029467009 0.06424540802036276 0.1514547036472223
0 0.6368963987507689 0.6048751107542356 0.05955790802036276 0.15134560087368065
0 0.7720253767504507 0.5993855641171174 0.06419086401972632 0.1467672036472223
0 0.836860036083678 0.5970950590831243 0.05797722668681722 0.1497467332825
0 0.9047287887491781 0.5869193188667701 0.05499767735518084 0.16217399810013902
0 0.9698157973822251 0.7729282476283672 0.06036840523554972 0.1514183360560418
0 0.8438202027768587 0.7922984563095826 0.06735222668681722 0.14996493882958345
0 0.9030861147755859 0.7815414878447214 0.05955790802036276 0.15134560087368065
0 0.7766327027768586 0.7938622627303464 0.05955790802036276 0.15134560087368065
0 0.7102900874442677 0.8008766353555202 0.06424540802036276 0.1514547036472223