0 0.8825118672099309 0.9183572715037649 0.23497626558013812 0.11694558684890524
0 0.8869616714464934 0.7989351156595663 0.2260766571070132 0.18703989853730274
0 0.8780938580918752 0.6464686347342897 0.2438122838162496 0.1982228603878557
0 0.8377240844405212 0.3262146359521057 0.2936448164887501 0.20192060470581286
0 0.8144833401401043 0.16649871671522645 0.2841607137152085 0.19706946347211085
0 0.7924063587574653 0.056782797478347205 0.2598127175149306 0.09043763392680608
0 0.4960645677230211 0.37647809415250605 0.2873584488975697 0.2002490105500115
0 0.1679259564001047 0.6050301935866085 0.30945165444465295 0.21000584009531628
0 0.5414167013661115 0.54673209293469 0.2777652433504862 0.1907103693163094
0 0.227997819525973 0.9349886546263827 0.27492987765916677 0.13002269074723466
0 0.47026186787552093 0.2073462646072013 0.2829618896270141 0.21266718993316047
0 0.15053516859670174 0.42823586850553064 0.28565047853284736 0.19397173701106124
0 0.139667137727153 0.26326938758025403 0.27213349240055573 0.21716377516050808
0 0.12322190729444456 0.1271000624991762 0.24433449430041682 0.16357512499835236