0 0.15225517029568655 0.09260327090551305 0.16111465940862688 0.17628802616718492
0 0.28924670493542265 0.09119123130179986 0.1527565901291547 0.15708299985882565
0 0.4132154023489979 0.10701989960471185 0.15794419530200426 0.1745435156438412
0 0.671149922802969 0.1447375204114029 0.15679087226160834 0.1885150103821694
0 0.80642819325694 0.17531122817685377 0.15187605172849494 0.1804294945971538
0 0.9346524816576001 0.2062566622647813 0.126603267088759 0.1695984104104042
0 0.6382619003039338 0.4143751862246533 0.1677571159934022 0.24374854195220053
0 0.42911525468536055 0.6901810100998207 0.1750982545523465 0.2816125629988878
0 0.37096881941248616 0.9264472853751107 0.16419419530200424 0.14710542924977865
0 0.22050581815884493 0.9206288313441522 0.1427450926364372 0.13466196828879476
0 0.49394961064963283 0.37153669688917135 0.1644502595669115 0.23731653142885678
0 0.13774610860456876 0.645038026167185 0.18139371865896922 0.28353908404557515
0 0.7721140630777731 0.4401703887284323 0.17860368778015676 0.24126057878390342
0 0.5286221950393067 0.9366710602974647 0.15293844655564542 0.1266578794050705
0 0.575626541832379 0.7112355046969745 0.163524257059629 0.25910052616718493
0 0.7182770430860203 0.7304999861399486 0.18227425705962902 0.2601925893072471
0 0.8521064738065481 0.7570764386437276 0.18227425705962902 0.2601925893072471
0 0.8053294475465892 0.9664180154320796 0.16572795157021042 0.06716396913584077
0 0.9717276181714801 0.465100312222429 0.039723044206647275 0.23941111049510883