0 0.7866790852498147 0.03292183190884951 0.18585817049962933 0.06584366381769902
0 0.8299984412348145 0.08985874551478701 0.1972836860510184 0.14051712613895004
0 0.9051987118285878 0.276062285047913 0.18960257634282449 0.14207962613895003
0 0.9260819207824532 0.37589568507614796 0.1478361584350935 0.14015310509226264
0 0.9455051555138884 0.47659363509026537 0.10898968897222332 0.13217400512049746
0 0.6977005169655085 0.363757519051136 0.19273288708777764 0.14180661035393446
0 0.4296053363811104 0.3330436582736785 0.2229671912348145 0.14978571032569957
0 0.19040542681472142 0.40822348172532286 0.24763500056564788 0.1652132892507773
0 0.1418422047599531 0.3019048632671191 0.21175628916129607 0.14602367349399667
0 0.6644888928372217 0.25340384797621374 0.187771985014259 0.1384085945689189
0 0.3353010959002312 0.12573866346476317 0.22324059330833307 0.15291071032569964
0 0.7384122827997213 0.46111066118686306 0.19185389227157384 0.14952810509226264
0 0.25642955094300823 0.5166660423051364 0.2228304901980553 0.14822321032569957
0 0.47711390636236023 0.4362827793627182 0.204959485014259 0.13940965244730918
0 0.5259799247884711 0.537087145190086 0.2077522943450923 0.15356315770898127
0 0.9613249366166661 0.5657548456277265 0.07735012676666778 0.12299642619541977
0 0.5643479406226839 0.6345767952183209 0.2077522943450923 0.1535631577089811
0 0.3323549383136097 0.7203300976232778 0.22534989745537004 0.15925171558737147
0 0.824894461357869 0.6508109270424658 0.21060389227157392 0.15062016823232477