0 0.0546875 0.1546875 0.08125 0.1625
0 0.1453125 0.134375 0.078125 0.15
0 0.2328125 0.115625 0.0859375 0.1578125
0 0.425 0.1015625 0.0875 0.15625
0 0.5140625 0.096875 0.0859375 0.153125
0 0.6171875 0.096875 0.08125 0.1453125
0 0.4375 0.3171875 0.0875 0.153125
0 0.33125 0.55 0.090625 0.1796875
0 0.328125 0.78125 0.0953125 0.2015625
0 0.2234375 0.7890625 0.0859375 0.1703125
0 0.3203125 0.315625 0.0828125 0.15
0 0.125 0.5640625 0.090625 0.1796875
0 0.534375 0.3109375 0.0953125 0.1484375
0 0.440625 0.7609375 0.0859375 0.18125
0 0.43125 0.5421875 0.08125 0.1671875
0 0.534375 0.528125 0.0953125 0.1625
0 0.7015625 0.0953125 0.0734375 0.1484375
0 0.6328125 0.5171875 0.0953125 0.1625
0 0.64375 0.74375 0.0953125 0.1796875
0 0.721875 0.3 0.090625 0.1671875