0 0.85234375 0.033083790877931465 0.1078125 0.05687723477649361
0 0.625 0.05129239363184709 0.1375 0.09611245159900636
0 0.51328125 0.059236182957654426 0.1328125 0.1132726805217675
0 0.3828125 0.07332088797450634 0.1265625 0.13042381908544903
0 0.6625 0.2624480622497579 0.153125 0.2180783551898026
0 0.86328125 0.5245536733914887 0.1640625 0.25251698770335984
0 0.92265625 0.7983366070365142 0.1546875 0.25558744554888213
0 0.80859375 0.22736051082370218 0.146875 0.21335449375348406
0 0.5390625 0.2812611738824681 0.1609375 0.21343630698520064
0 0.78671875 0.8202019957965876 0.159375 0.25248971662612085
0 0.7359375 0.5425628091264999 0.15 0.23524767447164335
0 0.60234375 0.5542855834251926 0.165625 0.23221357806243947
0 0.27734375 0.09692603873663215 0.115625 0.1287976865718917
0 0.47578125 0.5683930143397437 0.165625 0.23221357806243947
0 0.52734375 0.8554117461893711 0.1703125 0.2541158491396785
0 0.3015625 0.3205044393023662 0.1609375 0.23687380698520064