0 0.006789231598147152 0.8347217564101408 0.013578463196294304 0.17256851282028157
0 0.04906662283064151 0.8619242653014808 0.09813324566128302 0.16366870181924548
0 0.13569955811006107 0.885567280602962 0.10622438296032674 0.17177230024766893
0 0.3220715516999203 0.9167070416659151 0.10615160835322088 0.16658591666816988
0 0.4220886683253088 0.9280565913968555 0.10444355913900912 0.14388681720628896
0 0.5217975698968853 0.9362993347795723 0.0992466368892682 0.12740133044085553
0 0.35168208478408153 0.703022416044488 0.10600605913900907 0.16708480024766903
0 0.2717378354032541 0.45267135152879534 0.12116017824559702 0.19117727171162174
0 0.2914661002904503 0.21400911186787752 0.1177098465663966 0.2175214478903042
0 0.18249136062953247 0.20032113937046753 0.10680657981717365 0.18427230024766902
0 0.2400361093911874 0.6962565316364191 0.10429800992479743 0.16388702564056318
0 0.060438616420500725 0.4169927549623987 0.11193072745980874 0.19386562406898658
0 0.4573862752307877 0.7196898393276863 0.11360023531769166 0.16276117328319833
0 0.4034010200589919 0.2481915208830522 0.10738877667402047 0.19677230024766904
0 0.385599128207325 0.47911403515107587 0.10197353060296192 0.18092897642635145
0 0.4809651321362664 0.4992146734880861 0.1158904813887501 0.1784589478903042
0 0.6122770206826736 0.9416439602963009 0.08958053846084475 0.11671207940739806
0 0.5808730868509961 0.5226586356464139 0.1158904813887501 0.17845894789030403
0 0.6096488660062159 0.29146429362813125 0.11661822745980874 0.1940839478903042
0 0.6556225680348586 0.7500623517336831 0.11134853060296201 0.18136562406898663