0 0.4214113498378442 0.011575873477942098 0.11030230032431158 0.023151746955884196
0 0.45045614732278205 0.16060420740716747 0.1441160129856435 0.21147911818710816
0 0.6251213620160041 0.3889689681580132 0.16653648376465036 0.24451475879399168
0 0.686082586855496 0.6507995463373627 0.16858990746575647 0.27276730455162623
0 0.8107377134787015 0.615659658605417 0.15074784253094825 0.23386430121764618
0 0.5744800284102143 0.11693434255403919 0.1440614659077429 0.2083541181871082
0 0.8687583137202874 0.3308543528458429 0.15718875730360046 0.2453119842481845
0 0.32822659131642756 0.19086527650266125 0.1534364659077429 0.2091193927329154
0 0.5516394030081202 0.6656747314939327 0.15250125730360065 0.24492934697528082
0 0.49128215016545107 0.413936630435766 0.14285352191409723 0.22853907242947358
0 0.37935884862332353 0.4347749021066353 0.15686147483619656 0.22656198424818438
0 0.2611719103117208 0.4569046068080427 0.15686147483619656 0.22656198424818438
0 0.3104962057680637 0.7150042781696511 0.16190353084255094 0.24725712152108806
0 0.1001873660731939 0.24926693423848612 0.1538182954530476 0.23099439273291544