0 0.9529489622432028 0.86171875 0.09410207551359448 0.1328125
0 0.9391096623358701 0.6484375 0.12178067532825984 0.128125
0 0.9340476509031246 0.5359375 0.13190469819375075 0.125
0 0.9283953624285374 0.43203125 0.1432092751429252 0.1171875
0 0.7429762838348999 0.69375 0.19833335099579194 0.13125
0 0.49555319072847437 0.85703125 0.22867561542376222 0.15
0 0.23552591550073093 0.90546875 0.25523811542376224 0.15
0 0.25455122321261203 0.98046875 0.21073909255827142 0.0390625
0 0.776411321128361 0.8234375 0.19041172359113023 0.128125
0 0.7221503739461006 0.5671875 0.19391866950744613 0.1390625
0 0.22237609635610447 0.775 0.23944942431676958 0.1453125
0 0.49180565343501337 0.72734375 0.22549605172143128 0.1484375
0 0.4768031576113646 0.6109375 0.20959823320977708 0.140625
0 0.9151736545313216 0.32265625 0.15845239546082937 0.1078125
0 0.4673785391923776 0.49765625 0.20965279691210786 0.1421875
0 0.2023636636018144 0.5375 0.24753474282842386 0.153125
0 0.688085364875608 0.35234375 0.21417660580511538 0.1375
0 0.18854172186184964 0.41015625 0.2540575613400781 0.1609375