0 0.9230651114032918 0.25432357756893526 0.12024441286711748 0.1697127137039529
0 0.6045546775897572 0.11383021087887776 0.34687869046151915 0.2236100768875074
0 0.20444885642891436 0.10321020918139712 0.3872668921211931 0.20642041836279423
0 0.9413568605780993 0.07329149932263146 0.1120767153566284 0.14658299864526292
0 0.9073655659627509 0.4512395211465002 0.1229909045687478 0.18541960085908263
0 0.18911616389280278 0.2974570969023537 0.366480795440541 0.21529960990419417
0 0.603734770946417 0.2889563636378397 0.3451977912913561 0.22196568973237768
0 0.5967949188671803 0.4729628714397559 0.32116829544054115 0.21292488240543134
0 0.5909206593194106 0.642906879241672 0.32116829544054115 0.21292488240543134
0 0.1814579518601666 0.6639894996613157 0.3629159037203332 0.22681031999010237
0 0.8536663452075377 0.7902134899388357 0.13657980788809568 0.17990658525525038
0 0.17769202789514066 0.8615229189286211 0.3553840557902813 0.23823914292088091
0 0.8322980628392512 0.9181713936023087 0.11927206348717298 0.07472776232447202