0 0.6822521008893984 0.8750184252753165 0.24661593671876342 0.1492020009180841
0 0.333405077211875 0.9104923792278179 0.2707968893637168 0.13718023304023674
0 0.08392361881113962 0.874793092723217 0.16784723762227924 0.14416381455356592
0 0.7322205507623414 0.7379809398191842 0.246221094568919 0.19582190940281485
0 0.10860437137138837 0.7536037478739681 0.21720874274277674 0.2084175042520638
0 0.3809618876505141 0.8148611437716855 0.28444913666229377 0.21138300758604353
0 0.4366721033084728 0.6726897481638321 0.2652441103539345 0.20203995849442932
0 0.4886202821347284 0.541710944071248 0.2652441103539346 0.20203995849442932
0 0.1778563583583831 0.4706639599922413 0.3113756577089811 0.21980128546583083
0 0.8114809294615402 0.4718140637561682 0.27122109456891896 0.1978626415249675
0 0.23420361084804467 0.317555064384388 0.32138769454068405 0.23150406001163804
0 0.8483046372269911 0.3335169672399293 0.2662605787839034 0.1927925042520638