0 0.9016425062089178 0.12217860828703864 0.1737879284886102 0.1067487015966055
0 0.9015311937813838 0.20996510976991342 0.1772955657615139 0.11156353558899426
0 0.8967645901381432 0.3931914452451769 0.15698306576151388 0.11073586463846716
0 0.8882827972554466 0.49709769524517694 0.15685552000387942 0.10917336463846716
0 0.8789559814939327 0.6017533617470797 0.15647288273097573 0.10448586463846717
0 0.6872460689263159 0.3768157342570313 0.1788580657615139 0.11162720258518863
0 0.4470670922641752 0.24631651486592868 0.20526106909549374 0.12983337452429894
0 0.21012507271933772 0.22020104794628398 0.23000597758022465 0.12772704646340918
0 0.21820825287493792 0.11157546444818678 0.19617311151914843 0.11389003954332697
0 0.6980556363548198 0.26359815125322567 0.17248052000387942 0.10981003460041112
0 0.46218126454386754 0.06116026486592867 0.20376247091226496 0.09239704152049333
0 0.6739014328613603 0.49228156676654533 0.1732457945496865 0.11918503460041112
0 0.20362036801793032 0.3382971319386727 0.2142534318225901 0.1255278765014653
0 0.4423002307450267 0.35272568235641466 0.20188097758022466 0.1265810405319102
0 0.44048302604361933 0.4710127673373866 0.18899834030732113 0.12138420456235507
0 0.8647981445205914 0.6983736937623022 0.151657836973341 0.10273236364988403
0 0.43877739164565366 0.5783305188202613 0.188998340307321 0.12138420456235507
0 0.1914240305855472 0.5549262164253531 0.22232102333785925 0.1289712114824372
0 0.6475468716417743 0.6903052312912819 0.19355829454968648 0.12001270555093821
0 0.18523819027822608 0.669116050417742 0.2292087521260319 0.1370383794672147
0 0.6359400787590778 0.7940841472988931 0.20398561151914835 0.11420837452429886