0 0.9594063950759919 0.9525356261535632 0.0811872098480162 0.09492874769287347
0 0.9725512512605079 0.8500018229420474 0.05489749747898429 0.1167054410852714
0 0.7707030720829691 0.9002464450904413 0.21953623986054147 0.15872985965300898
0 0.4516524233238063 0.9199142338824293 0.2523158888718056 0.16017153223514136
0 0.18221972629001343 0.8485352344222964 0.2586751495154674 0.18457046884459274
0 0.7403050139209818 0.9745737075858258 0.20924359604505707 0.05085258482834831
0 0.7974626780153834 0.7712994247323756 0.21550430372251164 0.1678044710040611
0 0.2066902125442586 0.7202192697397567 0.26626912822814397 0.1819461165928395
0 0.4839736144055145 0.8149855613787388 0.2505348675844822 0.17938232109634605
0 0.5248503506597595 0.687720956967517 0.23447282500983527 0.1721310255998528
0 0.5610777917414678 0.5718246491325226 0.23447282500983527 0.1721310255998528
0 0.27100481277668964 0.4832385063215215 0.2727376495154674 0.18547163479143655
0 0.8378698846844317 0.5483415885197511 0.2372700430788502 0.1676437846991515
0 0.3050141899964274 0.3578670689368778 0.28131497402109956 0.19690978253968333
0 0.8623785757661399 0.43169430906238676 0.24642652179152655 0.16511956199704758