0 0.0703125 0.1515625 0.08125 0.15
0 0.153125 0.134375 0.0859375 0.1578125
0 0.325 0.1015625 0.0859375 0.15625
0 0.421875 0.0953125 0.0859375 0.153125
0 0.5203125 0.0921875 0.08125 0.1453125
0 0.334375 0.3125 0.0859375 0.153125
0 0.240625 0.5578125 0.1 0.1765625
0 0.2453125 0.784375 0.0953125 0.2015625
0 0.1421875 0.79375 0.0859375 0.1703125
0 0.2265625 0.3203125 0.0859375 0.1484375
0 0.053125 0.575 0.090625 0.1796875
0 0.44375 0.30625 0.0953125 0.1484375
0 0.35625 0.771875 0.0953125 0.1875
0 0.340625 0.5453125 0.0984375 0.175
0 0.4515625 0.528125 0.0953125 0.1625
0 0.6125 0.0828125 0.08125 0.153125
0 0.5515625 0.5125 0.0953125 0.1625
0 0.559375 0.7484375 0.0984375 0.19375
0 0.63125 0.3 0.090625 0.1671875
0 0.6671875 0.7359375 0.1046875 0.1984375
0 0.7296875 0.29375 0.0859375 0.1765625