0 0.13083693114108116 0.07353565908752899 0.11792386228216234 0.14707131817505797
0 0.21911818114108117 0.07178481669218323 0.12261136228216232 0.14356963338436646
0 0.4018579065339753 0.06649779741481132 0.12246581306795061 0.13299559482962264
0 0.5005137303552928 0.069179787034688 0.12290246071058561 0.138359574069376
0 0.6032213533908222 0.07249977591312728 0.11694355913900907 0.14499955182625457
0 0.38248513006484264 0.2630677554000264 0.12363020678164434 0.17658635771838496
0 0.2527399338271683 0.5023915350575217 0.1421276497095497 0.2054116946765232
0 0.22842710028594104 0.7366365424718955 0.14478176881613763 0.22891286167271757
0 0.12017795264330591 0.7316545652093085 0.12755572745980875 0.1939011917107738
0 0.2702205705115487 0.2559011956279254 0.12177660835322088 0.1702726907221906
0 0.0715070504525568 0.49333882311797383 0.10619014970954976 0.20394735376405232
0 0.4955673269216895 0.2709837316740302 0.1328596575674325 0.1738433596955513
0 0.34356194871436446 0.7382070182516076 0.1424915227450791 0.2132241946765232
0 0.35764575764848583 0.5028133463124973 0.14198210049533805 0.20228669467652338
0 0.4749424195591446 0.5003820715979181 0.1366396290313853 0.18803319368794008
0 0.6991524375512219 0.07562014078014975 0.11508996071058579 0.1512402815602995
0 0.5797754687733564 0.4992413828528939 0.1366396290313853 0.18803319368794008
0 0.5566805328747643 0.7428295567691704 0.1460531703877141 0.22272652866891213
0 0.690627269849595 0.2912140241459257 0.13060795285270288 0.19246602570316254
0 0.6695080186067406 0.7452767830431742 0.15408399420903188 0.22773236364988386
0 0.7926991920993359 0.29801316939329026 0.12948210049533806 0.20177735870696817