0 0.0921875 0.1484375 0.0859375 0.1578125
0 0.26875 0.115625 0.0875 0.15625
0 0.359375 0.1046875 0.0859375 0.153125
0 0.4640625 0.096875 0.0859375 0.153125
0 0.26875 0.321875 0.0875 0.153125
0 0.16875 0.5578125 0.1 0.1765625
0 0.175 0.8 0.0875 0.175
0 0.08125 0.8 0.0859375 0.1703125
0 0.1671875 0.33125 0.0859375 0.15
0 0.3703125 0.315625 0.0953125 0.15
0 0.2765625 0.790625 0.0953125 0.1875
0 0.278125 0.55 0.0953125 0.171875
0 0.3828125 0.540625 0.0953125 0.1625
0 0.5515625 0.0859375 0.0859375 0.14375
0 0.4875 0.5234375 0.0953125 0.1625
0 0.4875 0.753125 0.0984375 0.19375
0 0.559375 0.309375 0.09375 0.1671875
0 0.590625 0.7453125 0.1046875 0.1984375
0 0.659375 0.296875 0.0859375 0.1765625
0 0.7046875 0.734375 0.109375 0.1984375