0 0.14281234784487312 0.915430442626431 0.2083541181871082 0.15324132325581416
0 0.1140014348182143 0.816202398209672 0.20341152667183912 0.14981593460686646
0 0.09372713279131883 0.7005180390180883 0.18745426558263767 0.14981593460686646
0 0.3747477451197164 0.8737492921004073 0.20353907242947358 0.15137843460686645
0 0.6586126910271322 0.9249538406053903 0.2348846672787225 0.15009231878921944
0 0.876262318757138 0.8776156832133655 0.12579670970237727 0.1510594571244006
0 0.4050573852675579 0.9553848141565158 0.19837334030732112 0.08923037168696837
0 0.3486472439117684 0.7605588772332975 0.20248675546001182 0.1575283050572171
0 0.86266181754919 0.7652263047434502 0.1721295757634536 0.16646321406423076
0 0.6283986457285395 0.8161823257198246 0.2279969384905499 0.1653803778516063
0 0.5993006902782261 0.7012291517534163 0.2168043469752808 0.16155447100406112
0 0.07633220976272036 0.6051962446013291 0.15266441952544071 0.14442752775932136
0 0.5607001890702781 0.5872377004891118 0.216804346975281 0.16155447100406092
0 0.8181457693756595 0.5409086227574773 0.25232725879399176 0.17781982109634614
0 0.3068257610407098 0.5513352691214479 0.22305434697528082 0.16195498920265833
0 0.7905465410465288 0.4268368283407183 0.26077748758216435 0.18613296884459274
0 0.2742201683174927 0.4408693360557409 0.22879416394474267 0.15610550740125556
0 0.7575263601420226 0.30220826572536186 0.2627226248550681 0.19092059839424208