0 0.09129454734309853 0.9279972140920382 0.1630677185732179 0.14307835518980241
0 0.3865906218487307 0.9153461814055304 0.20990986758448216 0.16521697560311138
0 0.5481290553888701 0.9058161244203298 0.20173673466476139 0.18234993344863354
0 0.7390871911585827 0.8664394861512357 0.1961751495154674 0.1698226623713949
0 0.3294600909261517 0.6267336541799713 0.24350860744502345 0.31066583098930567
0 0.10675274455211836 0.25326992486442673 0.21350548910423672 0.3590851502711465
0 0.14311839934024043 0.6559313165513663 0.24161832551403836 0.3059692406302261
0 0.5138950750867097 0.591299627347196 0.2575711074450236 0.3107476442210224
0 0.27287549924369536 0.21863532874981054 0.2695683628929052 0.3483021863755
0 0.46479520147326825 0.18784335012163697 0.26524149581262607 0.3310965056573407
0 0.8760462417790013 0.8398719200908488 0.13952095792955604 0.14137949980360814
0 0.6604736882317166 0.17030535041622458 0.2652414958126261 0.3310965056573407
0 0.8501710646951496 0.5174974712223169 0.25027205967459665 0.3403806020665446