0 0.1987920560063544 0.01872125626820616 0.17883411201270882 0.03744251253641232
0 0.14072223173605541 0.13582017656389272 0.17863528896022585 0.12388744404836297
0 0.1175086485373027 0.2388913522698556 0.16287392126547412 0.11562030298213619
0 0.09966835795222377 0.33633465360263914 0.15815914772652379 0.11392141066226813
0 0.36234781574558705 0.15985575547678335 0.17707278896022585 0.12384197994174029
0 0.6161625624991762 0.10244510609728633 0.2023455243497292 0.1401944056477032
0 0.8685023583592608 0.13965663493103467 0.199029609577077 0.12916597743445785
0 0.3849028798696163 0.06383856182413178 0.17233074188232517 0.12058058762187225
0 0.33695412378053635 0.2723701273426803 0.1740568831160271 0.13000105172849494
0 0.8375990060857846 0.24998638117011093 0.21325575081077908 0.13895015439406194
0 0.5897967057614731 0.2040447100164946 0.1991932508107789 0.13854097743445787
0 0.5666240328711459 0.30945963572245744 0.18661143019392784 0.13348976458147632
0 0.07723602475347105 0.4393830972552907 0.14099892126547414 0.1149838054894186
0 0.5318826144450455 0.4238092922280905 0.18661143019392804 0.13348976458147632
0 0.774120707383031 0.4644413377548863 0.21958757142762994 0.14381951082055267
0 0.2934337690714282 0.46592155054136075 0.19124438311602718 0.13050115690134448
0 0.7470690580316541 0.5715324237274059 0.2259466655834313 0.15025136724704352
0 0.2625167800284768 0.575470046780437 0.1990023360381265 0.12760347743445788
0 0.7099020689887026 0.681262776392973 0.2276182597392326 0.15654683135366626
0 0.2391531923654972 0.6699474724863999 0.20689665665497756 0.13251829796757128