0 0.075 0.1484375 0.0875 0.1578125
0 0.234375 0.115625 0.0875 0.15625
0 0.3359375 0.1046875 0.0828125 0.153125
0 0.4296875 0.1 0.0828125 0.153125
0 0.2265625 0.3296875 0.0875 0.153125
0 0.1375 0.559375 0.1 0.1765625
0 0.1375 0.803125 0.0875 0.175
0 0.1328125 0.3359375 0.0859375 0.1484375
0 0.3359375 0.321875 0.0953125 0.1484375
0 0.2453125 0.790625 0.0953125 0.1875
0 0.2359375 0.55 0.0984375 0.171875
0 0.3390625 0.54375 0.0953125 0.1625
0 0.5296875 0.0890625 0.0859375 0.14375
0 0.4515625 0.528125 0.0953125 0.1625
0 0.45625 0.7625 0.0984375 0.19375
0 0.5234375 0.309375 0.090625 0.1671875
0 0.5609375 0.753125 0.1046875 0.1984375
0 0.63125 0.296875 0.0859375 0.1765625
0 0.66875 0.734375 0.109375 0.1984375
0 0.7234375 0.2890625 0.090625 0.18125