0 0.8436215674111768 0.029358260781312907 0.1690068651776464 0.04100790268936259
0 0.891341975807179 0.16279801678863076 0.17013702564056316 0.09880222135581711
0 0.8976946755595099 0.2613627861234488 0.16686647642635144 0.09564085868872621
0 0.904792238008288 0.3607178961250397 0.15600175103345748 0.09707608935390813
0 0.6651240781645438 0.16954581409131397 0.16381425103345731 0.0971669960216354
0 0.42287026571576564 0.0674544133911337 0.1926669971045158 0.11311926002545339
0 0.17873712200207198 0.08962721602481703 0.19044952564056317 0.09903857869190794
0 0.6569905545908952 0.07565036342295042 0.16381425103345731 0.09716699602163537
0 0.6740195810600278 0.280646946093223 0.17838617328319833 0.10826812802354428
0 0.19068485029045024 0.20232721069381693 0.2049486732831983 0.1085772106938169
0 0.4325470186112498 0.17856463605981543 0.19103172249741007 0.1115385786919079
0 0.4413697468996281 0.2912282680617244 0.17838617328319833 0.10826812802354438
0 0.9131975893321954 0.465559937460176 0.13568925103345747 0.09683973201781733
0 0.4632554013666888 0.40873394139876973 0.1782406240689866 0.10514312802354442
0 0.2175426410276066 0.4144732220321349 0.21134422249740997 0.1117749360279987
0 0.6848349948327135 0.48478955342931374 0.1827825748547749 0.10207267202418073
0 0.22447538358400848 0.5341499227004984 0.2163955955329393 0.11964198002863498
0 0.6998178318885974 0.5826730700986318 0.19201202564056316 0.09905676002545345
0 0.2476880976043631 0.6399459367043164 0.2046575748547749 0.1023272106938169
0 0.7101495562480343 0.6797207927673135 0.1984075748547749 0.10225448535963508
0 0.7133772560003653 0.7782491994350409 0.19201202564056316 0.09905676002545327