0 0.0453125 0.16875 0.0859375 0.1578125
0 0.2 0.121875 0.0859375 0.15625
0 0.29375 0.1140625 0.0828125 0.153125
0 0.390625 0.1015625 0.0859375 0.153125
0 0.2015625 0.3375 0.0859375 0.15
0 0.0984375 0.5703125 0.1 0.1765625
0 0.1140625 0.803125 0.0875 0.175
0 0.1109375 0.346875 0.0859375 0.15
0 0.3078125 0.328125 0.0953125 0.1625
0 0.221875 0.790625 0.0953125 0.1875
0 0.2046875 0.559375 0.0984375 0.175
0 0.3125 0.55 0.0953125 0.1625
0 0.490625 0.0859375 0.0859375 0.14375
0 0.425 0.528125 0.09375 0.1625
0 0.425 0.7625 0.0984375 0.19375
0 0.503125 0.315625 0.090625 0.1671875
0 0.540625 0.7546875 0.1046875 0.1984375
0 0.596875 0.3 0.0859375 0.1765625
0 0.6421875 0.73125 0.090625 0.1890625
0 0.690625 0.2890625 0.090625 0.18125
0 0.784375 0.284375 0.0859375 0.1765625