0 0.2918358490125509 0.06385687767188467 0.16492169802510181 0.11552937476889077
0 0.44574209901255096 0.06833509217421876 0.15398419802510185 0.115211126022532
0 0.5921362376614988 0.07727348614343944 0.15614747532299766 0.1246315901291547
0 0.26403672578442305 0.29932536473976096 0.1911208574935407 0.2566544799417402
0 0.10570709823735855 0.6152134745314639 0.15153672578442307 0.2960519490629279
0 0.09508498302879517 0.8753553526655671 0.08463342072720588 0.10383570533113406
0 0.12729818938722848 0.2828699874635877 0.18945822794389136 0.25504651583511767
0 0.4323757156053903 0.32215877414838784 0.20961004163898184 0.27746708511458973
0 0.20394884330011304 0.8948986260225322 0.17051036397194572 0.129728267088759
0 0.22848326418420242 0.6328221748480332 0.21403672578442307 0.297870513327835
0 0.39614113355481895 0.6571953522033486 0.20961004163898184 0.2774670851145899
0 0.7374685240586933 0.09397891600603744 0.14829540252860857 0.099449733702664
0 0.566303439230345 0.6598071898252209 0.20648504163898185 0.2773761569013445
0 0.5200139342930995 0.9273079607414104 0.18501295496493206 0.14538407851717922
0 0.730091324796974 0.36825149030007454 0.20854818938722844 0.285234121007967
0 0.6944830081672227 0.9336465404457238 0.19857480721668547 0.13270691910855242
0 0.8732603338962726 0.37553645605604985 0.1983115962347739 0.29585337226160835
0 0.8515643229420474 0.9368146560434145 0.1844121776670363 0.12637068791317105
0 0.9583713093761539 0.3862813909332128 0.0832573812476923 0.2950062746106063