0 0.894222185284983 0.11938256032858782 0.09829953163466172 0.1532192584375205
0 0.7399020998097197 0.10385178564899851 0.12667919961943924 0.16045140507947592
0 0.6461202663116223 0.09979671350914718 0.12349053262324468 0.15877977767481416
0 0.5519073512925943 0.10430810951813038 0.12087486859279988 0.1711706502701525
0 0.8031700568435326 0.2971950470817439 0.12399986859279996 0.17127977767481414
0 0.939519415779056 0.5168676847380247 0.12096116844188813 0.20000497840045367
0 0.9669752302655177 0.731775922124153 0.06604953946896472 0.19378969473518967
0 0.8918505548663662 0.2909301781146027 0.1239362015966055 0.16971727767481415
0 0.6997731428130877 0.306066560876742 0.13225803756616053 0.18249009618646853
0 0.9082885687437117 0.7517858325611064 0.14271537650146512 0.20937997840045347
0 0.8473033533069417 0.5187352303841882 0.14226970752810467 0.19844247840045348
0 0.7555615222803025 0.5264534719466677 0.13225803756616053 0.18249009618646853
0 0.4561637697716635 0.10954619182478276 0.12211903361182799 0.16341271397248333
0 0.6494070227745941 0.5250868901881696 0.13544670456235508 0.18416172359113006
0 0.7026752387056556 0.7602084238534335 0.1477212114824372 0.21735616950744613
0 0.5056066487445867 0.327371098085385 0.13407520555093821 0.1887946598887993
0 0.5924380756637939 0.7735219009879426 0.15416221247102052 0.22226192431676955
0 0.4043306502274615 0.3308557074338794 0.1297060405319101 0.1964434687818067
0 0.4864281561961416 0.7565576010806099 0.15046420950527092 0.20809029691210768
0 0.309431985702725 0.33768357159169715 0.13614704152049334 0.20134922359113022
0 0.21928448817418297 0.34623762685650755 0.12970604053191012 0.1964434687818067
0 0.1927843606841345 0.1362351442797027 0.10949169961943914 0.15985120435383648
0 0.11307961463846719 0.15217511360966363 0.10780186562705038 0.15667164065150557