0 0.9370665218664808 0.729422503477882 0.12586695626703842 0.2336454998588257
0 0.8456156474088873 0.7799523954724347 0.16614984618305506 0.22886699459715382
0 0.7239258665889337 0.8160935637753468 0.16132564514629594 0.22703147881213823
0 0.9077090869467582 0.4575320929263034 0.16431394410953643 0.2256509893354819
0 0.9266581192273143 0.12722244514067502 0.14517296484472197 0.25444489028135003
0 0.9703103744111108 0.42412878774933616 0.059379251177778515 0.214744310438639
0 0.776341509755462 0.4997335454300824 0.1783176555138885 0.2435665314288567
0 0.8213451941095367 0.1704562981315055 0.18763386691824024 0.26120905773721603
0 0.7036300138079625 0.2071512032802379 0.1783176555138885 0.2435665314288568
0 0.6026461888792576 0.8569222320782586 0.1619312378889811 0.21618498407381007
0 0.5758364959474994 0.2632786478915091 0.18144265551388833 0.24374854195220044
0 0.5108684409519906 0.04916002388928483 0.15923688190398125 0.09832004777856966
0 0.5259306981155544 0.5724254057134297 0.18056366069768473 0.2514700366905286
0 0.3666885054666202 0.07193315408036952 0.17277170160240712 0.14386630816073903
0 0.3996607240345358 0.6190413424321932 0.17370806795499955 0.2619525103821694
0 0.24028183034884237 0.10771597653423819 0.18202912441111074 0.197146557737216
0 0.27909394580648017 0.6590432581042693 0.18050487210203653 0.26856653142885667
0 0.16287291498652642 0.6948659079913299 0.17370806795499952 0.2619525103821694
0 0.25987221998203525 0.9240004001694093 0.13648288708777753 0.13853042093374768
0 0.17546782568421113 0.9375539369305249 0.08654167568342572 0.11852175782192056