0 0.7797565590480093 0.070854870106586 0.13423688190398125 0.12487382535009013
0 0.6867878090480094 0.06977308076063204 0.12954938190398124 0.12481928134945379
0 0.5942585564561111 0.0726066320814508 0.13023288708777764 0.1326317813494538
0 0.8264675893023152 0.2520508734484038 0.13704881508027747 0.1748556440165447
0 0.9163626915641213 0.4759798167965849 0.10302512959490713 0.19631247334499946
0 0.9227323943443068 0.6981548088000847 0.05118922752138886 0.1925874893379998
0 0.8990944450044911 0.24429346479149427 0.11462701093324057 0.16835110534690845
0 0.731487279971482 0.26502249343567713 0.14921662441111075 0.18904541335136277
0 0.8732990308664366 0.7179127781269488 0.1484155420360181 0.21557155068427178
0 0.8427201400089824 0.47746904411994906 0.1565602327051848 0.20161813868554462
0 0.7499858358619453 0.4826463454407678 0.14921662441111075 0.18904541335136282
0 0.485528105419352 0.07290552940004238 0.12581878916129607 0.13570223734881748
0 0.6344585806781491 0.4891225174251776 0.14921662441111075 0.18904541335136288
0 0.6689437215356032 0.7296117047660408 0.16302484618305507 0.22198518268618095
0 0.5171807721957876 0.2742594914067239 0.14792752648462937 0.19215223201781734
0 0.550867664796668 0.7384043547501324 0.16982165033009214 0.22830790802036277
0 0.408001261828195 0.28862997939208823 0.14392353166842559 0.19991018801718105
0 0.4372152679069458 0.7323896174013151 0.16546634099925886 0.21420904535327184
0 0.3145540581995376 0.29301694004613427 0.1508570368522218 0.20779541335136278
0 0.21512069472166723 0.3121931066995439 0.14392353166842556 0.19991018801718105
0 0.20371217742685205 0.11185675202895322 0.11148288708777754 0.1324136053469085
0 0.11613426498574098 0.12960677868395376 0.10665868605101828 0.13079656134627213