0 0.9319526290292591 0.18463436662087931 0.1360947419414817 0.11450776385373888
0 0.942645412723935 0.28258171504930274 0.11470917455213012 0.10611306699689198
0 0.9499397943450922 0.38038351426351447 0.10012041130981544 0.11050946856846862
0 0.7281823715363887 0.14128881926869438 0.18130737153638882 0.11581770678164434
0 0.4689352191800463 0.05062947022109843 0.20349543836009257 0.06705487510244387
0 0.22657206192273147 0.028448293423243464 0.20001912384546294 0.04510710049533804
0 0.7207417269557407 0.07402854466158855 0.1743547425071295 0.07192215756743262
0 0.7362183384073606 0.2420336819651415 0.19632677879370347 0.12741017824559703
0 0.22409090235634244 0.08902192038771417 0.2245884798304627 0.13028262117350248
0 0.4863660184261109 0.12535764247083941 0.21222518086722206 0.1312629243166556
0 0.5019410832235645 0.2233413782028158 0.19632677879370347 0.12741017824559703
0 0.962165683741944 0.4963359999954908 0.07566863251611196 0.10360449710451594
0 0.5219787640907864 0.34565302584545093 0.19632677879370347 0.12741017824559703
0 0.2589907485393976 0.3100621664587727 0.23423688190398123 0.13384426881613756
0 0.7754345377006937 0.4679433645539647 0.20074087672018487 0.1245035020669146
0 0.27702643199851773 0.4361709021907491 0.23804538708777753 0.1418023180303493
0 0.7839879144208786 0.5834955899468588 0.21113157257314796 0.11876292431665565
0 0.3091540097554619 0.5543772466902311 0.22228368605101823 0.13951207195929066
0 0.8019067292183321 0.681588487589494 0.21622917568342573 0.12366874813797324
0 0.8033215491995819 0.7866933645539647 0.21113157257314796 0.11876292431665565
0 0.974034060603541 0.7974982396564085 0.05193187879291798 0.0921575748547749
0 0.9746536419655085 0.8885770039244323 0.05069271606898305 0.08590757485477489