0 0.6734375 0.2 0.05625 0.1484375
0 0.734375 0.203125 0.0515625 0.153125
0 0.7375 0.39375 0.05625 0.1453125
0 0.675 0.3921875 0.05625 0.14375
0 0.60625 0.2046875 0.0515625 0.140625
0 0.7953125 0.1953125 0.0515625 0.14375
0 0.796875 0.3921875 0.0515625 0.15
0 0.6078125 0.403125 0.0515625 0.1390625
0 0.675 0.590625 0.05625 0.140625
0 0.6125 0.5875 0.05 0.140625
0 0.7375 0.584375 0.05625 0.1453125
0 0.8 0.5796875 0.0515625 0.1453125
0 0.8609375 0.575 0.046875 0.15
0 0.925 0.7578125 0.0546875 0.140625
0 0.803125 0.765625 0.0625 0.1453125
0 0.865625 0.7578125 0.0546875 0.15
0 0.74375 0.76875 0.0515625 0.14375
0 0.6796875 0.7703125 0.05625 0.140625