0 0.196028687460176 0.9354522075509347 0.19991018801718105 0.1277169756031114
0 0.1595452001113585 0.8211851744716434 0.20779541335136278 0.13401242739850963
0 0.13557989409608648 0.7085533642649888 0.20628745735199913 0.13869083703942983
0 0.10548276674885985 0.606041442622016 0.19062609468490824 0.13547493344863373
0 0.05483568738063419 0.3487329366700876 0.10268974267981756 0.09746587334017516
0 0.6283395587603138 0.6934526225546083 0.25194540268936266 0.16864195745273883
0 0.5824174367440873 0.5736622973208391 0.23613858935390813 0.15292605386194252
0 0.5280651967297698 0.46788447511213216 0.20932155068427177 0.13089651775758923
0 0.4707879513844522 0.3792759721852659 0.19678518801718106 0.12769879488495217
0 0.8836232113701346 0.6246536673413645 0.23275357725973073 0.15607832493918145
0 0.7639566960534521 0.39816791451269423 0.23295904535327186 0.1482203731437835
0 0.7159453627068617 0.3002389537403057 0.2234931386855445 0.14035333098930575