0 0.05230087060723419 0.7971486097529066 0.10460174121446839 0.12867221950581326
0 0.05938098781838238 0.6755104080932327 0.11876197563676476 0.13227081618646536
0 0.06938584593023192 0.5611402547738849 0.13877169186046384 0.13790550954776962
0 0.07049656539313351 0.45236890601864027 0.14099313078626702 0.13598781203728053
0 0.08556036088962671 0.18390324855010748 0.13206962523071267 0.09552783278320494
0 0.5088176742801754 0.7333195562377105 0.2584504549649321 0.17507546805592078
0 0.510878426901069 0.6031584595570584 0.24348678901808823 0.1599473755244535
0 0.4997883374492421 0.48220641951510207 0.21542234577334834 0.13449708963168217
0 0.47978432295127266 0.3778498836223307 0.20282221622369914 0.131987396270378
0 0.7858913140088575 0.7708008585267289 0.2576494185677376 0.16257546805592077
0 0.7517315692506449 0.5075778854964306 0.23839877081949085 0.1533421780139644
0 0.7446781377260973 0.39713729296496325 0.23164812307124444 0.14505608133331246