0 0.08062742958942917 0.8170258054708335 0.16125485917885835 0.13092661094166685
0 0.08679807323615969 0.6913354744487848 0.17359614647231938 0.13892094889756965
0 0.09757437132939392 0.5696604962002778 0.19514874265878784 0.1455709924005557
0 0.09644094646447016 0.4539627610179167 0.1928818929289403 0.14230052203583346
0 0.1198164482785687 0.15134690729444453 0.17213294954451305 0.10080269984750015
0 0.5839483147138212 0.7423083605604173 0.26833831614940173 0.17329725531833357
0 0.5865971434770945 0.5992850591736463 0.2537847428284238 0.15890744699770848
0 0.573965712621721 0.46841626567066025 0.22634922359113005 0.133289197947639
0 0.5512499536360462 0.3576417666205908 0.2122321598887993 0.13139938962701408
0 0.8512176602673174 0.7461834686522925 0.21148811542376222 0.15480052203583358
0 0.833740016705405 0.485408969602223 0.2504414880191003 0.15258471181534752
0 0.8309647354872117 0.36337031544191045 0.24079366950744613 0.14455400626826406
0 0.8166790353945445 0.257483338143334 0.24978672359113013 0.13383471181534742