0 0.009468927083851717 0.7657084329883419 0.018937854167703435 0.2407918659766839
0 0.0766810653254035 0.8123009356876343 0.153362130650807 0.2620767153566284
0 0.19456129499731004 0.8566806655664099 0.18398078813517146 0.27505031203728053
0 0.31397793051492096 0.8876920219953242 0.17921687848024542 0.2246159560093516
0 0.6356619063776059 0.9555810294685013 0.12680243664223276 0.08883794106299732
0 0.2527051108760928 0.2610488568531216 0.22086878293939138 0.3135925937808671
0 0.39815436866976295 0.3262622276036904 0.2008076552154506 0.2934218037389108
0 0.524088801957801 0.4009923083123029 0.17049744234221578 0.26004061867597633
0 0.6256405942803462 0.4762309518833886 0.16627983590559836 0.24417882033565025
0 0.35508098390845666 0.0661759099673325 0.16171303218308672 0.08996491701630238
0 0.6170239730126934 0.1614221680652096 0.17746870818165766 0.2263760136969545
0 0.7418547282084734 0.20700920043349608 0.17576409654926017 0.2464517153566284
0 0.8466625605077758 0.25814749317474467 0.17391737328446552 0.2867215178461394