0 0.0790435043998042 0.9232937209122649 0.13350336729005094 0.12959138939893577
0 0.2226935104499284 0.9467392086393612 0.138118144417414 0.1065215827212775
0 0.36786965506373415 0.9710613478087758 0.13640110831306043 0.057877304382448355
0 0.1502347866935287 0.3749357113693672 0.18146012002052547 0.3193552621279716
0 0.32261832592114015 0.4359045175879833 0.16417262607064967 0.3007647587939918
0 0.4605677778147341 0.5042235671386397 0.13743740924813697 0.2689089809142046
0 0.5899416604264873 0.5687161150223061 0.13577491529826116 0.25159393515657
0 0.21437105132785989 0.09878754167474861 0.16188289734428024 0.17563721303635713
0 0.5202392562465159 0.18941151017111751 0.15789535499341092 0.29556707576345354
0 0.6575392683467643 0.23501053684295664 0.1500283128389331 0.2855543469752808
0 0.7798137232654204 0.31064787881726763 0.13603853571156996 0.29690643515657006