0 0.07094119418223169 0.127412216501554 0.10802204152049333 0.20153257485477485
0 0.19240235870696815 0.11157954714729709 0.11315521049385406 0.21268839867609243
0 0.3113287722431214 0.09961039412797848 0.11953254448624281 0.19922078825595696
0 0.4335393532697607 0.08581649079907358 0.11864120653952134 0.17163298159814716
0 0.7164009328135252 0.060843184865134806 0.08280186562705047 0.12168636973026961
0 0.2379177189339921 0.6331077907371563 0.14443438539871387 0.2531336162111037
0 0.38202054600629864 0.5966522522763116 0.1297352154367699 0.23685364474715093
0 0.4991788711014388 0.5520588821362664 0.10846771049385406 0.2124700748547749
0 0.6093377796946763 0.5085742477281976 0.10789470752810466 0.1984075748547749
0 0.28308427478894144 0.8963504993808276 0.13095020555093823 0.19012419396136265
0 0.5398489279449714 0.8202074146012551 0.12492038144438115 0.23351032092583351
0 0.6553956734963471 0.7936919563718687 0.11841571345960347 0.22696922249741008
0 0.7604850801124182 0.7410506457851176 0.10629771543676991 0.23576202564056317