0 0.9130821811415514 0.7418782693798602 0.10505042740790564 0.21780705547083343
0 0.8055662522633076 0.7833955817845479 0.1541430246489437 0.23143445079743064
0 0.6934856541177583 0.8226782469627771 0.16261062188998174 0.2441162887533334
0 0.5654115637741253 0.869355838052812 0.15850297602842467 0.22529355357097236
0 0.2761952555426679 0.9236855410344441 0.11033106965141819 0.1399002610179167
0 0.7094790620766447 0.26439362148781187 0.1922914778374471 0.27445840539458344
0 0.5621227052246682 0.32166387367201343 0.1742032191310198 0.25687086189159736
0 0.44055092039895916 0.39315962680614547 0.14937363749381408 0.229762848023889
0 0.32995425712454757 0.4487939905976039 0.14542976594251655 0.21406511284152785
0 0.6373085702172451 0.056680532200728925 0.15350785956550989 0.11336106440145785
0 0.38177122116718476 0.11825642467753458 0.16721623473485198 0.23651284935506917
0 0.26069075927225416 0.17730215672576366 0.15948562188998178 0.24404355357097232
0 0.15716961160167484 0.2468171825613193 0.1489575576656305 0.2516014804327085