0 0.09181234355715247 0.9597715894295963 0.18362468711430494 0.08045682114080747
0 0.08639206036367343 0.8560974441822318 0.17278412072734686 0.12552787650146513
0 0.08032058173429775 0.7491789407221906 0.1606411634685955 0.12833454152049323
0 0.06654917457811493 0.6263489357792748 0.13309834915622987 0.12568970258518863
0 0.04609098215386063 0.35313692885919246 0.09218196430772126 0.08752385771838496
0 0.5676589128438956 0.8028742154739511 0.25656042116548716 0.1584332184025194
0 0.5391339389884047 0.6622200405690912 0.23975142946385705 0.14217154844057553
0 0.4939892275804684 0.5443985292003847 0.21309384108157475 0.11927787650146512
0 0.46129697198139114 0.43805568729933053 0.20047544191141173 0.11720604053191011
0 0.8356169300653351 0.7518833543327059 0.2304948286340199 0.14335204646340927
0 0.7685757531002777 0.5093510030401116 0.23627123195336813 0.13735671444818678
0 0.726378442937097 0.3940005756637939 0.22798513527271586 0.1307883794672148
0 0.6791500906573674 0.2933347307969902 0.23641294191141177 0.11867038144438116