0 0.14595763116223595 0.05376699727605918 0.2165058265488231 0.10753399455211836
0 0.1323598778828756 0.1765792894725538 0.22777087516934214 0.12801501139996638
0 0.12813712460351526 0.30546911397818594 0.2295790366347314 0.1328117720436281
0 0.1183194685651929 0.447295981058465 0.1936415366347314 0.1302987772394081
0 0.11491998812575403 0.7564742391042367 0.1542581320667471 0.09173902179152656
0 0.7053779760284247 0.17336327421418965 0.2700336182719372 0.16210578813517146
0 0.6809998530067892 0.3365952477310861 0.25358974672063966 0.14538818169855414
0 0.6347943176152533 0.4723413596155851 0.22744332654882307 0.12176501139996639
0 0.6071340643358929 0.6028700937761432 0.21181832654882307 0.12067240496334897
0 0.9378468990273461 0.20591977605577508 0.12430620194530775 0.13752141535490922
0 0.9062787347348522 0.47656541182548756 0.18744253053029566 0.13673444753799585
0 0.8905142938708206 0.619102473089568 0.2189714122583588 0.13212335719292198
0 0.854552376185395 0.730629834974067 0.2522795522385636 0.12038818169855414