0 0.9545239519347926 0.9667930618367879 0.07500261284152784 0.06641387632642407
0 0.847529069525973 0.9632051979346963 0.13274237765916688 0.07358960413060736
0 0.7131177019347924 0.9564331344475232 0.13906511284152784 0.08713373110495368
0 0.5641717088686466 0.9625871234498611 0.13383209897381948 0.07482575310027784
0 0.24302340748187579 0.9582224533216701 0.09244337955902786 0.08355509335665978
0 0.8457742802039586 0.45246525562229933 0.1801291367772226 0.30064230788809565
0 0.6751351250937156 0.45903179648944825 0.16254159327423637 0.28215241701630234
0 0.5339477338511809 0.49122622200461297 0.1368506090418057 0.250570530293694
0 0.39781086531006987 0.5058662946153485 0.13492443313000013 0.23482713112353099
0 0.8121025693385417 0.1785182701444464 0.15450958130638917 0.2051163203356503
0 0.5273645466371182 0.17487917158969454 0.15618249050069472 0.2769913203356503
0 0.37889133225631955 0.19560330083912575 0.1465892849536113 0.2669059253146721
0 0.2627948599917363 0.23359836307689896 0.1343438580918752 0.276896231953368