0 0.0973613190577505 0.12143354509800934 0.194722638115501 0.1366170901960187
0 0.09700640395494284 0.24578870435383648 0.19401280790988568 0.14157740870767296
0 0.0951982494957969 0.3685267999073328 0.1903964989915938 0.14955359981466554
0 0.0837965737493275 0.4917187632468439 0.167593147498655 0.14593752649368774
0 0.07460511309583054 0.7908383095259797 0.14921022619166108 0.10422125244707078
0 0.6166854834042536 0.2079266720393349 0.2727376495154674 0.17786213828925296
0 0.5942045600035726 0.3614236942718535 0.25758254307885 0.16174606496827523
0 0.55646462336134 0.497941547629898 0.22792789406758568 0.13888891832631992
0 0.5335355857303716 0.613048192457755 0.21531863342392404 0.13688990870767306
0 0.861052842438761 0.21880964145411386 0.1898487398605412 0.1515873257680484
0 0.8468382510852809 0.48928583256110636 0.2525672611478648 0.15689487386128267
0 0.8114092134543125 0.6039559677703163 0.24420845792955603 0.1488095553496283
0 0.7710741545360206 0.7215874118725338 0.2528186334239241 0.1381994375636136