0 0.04684180239490825 0.24801023866168204 0.08260554745199238 0.22585452267663592
0 0.13665637749004844 0.20788413064927352 0.15186488342154753 0.2391545013526355
0 0.25974636760421677 0.15955462396563797 0.16025038638729702 0.25330790802036274
0 0.38830510771838495 0.11116148261459331 0.15428954646340926 0.22200336401972637
0 0.7074570143344561 0.06416885128900204 0.10866402866891214 0.1283377025780041
0 0.26869682813525186 0.7628614373010925 0.19114755931499045 0.2833408533577263
0 0.41780814878176775 0.7009415979471842 0.1717608893530466 0.2674976773551808
0 0.5539738004549231 0.6282297092616396 0.14555121642535304 0.2375192760184536
0 0.673906957070994 0.579155315245095 0.14341571345960347 0.2234385946849084
0 0.35709211916145356 0.956456348623502 0.1485595168059139 0.08137836401972649
0 0.639892690302261 0.8953257552514582 0.14989120653952134 0.1907170013526355
0 0.7510238498840817 0.8604229492361863 0.15285438045579802 0.22511018268618094
0 0.8599558395039584 0.8099133245544596 0.14819605536065766 0.26409995735199915