0 0.029170680121439217 0.28828125 0.038360894391218994 0.1953125
0 0.07293064620024128 0.24375 0.13144915309764624 0.2125
0 0.16866587008095948 0.1921875 0.15858486318355453 0.2234375
0 0.27854548111680744 0.1421875 0.1547228787873868 0.209375
0 0.5577549462910983 0.0734375 0.12175989258219673 0.146875
0 0.22639639868663214 0.7421875 0.18818383197589003 0.2515625
0 0.34791619459361767 0.67578125 0.17025934757972222 0.2375
0 0.4648336996820003 0.59609375 0.15488665309764632 0.2125
0 0.5612273428300238 0.5421875 0.14321216870147851 0.1984375
0 0.3293930031637594 0.9484375 0.13665455223856365 0.103125
0 0.5660464761399664 0.87265625 0.162528734734852 0.2390625
0 0.6603044092020817 0.8078125 0.15702236318355461 0.2234375
0 0.74811094640264 0.72421875 0.1480567989592032 0.23125