0 0.9849921518694554 0.3358755438065775 0.030015696261089176 0.19786064732681172
0 0.9385073155617654 0.28796939384892983 0.12298536887646919 0.21554794724210707
0 0.8405336020792369 0.23251678342440812 0.15900018216314926 0.23015647881213824
0 0.7259849273892646 0.17839915984570687 0.1545727912913561 0.21278696828879456
0 0.43837726099766205 0.09864595748310219 0.1205045219953242 0.15324536831702945
0 0.8621460637108876 0.7743479676535101 0.1875754680559208 0.2582660682605596
0 0.7330729477342037 0.7030505493505981 0.17076647635429065 0.2417310156438411
0 0.607018087981297 0.6202618942018657 0.15492798880184538 0.21747446828879458
0 0.5031109153659171 0.5628750574548673 0.1429248962703781 0.20277493145709152
0 0.788523000023222 0.9604263496894164 0.13700493776222694 0.07914730062116711
0 0.5466063419299892 0.8845551879635943 0.1630723755244535 0.23088962407281138
0 0.4449953751234682 0.8223872943712749 0.15731928299298642 0.2285029735504665
0 0.345869868274991 0.7357224813017998 0.14697377884380156 0.2356784367187636