0 0.9078583166179441 0.9436846798657361 0.08963789462538863 0.11263064026852768
0 0.916655734920856 0.825251868066422 0.08805998407380997 0.15025483363936126
0 0.9300797400413536 0.6756345053393256 0.07832096302712266 0.14323955909355418
0 0.9258289397025352 0.317343773217173 0.06529034200867016 0.10640923879011233
0 0.3609763403660546 0.9491864122777528 0.3040644156720761 0.10162717544449436
0 0.3861268007623414 0.8368926748647663 0.29493161035393445 0.20446332788948532
0 0.421592405854604 0.6592459069869189 0.2826136208772782 0.20656796182840917
0 0.4407658820359064 0.5187324772903606 0.2714185156438412 0.17455268728260193
0 0.11266951606736422 0.6767852537930219 0.22533903213472845 0.18252468394862192
0 0.12206653835888241 0.5211889580353872 0.24413307671776482 0.19681032455550565
0 0.1554569845679203 0.39025769349151973 0.28437354195220044 0.18338555334367826
0 0.47476696864173046 0.2718892992607923 0.2576290314288567 0.17809227546389114