0 0.9263630253637839 0.8319345712055111 0.06490156743868099 0.17564384043361098
0 0.8300328860211102 0.8504979349662054 0.12849128875333343 0.16093608294074063
0 0.6914788790872561 0.8743147267193996 0.12638327488562506 0.13736188190398124
0 0.3531067101093048 0.9078167511777785 0.096295731382639 0.1175770622055552
0 0.9524274836637497 0.2815538623930574 0.08416202013597243 0.26621005183796276
0 0.8355120873872218 0.313613089631622 0.1479699469977085 0.26087729434509227
0 0.674446647607708 0.36668744589944574 0.1524392414506252 0.25191239745537003
0 0.5364193175355899 0.40137338713426035 0.12725740349472242 0.24191268086722206
0 0.6816474306614582 0.08614609420328763 0.13321646276527802 0.17229218840657526
0 0.5396774829981597 0.10819604293097267 0.14448127108590292 0.21639208586194533
0 0.40966202146715264 0.1528367252587971 0.13067334422416685 0.2546860829407405
0 0.3150157898001732 0.46752323331731543 0.128528962765278 0.22954938190398125
0 0.24860104806520758 0.9091632206406487 0.10258209897381951 0.11968636635259244
0 0.29338240482590255 0.19107760197898205 0.12718466831236128 0.23878768086722196