0 0.23916884881817416 0.895867030673136 0.17714092625067251 0.208265938653728
0 0.3781767184963433 0.8958675780155902 0.18662518689433422 0.20826484396881959
0 0.5198014897836668 0.8998289193586807 0.18150064431968732 0.20034216128263865
0 0.855039867255506 0.8522321394414041 0.14512610174504026 0.19996473201781734
0 0.09338827514572126 0.3531437286759996 0.1574946977900975 0.28753745735199915
0 0.22247484160558173 0.34605902936027155 0.20473033070981844 0.2709135786919079
0 0.3804512325710743 0.3502390940483614 0.20563726684784803 0.26155676002545336
0 0.5306151235365669 0.35432825206872415 0.17820068169855413 0.24874767735518083
0 0.3171107263668881 0.09189933537554351 0.1483496547112475 0.13443063868554458
0 0.46271280347041016 0.0865680400620426 0.1723006069408204 0.16437267735518082
0 0.590204018941535 0.10132197807922363 0.1741580378830699 0.19093517735518079
0 0.7632637325710743 0.35469352076699534 0.177435857192922 0.23781017735518084
0 0.9356221927203681 0.8251889287873582 0.12875561455926388 0.1968942760184536
0 0.7135322582978733 0.10119580342931375 0.17706451659574646 0.1878465400222717