0 0.8555055614125806 0.0681109166136388 0.1485111228251612 0.1362218332272776
0 0.7162771180512764 0.05640180462286565 0.1419292361025528 0.1128036092457313
0 0.37456321473192855 0.062106364616502305 0.10887993776222675 0.11835110534690847
0 0.9983945688857577 0.6128190538670062 0.0032108622284845014 0.2614102146721816
0 0.9220213230349426 0.5967406152132784 0.1559573539301148 0.2595942706874535
0 0.7737911908857263 0.5735405672342773 0.17640116971559472 0.24714881468808994
0 0.6235777033332811 0.5518302939210946 0.14924667386477958 0.23902723201781734
0 0.8105271319719455 0.8725956852323684 0.15241829544054114 0.19847495735199913
0 0.6607755857062119 0.8673007525859582 0.16979597220510562 0.24238858935390803
0 0.5302350581118103 0.826595031269912 0.1563254680559208 0.2500374573519991
0 0.3916406191001836 0.5248154499522749 0.15166127884380157 0.22968859468490824
0 0.2786354080932327 0.07573360729631988 0.11536673610255281 0.12154883068109026
0 0.40598041931460943 0.8069285159532293 0.15201647635429066 0.23437609468490841