0 0.23926186854111106 0.02382723782513538 0.21210126291777787 0.04765447565027076
0 0.1805213417556249 0.09524649594281023 0.2313980832062501 0.14460693668674965
0 0.13168183862149288 0.21401981534184525 0.2031276128415279 0.1378660129856435
0 0.06878179511850675 0.5190170068998589 0.1375635902370135 0.10884098620028233
0 0.7509793121203472 0.07904165422593613 0.25345492116215296 0.1528012662320544
0 0.6956534196435415 0.20808031778077254 0.2426265239356944 0.157297851459402
0 0.6301349095755553 0.3388587593387861 0.23325152393569457 0.15713421022569998
0 0.5671238036678815 0.4625650405883742 0.22333101006798622 0.13353306899199796
0 0.8956858679724302 0.404507484178278 0.19226284802388882 0.1408000982129911
0 0.844357144473576 0.5295717138857385 0.22529355357097236 0.15074784253094825
0 0.77013643484243 0.6316075466774542 0.23285148043270834 0.13994671022569988
0 0.475150589952673 0.6562798587695933 0.21402874525034737 0.13649442775829587
0 0.06075043636104144 0.6074209878251354 0.12150087272208288 0.11328302434972919
0 0.7170094752112841 0.7332751866933401 0.22027874525034735 0.13660352191409722