0 0.0546875 0.175 0.0953125 0.1890625
0 0.1671875 0.1390625 0.0984375 0.2015625
0 0.2875 0.1078125 0.1 0.184375
0 0.5984375 0.096875 0.0875 0.1625
0 0.065625 0.675 0.121875 0.2234375
0 0.1953125 0.6546875 0.109375 0.2109375
0 0.3328125 0.6125 0.1140625 0.215625
0 0.4546875 0.58125 0.09375 0.196875
0 0.35 0.8921875 0.1 0.215625
0 0.48125 0.8515625 0.1078125 0.196875
0 0.590625 0.8 0.0953125 0.203125
0 0.6484375 0.51875 0.0953125 0.1875
0 0.6828125 0.09375 0.08125 0.153125
0 0.69375 0.7609375 0.09375 0.19375