0 0.8130809787454618 0.0941946903434929 0.13321304250907637 0.1883893806869858
0 0.6925283982131141 0.08196347159308098 0.13056820357377177 0.16392694318616197
0 0.3748952292397533 0.09182366680454254 0.11494320357377186 0.17688187418757345
0 0.8486392049822845 0.5933478417267599 0.14516921444818678 0.22893529788867967
0 0.6913997079480341 0.5820399691607443 0.15393671939110262 0.2525091655834313
0 0.5669408774156863 0.5709406022767715 0.13840987847863157 0.21632620373287814
0 0.5671359011045014 0.853548550734644 0.1414712114824372 0.21481825081077882
0 0.45173107699794446 0.8118440661559194 0.13072471247102033 0.21931483603812651
0 0.35262105083767137 0.5426731006519183 0.12696304250907656 0.20363528896022592
0 0.28466947726258696 0.1027668952941871 0.10668503460041112 0.16580800649282174
0 0.34034524943134625 0.7864640109603439 0.12715404349765969 0.20832278896022594