0 0.17599710880075917 0.9090053792494313 0.15307483887551349 0.1706229211654872
0 0.3128295190673159 0.9025517018601666 0.17003501834240006 0.1641128120372805
0 0.6969855587216169 0.8389913064149812 0.14741587226160835 0.19046182448483506
0 0.06087428167023521 0.3430270269697017 0.10965511097883725 0.28582094606059655
0 0.19221520988348056 0.3362064966760077 0.2089564290046682 0.3229675937808671
0 0.36091974577685787 0.32185688629840115 0.18902436223247854 0.28092180373891074
0 0.30652043613080415 0.07065373557809926 0.15556334138279587 0.14130747115619852
0 0.46212557845067226 0.08008655124011108 0.16175115690134442 0.16017310248022215
0 0.6246556368430847 0.3175316261259316 0.17441629295300629 0.26110621120744354
0 0.8010365612288993 0.8091835620140586 0.13781355172849494 0.18193892946385698
0 0.5910090963973609 0.0745101348485086 0.16639319279472176 0.1490202696970172