0 0.08117945533113406 0.07352923428557162 0.16035848997087015 0.09669153142885675
0 0.07126254922121246 0.18992777900978233 0.1348871285298145 0.13264444198043535
0 0.0794210078510518 0.5510017869022901 0.1297449874635877 0.11674642619541978
0 0.6310286911453691 0.03130539497832453 0.24643238229073816 0.06261078995664907
0 0.6099386043149198 0.1452497137329944 0.27472251834239997 0.16730641026922993
0 0.5933230688172537 0.30038453476556437 0.2399838054894186 0.15280429451244917
0 0.8873542136444043 0.26604254294042085 0.22440426959604132 0.15345674189573072
0 0.8525653396669363 0.4151926744822171 0.24127352084968265 0.1435202997741211
0 0.5525773630239013 0.5406601952465557 0.22247805674305993 0.1408657366340588
0 0.08933922862159205 0.6498110132247668 0.12483016693047429 0.1086609104104042
0 0.8326058438235714 0.5360890034072947 0.2286371285298145 0.1381047576807463