0 0.07513392005560034 0.06248021360280544 0.10910715988879933 0.12496042720561087
0 0.48597221633473603 0.030032251698043005 0.12180556733052797 0.06006450339608601
0 0.0657241706037545 0.6780062816168326 0.131448341207509 0.3127374367663348
0 0.2211879090861911 0.6304735402547059 0.15664190271722322 0.2890996776670363
0 0.23184263377362962 0.9057343561092648 0.1499504146981227 0.14212454811738695
0 0.39284462115975793 0.8712523272702093 0.15084328130301125 0.2123369185677376
0 0.5242980401190499 0.5221861667220363 0.14612106496827515 0.25568640036914025
0 0.6102455300370668 0.021970625387596178 0.11043155771188111 0.043941250775192356
0 0.5347419444807355 0.8481281030269457 0.15182542794496676 0.2404619185677376
0 0.7223908659719164 0.024856392275746635 0.10127481252120454 0.04971278455149327
0 0.6477082582678845 0.5150571822997398 0.13959824645662094 0.24747338217054296