0 0.9783102191800463 0.2393270219667535 0.043379561639907395 0.22994957995351378
0 0.9142073459002311 0.20757464139282109 0.14032963996249953 0.21945983020561535
0 0.5409756059849998 0.12168750981048251 0.11945121196999971 0.1760704631253362
0 0.980845916164305 0.836633710702673 0.03830816767138998 0.24361859604505715
0 0.8910464331298135 0.7859785108188888 0.16501657313879575 0.27088021857321787
0 0.7366036494351376 0.7247082390273621 0.14448945966092558 0.24925659084927698
0 0.7109562663533778 0.948682426502774 0.14056479434509228 0.10263514699445189
0 0.5720113435446742 0.9096092188253195 0.14345463996249955 0.18078156234936102
0 0.4786654273803693 0.5987420466851463 0.13577884099925885 0.2206945482746301
0 0.43461829924606465 0.1041561663633154 0.10986159849212936 0.1552116599070276
0 0.4493359696992113 0.8847616741569855 0.14128654721981437 0.23039733020561534
0 0.33546789976444435 0.09799936549079521 0.10218579952888866 0.15622785668871889
0 0.3705405690862952 0.5787576925943174 0.12884533581546256 0.2124450056999832