0 0.08368336255718745 0.06240795471472971 0.09825827488562511 0.12481590942945942
0 0.19480270051309023 0.05241221650155399 0.13226959897381954 0.10482443300310798
0 0.5849737588337153 0.028216929488451316 0.10810474715020835 0.05643385897690263
0 0.0394936854111109 0.6197645363939301 0.0789873708222218 0.2479709272121397
0 0.1546030070307634 0.5999528424325675 0.16737456363895858 0.2840582845319034
0 0.31688545469406204 0.5682019205971112 0.15145862290951406 0.27083053846084476
0 0.3073954730270826 0.8753423325077699 0.1436811840799308 0.2049144400324213
0 0.4548887220771521 0.8419390194398193 0.15320296086541685 0.27871581306795046
0 0.5999720180486802 0.4761962413180568 0.1365233007211808 0.23267556699689199
0 0.6911146560601736 0.02447974958796984 0.09996493882958327 0.04895949917593968
0 0.598312720177291 0.7821915301931863 0.14291877108590292 0.2392166654253156
0 0.8009617815351389 0.02924535142860605 0.09222517401194459 0.0584907028572121
0 0.7108004152751384 0.475716744213541 0.13165396276527802 0.22464474317557442