0 0.21065045757634535 0.011954625724946258 0.2275509151526907 0.023909251449892515
0 0.12247974637615604 0.3255901506200555 0.17114116061076282 0.13719511452679142
0 0.8101718386403312 0.06876777509560195 0.2977673045516262 0.1375355501912039
0 0.7552447068274393 0.19038694043829724 0.28670225879399175 0.18321985477852917
0 0.9249993553102307 0.38968543296512004 0.1500012893795386 0.16529680373891073
0 0.6207732094125131 0.4497647082844366 0.24323930121764636 0.16439807718412763
0 0.10707762910713174 0.4258036381725009 0.1531883860649556 0.12651772365499828
0 0.8981655949338379 0.5203560151236251 0.2036688101323243 0.17147687137526865
0 0.10800201350509742 0.5334268840233161 0.13692565727678296 0.11752123195336797
0 0.5977977082045651 0.5631293912727786 0.23804161818710803 0.15779287967363836
0 0.10634353184198682 0.6286685290442942 0.11881338606495562 0.12391294191141178
0 0.9710136148531283 0.24827826034974027 0.05797277029374328 0.15435745850815116