0 0.8377872453246178 0.9479470508391257 0.18653746369925486 0.10410589832174857
0 0.8850678080653551 0.6196536782376791 0.18182269262201595 0.11217180373891082
0 0.3121150796335733 0.8959100315430938 0.2303965480082102 0.13927967801396476
0 0.35120082641211947 0.760529561212088 0.22255677693097126 0.13400018216314927
0 0.11487225190531451 0.5909111877622267 0.22974450381062902 0.12689807718412743
0 0.44245358206946017 0.525150013496462 0.18651019262201593 0.11252700124939992
0 0.9028007296101321 0.5272060691094724 0.15517837939029916 0.0960965178461393
0 0.16527345853289335 0.4760091607925251 0.19593064441741398 0.1210498962703781
0 0.8986586511549092 0.43310087159898336 0.15982042759490156 0.0886392153566284
0 0.4524194554096354 0.4242979085174399 0.183357921544777 0.10760270290907381
0 0.9038370305452087 0.34908106910947245 0.16455337939029918 0.09680691286711748
0 0.0863859101318997 0.7169642022843739 0.1727718202637994 0.13032980788809567