0 0.8322845167175 0.047394491547534404 0.147930966565 0.09478898309506881
0 0.47639753941892354 0.06945459555534705 0.14095492116215294 0.1389091911106941
0 0.9189934685617704 0.5384629818607978 0.1423018284565977 0.2766014804327085
0 0.790196321335312 0.5367758081331938 0.1873597553183334 0.26671864057694455
0 0.6851399197404506 0.8234419663775687 0.17791202013597243 0.26337543502986127
0 0.5119992393633328 0.5127986731589231 0.15669033035645868 0.2238401563445141
0 0.37403560562333327 0.06660300569958319 0.1171173776591667 0.13320601139916638
0 0.5480035956522562 0.8110173144014577 0.16788240349472244 0.23503222948277774
0 0.27650598898208323 0.0966333849742706 0.11097648043270843 0.1384468637914584
0 0.4022241958603468 0.5325319045415622 0.15033122758291687 0.2190071859797918
0 0.18613490890996517 0.12138077146715262 0.11719011284152785 0.13702983415618064
0 0.8274365225139924 0.8154450155801382 0.1686811840799308 0.20225609707395842