0 0.8189463417338217 0.9128365596565071 0.14015334308955402 0.17432688068698568
0 0.47213951942691884 0.9012427203719696 0.13396697560311138 0.19751455925606082
0 0.9047813861277947 0.40255103936067227 0.16552604781181834 0.2544262215897856
0 0.7594007084346975 0.4117333502382907 0.16078400565734086 0.2449694009729347
0 0.6554591387600732 0.14739238635914279 0.15139991529826097 0.2432432597392326
0 0.5005615187395478 0.4494070795420095 0.1355567466803503 0.20547052434972918
0 0.37527360978599844 0.8996098567344077 0.11505334913967839 0.1723034683433749
0 0.5279835785534187 0.16782584293469008 0.14499537919390768 0.21657166558343127
0 0.28321791999265294 0.8753444679363376 0.10724993949875791 0.17372960064862317
0 0.3975001512531051 0.43666952597128705 0.1292885659621911 0.20223643019392784
0 0.19812984768575007 0.8621393100635443 0.11667039129415602 0.181705741882325
0 0.7882807291191529 0.14814813716992167 0.1479385720123151 0.18537621266133195