0 0.9755443911118586 0.7874972021652591 0.04891121777628271 0.20649935079830276
0 0.7079883146745771 0.894963556386422 0.1400871687014785 0.20372186068413461
0 0.8740051452957301 0.2546754318993041 0.17412133197589022 0.2581202006080224
0 0.7408894301214393 0.31785456973229487 0.16886062188998174 0.24699169961943923
0 0.5394486815917773 0.1334610292003847 0.1601473631835546 0.22948586463846715
0 0.5264252176606817 0.45022010627269127 0.1418953301668676 0.20847302768032883
0 0.6196152114406454 0.9238022211211231 0.11978131275401331 0.15239555775775387
0 0.4270991677969674 0.19124967148199973 0.14863665309764618 0.21810269566510643
0 0.5208468407938589 0.9280944609881455 0.11312187697836436 0.1438110780237089
0 0.43698425938379576 0.48399558699531936 0.13539966870147851 0.20353085969555132
0 0.4361819137246375 0.9356549515966055 0.11995173111680746 0.128690096806789