0 0.16906148403186838 0.7676289880191004 0.21047816191590935 0.15251490870767287
0 0.8751091036548455 0.9274207496214817 0.2497817926903089 0.12446431977759857
0 0.8034652277636622 0.8444147874630972 0.26607494404836307 0.18567463828925304
0 0.9355129173261858 0.6175670891845284 0.1289741653476284 0.1597073606144388
0 0.6413898104374766 0.5851067309323423 0.2230690901291547 0.15607641832631974
0 0.1200580312080168 0.6660193588003402 0.16756323620994645 0.12604168874473984
0 0.8976431927947217 0.4858433740309186 0.2047136144105565 0.16690479092165802
0 0.09745795401098582 0.5598685625212045 0.16581887978345572 0.11973712504240908
0 0.5775880717202476 0.48454124654143893 0.21819973370266404 0.14966272721932725
0 0.07988635761362495 0.4656002073490614 0.13631323620994645 0.12495041469812271
0 0.5131187432695754 0.3878547302993701 0.22132473370266403 0.14977185462398895