0 0.06171875 0.25546875 0.0578125 0.125
0 0.171875 0.2609375 0.0765625 0.13125
0 0.27421875 0.26171875 0.075 0.1328125
0 0.38203125 0.26171875 0.0734375 0.1390625
0 0.4890625 0.265625 0.071875 0.134375
0 0.59609375 0.2640625 0.0734375 0.1375
0 0.70234375 0.26328125 0.075 0.134375
0 0.8078125 0.2625 0.0671875 0.140625
0 0.915625 0.26171875 0.071875 0.1328125
0 0.06484375 0.57265625 0.0703125 0.1546875
0 0.1671875 0.578125 0.0671875 0.1609375
0 0.278125 0.57265625 0.06875 0.1546875
0 0.3828125 0.578125 0.075 0.14375
0 0.48671875 0.5734375 0.0671875 0.15625
0 0.59609375 0.57734375 0.0734375 0.1640625
0 0.6984375 0.57421875 0.0890625 0.171875
0 0.80859375 0.5671875 0.0734375 0.15625
0 0.915625 0.57890625 0.071875 0.15
0 0.06875 0.85625 0.0734375 0.15625
0 0.171875 0.8609375 0.0765625 0.134375
0 0.275 0.8546875 0.0765625 0.1640625
0 0.38671875 0.8609375 0.0734375 0.1453125
0 0.49609375 0.86796875 0.084375 0.153125
0 0.59609375 0.85625 0.078125 0.14375
0 0.703125 0.86015625 0.0671875 0.1515625
0 0.80859375 0.85859375 0.0703125 0.159375