0 0.03478481277503158 0.2995056634857008 0.0527615385547438 0.18651132697140155
0 0.14535755684353252 0.28050018515657005 0.1518357085166877 0.21017170970237728
0 0.27764613342154754 0.25937409743432277 0.1502732085166877 0.21004416394474265
0 0.41761987600717365 0.23576073850024826 0.15059154349765969 0.21785666394474273
0 0.557784619581383 0.2168348795661737 0.14564937551288218 0.21122402667183912
0 0.6961321951708148 0.1915314748744646 0.15052787650146532 0.2162941639447427
0 0.8329491042583438 0.166881774425121 0.1502732085166877 0.2100441639447427
0 0.12434465026464252 0.7202802912157067 0.15298171444818673 0.2382967097023773
0 0.25923164482743505 0.7055955221299113 0.15011138243296432 0.2442916181871082
0 0.4011989689339921 0.6735797318322885 0.1514192144481868 0.23816916394474283
0 0.5391791299986874 0.6583688042617621 0.1539712114824372 0.22436175546001175
0 0.6718987880976333 0.6287127394183323 0.14829421444818677 0.23791407242947357
0 0.8151885316718428 0.6100419719995267 0.1597410504177419 0.25130689273291545
0 0.9272667900376185 0.582091928367924 0.1454664199247631 0.2678247130363573
0 0.21979770760246664 0.9891579659112951 0.12627333992388784 0.0216840681774098
0 0.35622995611959185 0.9877387292472146 0.12528384288963731 0.02452254150557067
0 0.48620661619570404 0.9617181053102307 0.13408052273741297 0.0765637893795386
0 0.6374507812147321 0.9602510067525486 0.12690469269935675 0.07949798649490276
0 0.7798319407965527 0.9494567700884684 0.13934102570316256 0.10108645982306327
0 0.9072420163859845 0.9349555897879359 0.13178319368794006 0.13008882042412823
0 0.9930376645619174 0.9125923714004018 0.013924670876165024 0.12869882697140156