0 0.34464156047717187 0.9435528940675859 0.19913870373287823 0.11289421186482826
0 0.32376777313850386 0.8103190490309349 0.20851370373287814 0.14410990496334897
0 0.3075814857998358 0.662132921306994 0.20067393019392785 0.14200110174504027
0 0.2858991749222174 0.515126881330237 0.20695120373287815 0.14400064431968734
0 0.26342197727512384 0.3688474610316493 0.20072847727182852 0.14512610174504043
0 0.24249364285855513 0.22345855137672324 0.2084046095770769 0.137859904963349
0 0.22293689366933403 0.08911640236545897 0.19393300649282175 0.1134390591703934
0 0.7685660300383627 0.9157317127963601 0.22723643019392786 0.14385853268728965
0 0.7554501956217939 0.7708891063597427 0.2148182508107789 0.14767194753799587
0 0.7289985641273246 0.6282427844520007 0.23033415665497756 0.14251455397461327
0 0.713634437097082 0.4777675370498907 0.24143529788867965 0.15265437848024543
0 0.6894992820636622 0.33684760610764125 0.2558796274339844 0.17551272427320103
0 0.6584965182639445 0.18606100226891392 0.2304705243497292 0.15032705397461332
0 0.6541965762988939 0.07390520969426698 0.2166068474022122 0.07132796882531944