0 0.7783969332133653 0.9137137652486771 0.20640829117755644 0.10814937551288217
0 0.7601104032945758 0.7750332672258435 0.21259773442229637 0.1317778765014653
0 0.7391599483296437 0.6192289361992043 0.21708497532299767 0.12884387749004844
0 0.7110781138150621 0.46214860665543966 0.21063471622369914 0.12546420950527093
0 0.6922711497508314 0.30312377513450883 0.21395997532299765 0.12871654349765968
0 0.6713707595607239 0.14810069410786958 0.21416023442229637 0.13184154349765964
0 0.6525032387412331 0.027952609164078684 0.21438147748246603 0.05590521832815737
0 0.31291163555740376 0.9593126971108002 0.2429675524363235 0.0706785504177418
0 0.3040501704134388 0.8210314471108002 0.24178458667404978 0.12517504942915858
0 0.27397503932263 0.6695153680613272 0.22509773442229636 0.13228721247102052
0 0.25937471390734723 0.5150188690499105 0.24470932757475117 0.1221773834215476
0 0.23187387029346715 0.35478170600804876 0.2579102344222964 0.13362421939110264
0 0.218405248301957 0.20572212349853475 0.2702495481173869 0.15594488836446335
0 0.20791143198597287 0.054499157604654236 0.2423457911775566 0.10899831520930847