0 0.34857693444634086 0.7632808445595431 0.16889985731976367 0.07320349512873606
0 0.3383436017336831 0.6944081136342666 0.1657748573197635 0.07314894805083547
0 0.35297764412346927 0.8242456180984934 0.17336903349844598 0.0685978157455871
0 0.3336154063245783 0.6264120900953163 0.15923375889134012 0.06678985389503396
0 0.5342190279123656 0.6931434427725343 0.15952485731976368 0.07303985389503395
0 0.5264386071103666 0.6266553721556833 0.15923375889134023 0.06678985389503396
0 0.5451972233214704 0.7612485604672861 0.16577485731976366 0.07314894805083547
0 0.5458736195163635 0.8260514001588604 0.1654837588913402 0.06689894805083521
0 0.5432794664970448 0.8876746927725343 0.17017125889134022 0.06698076866768617
0 0.7342897642635144 0.9495549042160503 0.15937930810555195 0.06991485389503396
0 0.7354990456950459 0.8246776351413267 0.1660659557481871 0.07939894805083521
0 0.7314515545863859 0.8886174042160502 0.17031680810555194 0.07010576866768617
0 0.7337866883752822 0.7543924086802771 0.16235875889134022 0.06684440097293454
0 0.7410683413946009 0.6928509366834543 0.15952485731976368 0.07303985389503395
0 0.9174434618464868 0.9481402288900911 0.16511307630702632 0.0685978157455871
0 0.9189171476403806 0.9885612855086489 0.16216570471923894 0.02287742898270224
0 0.9230898402586998 0.8226317142795946 0.15382031948260036 0.07010576866768625
0 0.9197605756788352 0.7584192098153676 0.1576712588913402 0.06676258035608366
0 0.9278276131084773 0.6907777422827717 0.14434477378304536 0.06991485389503396
0 0.9276799098414896 0.6173947893606723 0.14464018031702075 0.06991485389503396