0 0.5371011568226729 0.8940711485373027 0.1520028303564585 0.21185770292539452
0 0.6896267447785757 0.8876086887153445 0.14767900626826408 0.22478262256931103
0 0.39914470839687494 0.07730816274076222 0.11733558320625015 0.1426159683433748
0 0.5249077746012847 0.08028493262626457 0.11893445079743063 0.14420574188232518
0 0.7799589505130902 0.06910551947516999 0.1147184230620141 0.09727619480442447
0 0.04340320146302076 0.08282218262955986 0.07256859707395848 0.16526253571381494
0 0.15677537044097217 0.0808932642034595 0.12707425911805567 0.15840460957707686
0 0.8547250679168397 0.8780757759712869 0.15600065254479176 0.24384844805742603
0 0.8853185977395487 0.07563398335431794 0.10381729065319475 0.0986477800317721
0 0.9726913111704167 0.08263005153553697 0.053890025835555376 0.10090002678536121
0 0.8259890041809719 0.5427572536468575 0.15116768218006973 0.2540989391223816