0 0.21959437818904784 0.19930806315417668 0.2073332363742164 0.287688516875041
0 0.36871753333979884 0.18426096042910428 0.2120207363742163 0.28785220798203354
0 0.34556449700437586 0.925312513246844 0.1596295757634536 0.1493749735063119
0 0.44648926821620327 0.9193824609772584 0.14840503333979888 0.16123507804548326
0 0.6595154267009342 0.9199405108845913 0.15360271637033698 0.16011897823081753
0 0.5062813062186161 0.1898438162342196 0.20551564485894733 0.28450895317271013
0 0.7519261962457715 0.9174988017638404 0.1273272587939916 0.1650023964723193
0 0.8518306013965224 0.9014733193142626 0.1377545757634536 0.16061509618646852
0 0.5760666162302541 0.500773881750649 0.17292654334173854 0.2288393065307547
0 0.6828587501691779 0.492038777211478 0.1653691348570076 0.2316914880191005
0 0.791867088350467 0.4818230182258033 0.1740744551604493 0.24290180653075472