0 0.7697991706261018 0.824955968099059 0.2715894742194024 0.1749646803253757
0 0.8015924824756038 0.680283817533325 0.28129202283992144 0.18126922247985355
0 0.07438036578554633 0.7783653736347628 0.14876073157109265 0.1401442527304745
0 0.07469794832726326 0.6721290091733823 0.14939589665452652 0.13074198165323558
0 0.09073126272095663 0.46737787665982483 0.18146252544191327 0.14023515632127062
0 0.8027565920411137 0.5537531337901036 0.2779213613745323 0.17656354176169414
0 0.09629406659920044 0.3774614037871879 0.19258813319840087 0.11673402380771333
0 0.11428939280933928 0.2781562953759315 0.1956953595655099 0.12766243344863373
0 0.5058306823847467 0.5117439375538504 0.2234042797373265 0.1496919695529872
0 0.5222955653560051 0.40621155504029305 0.22603795680654795 0.14033515027114657
0 0.538842335482393 0.2991166725267357 0.23738489258219672 0.1482112827847038
0 0.1531925197877037 0.11704153337387899 0.16165455223856365 0.10403403590796176