0 0.07791033479993473 0.7185552549623988 0.15582066959986945 0.2152355099247975
0 0.10102110275391563 0.5649229867654336 0.20204220550783125 0.2204709735308672
0 0.797438980395699 0.9941182969379001 0.16588862041330898 0.011763406124199705
0 0.8368696399384236 0.9401317910444881 0.150809041958086 0.11973641791102381
0 0.931329208827481 0.7013681023528557 0.10863063231716552 0.14564644789030404
0 0.13900289178513536 0.4010445773359742 0.2780057835702707 0.22396415467194847
0 0.959291103244895 0.5963916579772082 0.07565450585373235 0.11599318114108108
0 0.9834103801758662 0.480295777083796 0.02885222872636959 0.12630994292790554
0 0.4829513170423455 0.5359141528099217 0.27458288524403185 0.20961055624352518
0 0.5212330879231927 0.40328574338046225 0.27762607201231526 0.19569360545773673
0 0.5797637262904825 0.28254090384337893 0.29018061416679297 0.20565080231458363