0 0.7829148523618741 0.9153720955374485 0.20898120181924557 0.1017209735308672
0 0.8134821098054722 0.7946764518237547 0.22072353060296174 0.1864598465663967
0 0.05091806720628901 0.8842251426802363 0.10183613441257802 0.11592471463952733
0 0.05026740384788816 0.7898394418944481 0.10053480769577632 0.1390711162111037
0 0.046350499380827456 0.5551198395370832 0.09270099876165491 0.13663532092583353
0 0.8267377427657989 0.6272342406988842 0.2661815798171737 0.19169531017246655
0 0.05009623759400318 0.44957831492997735 0.10019247518800636 0.11334337014004521
0 0.05815812148534334 0.32790236807313056 0.11631624297068668 0.12718754631872758
0 0.4882232063718687 0.5977866050479612 0.2513913337461151 0.17541533870851378
0 0.5110336217971841 0.45952247167334964 0.25386136228216233 0.1614983879227255
0 0.5238140657585469 0.33575748594137333 0.2682877353176917 0.1699658593866781
0 0.09882914412797847 0.12090535132390756 0.10956339867609244 0.10956339867609244
0 0.5340153192732036 0.2004192994236087 0.2798074321745385 0.18297528163641913
0 0.8396296184874152 0.18306686373441358 0.28918243217453854 0.1834119292790543