0 0.1171875 0.878125 0.1171875 0.2421875
0 0.2296875 0.8671875 0.11875 0.234375
0 0.05 0.1734375 0.09375 0.175
0 0.1484375 0.153125 0.0828125 0.1765625
0 0.3421875 0.103125 0.09375 0.175
0 0.359375 0.8421875 0.1140625 0.2296875
0 0.4328125 0.090625 0.0734375 0.1671875
0 0.5296875 0.0875 0.0875 0.1625
0 0.3484375 0.528125 0.103125 0.184375
0 0.4703125 0.528125 0.090625 0.1890625
0 0.575 0.509375 0.0953125 0.1984375
0 0.7109375 0.0765625 0.0734375 0.15
0 0.6765625 0.4875 0.1046875 0.203125
0 0.7171875 0.75 0.1 0.215625