0 0.9388585589862151 0.13330825483179196 0.11850065254479177 0.2666165096635839
0 0.8481251094230554 0.12171685718249567 0.17144381458888916 0.24343371436499134
0 0.7842846281373257 0.8444064119393969 0.1151197729857639 0.18874324879205204
0 0.5794516577726034 0.8673649061895212 0.13357883225631967 0.1777737978836665
0 0.7202001311745485 0.12294432392728571 0.16679268218006965 0.24588864785457143
0 0.48421189295496453 0.8720201974052278 0.11184930262104179 0.18223815727678278
0 0.3883181647064576 0.8712705114997517 0.12609364057694455 0.1911985690954939
0 0.6692493481207982 0.42648507255015994 0.14738806553881964 0.23504416394474278
0 0.5445402888502426 0.42418873316092265 0.142591462765278 0.22997402667183914
0 0.43543804578409684 0.42139818619534014 0.14095622758291687 0.2267214809142047
0 0.2069597151432979 0.8572233422641752 0.10850609707395849 0.17260806576151388
0 0.3291516781929163 0.43163379771448857 0.1521483007211808 0.23855180121764635
0 0.34305574971565955 0.1692773189263159 0.15392900626826406 0.24805434697528086
0 0.130797258646284 0.8462855843882673 0.10538109707395846 0.172352974246245