0 0.8497451663606388 0.07277365787608882 0.1411346672787225 0.14554731575217764
0 0.9047858025462805 0.7666841558507892 0.07589230455162621 0.16515344155801373
0 0.714703194361112 0.858937659907979 0.1249355824314133 0.19253414772652383
0 0.7231348689360142 0.08404812297305275 0.1474802621279716 0.1680962459461055
0 0.6149742613305739 0.8669195296313255 0.10529276212797142 0.1812693652591199
0 0.5114348020872386 0.8929110596630977 0.1202480824314133 0.1924523271096728
0 0.5896856716514727 0.3930377447282895 0.1481816348570076 0.22882620373287815
0 0.4644307090741574 0.436571330766416 0.13166381455356588 0.21761596834337488
0 0.3050254343591724 0.9175776432655922 0.1014344384905499 0.15311709172016919
0 0.35574136422490843 0.45875206818451436 0.14505663485700762 0.22877165665497756
0 0.32404405150751037 0.19717936850882586 0.15363440940281486 0.23828302434972923
0 0.22332902420745143 0.9244646172910098 0.09429161818710818 0.14207049756436801
0 0.1433864326921824 0.9289805677774773 0.09690643515657003 0.1358750446422686
0 0.7266913351371734 0.3680223336090851 0.1533793178875456 0.23515802434972918
0 0.19615829650654057 0.22515613839432827 0.1532198212215256 0.2523182508107789
0 0.2386815389204969 0.49746178652788914 0.14142145182646945 0.2224671095770768