0 0.2116018813383334 0.03310735999173629 0.1580462373233332 0.059814023935694585
0 0.13254122351537073 0.19409810495774318 0.18870976842611092 0.10730727298576408
0 0.8885082595191207 0.23283013668031324 0.19591667568342572 0.11839024335048629
0 0.10423171286495425 0.28503157627239595 0.17599515494824058 0.08674019984750014
0 0.08413276354837995 0.3867752610179168 0.1682655270967599 0.10127547853284735
0 0.5673181817621765 0.3427804860353824 0.22458847983046262 0.12529485999173628
0 0.5253761065971305 0.4553162004161811 0.21411987153638865 0.11257665444465306
0 0.47922498506074185 0.562274062023438 0.22275257775694418 0.12213349240055571
0 0.746422755513103 0.6131150890932646 0.24259618605101813 0.13506990349472242
0 0.6939143272377791 0.7301019141313896 0.24829938190398124 0.12896537385944457
0 0.43704846404273273 0.6685415926086462 0.21779167568342572 0.11889938962701407