0 0.7972295360041362 0.026477947286774873 0.2225840720082724 0.052955894573549746
0 0.0903453786998621 0.2435130953214551 0.17650905068427192 0.13172380935708983
0 0.8245374706794995 0.0849496872215506 0.21568063868554468 0.14155334269572595
0 0.08987375871258879 0.3372812766550005 0.1731295120146357 0.10981244668999893
0 0.09891349872690633 0.44265911998727336 0.1889545066836356 0.1271817600254533
0 0.5609487800365892 0.2630405139242762 0.22987040802036277 0.15265447469763488
0 0.5521834020528157 0.3826899425923216 0.2172067760184536 0.13844652402927143
0 0.11603900608685964 0.6385801473185916 0.17314769334818117 0.11137494668999892
0 0.550458364735815 0.5030388052594125 0.22514654535327167 0.1494749306969986
0 0.8321987133990879 0.4747570745544597 0.23933631468808975 0.1605760626989076
0 0.12645943276572272 0.7283148093173188 0.1701136000159084 0.11915108402290801
0 0.1453917934436313 0.8109182239815464 0.17154883068109025 0.10823176535645365
0 0.5422158666852264 0.1304280085932761 0.23619313335454456 0.15897720003181673
0 0.821198673416587 0.6038087752228233 0.2533806333545446 0.15917719470081657
0 0.5463259427514051 0.6179461899268215 0.22200336401972648 0.1478760680299077
0 0.5638776167647682 0.7161927859245945 0.23136018268618094 0.1464226560311804