0 0.8452996190567003 0.909375 0.13823280788560616 0.18125
0 0.8442129013577292 0.15703125 0.12117285364324068 0.1828125
0 0.7413295961778832 0.91015625 0.1271677621279716 0.1796875
0 0.7545285190857954 0.1359375 0.0986601248550679 0.175
0 0.6516904325714962 0.11328125 0.11568812818904792 0.1921875
0 0.6747789224003786 0.634375 0.1390617263722767 0.2296875
0 0.5543227722505975 0.58828125 0.12477608576539331 0.2078125
0 0.4572388019665524 0.08359375 0.09920225879399176 0.1625
0 0.44402287210081626 0.5421875 0.1347888145535659 0.215625
0 0.3721169526960617 0.8296875 0.14505663485700762 0.2265625
0 0.36809655363354227 0.075 0.10755689273291544 0.15
0 0.28235037226999415 0.07265625 0.09467425546001174 0.1453125
0 0.8024097148240333 0.65 0.14480154334173853 0.2234375
0 0.25679471269800136 0.778125 0.14464204667571848 0.240625
0 0.33823512876877604 0.5078125 0.13440617728066231 0.2109375
0 0.2375016761934005 0.49765625 0.13204645182646949 0.2203125