0 0.06750370226115195 0.8523306353422277 0.11529680373891078 0.18184087334017524
0 0.15640025889984774 0.8653533309893057 0.09427390871793265 0.17234769867214011
0 0.26422441429378807 0.8761413609453392 0.10975719875988892 0.19117951190385654
0 0.18084079999071123 0.3777806081166688 0.13435537967363848 0.22724427693097135
0 0.30623096368302133 0.40430272238165765 0.11863529129135611 0.20528746369925469
0 0.4697164750816688 0.8976583335233886 0.09668851369695446 0.16299087939029916
0 0.43524303484386423 0.44491460772388536 0.13016478714217125 0.21316359621281206
0 0.4651961796643497 0.1527725595192834 0.13868768216314944 0.2225840480082102
0 0.5601046767413427 0.9013105743500063 0.1042642153566284 0.1599113311856975
0 0.6423251808905276 0.9096048633812261 0.09356351369695445 0.16297269867214012
0 0.06592451908392825 0.3700584908266178 0.1318490381678565 0.2194590480082102
0 0.5908231416969858 0.17616967378427226 0.13674667386477957 0.23819086729005096
0 0.5483699968765003 0.46823899911623723 0.12824708963168216 0.2084670058537325
0 0.6496956985361744 0.4719548724564124 0.13520748465266036 0.21787836729005097
0 0.7171246099533993 0.2112946284083407 0.14562476639624683 0.25229881908544904