0 0.013080043877443126 0.83125 0.026160087754886253 0.13125
0 0.013617252969500875 0.73203125 0.02723450593900175 0.1140625
0 0.028876191607587504 0.603125 0.05775238321517501 0.128125
0 0.48524191957077073 0.85625 0.2993420851145899 0.1921875
0 0.49056958023303887 0.7 0.27067151583511767 0.1734375
0 0.038134008577632925 0.35703125 0.07626801715526585 0.103125
0 0.48215298964166575 0.5328125 0.28197272868809903 0.1859375
0 0.8278997471635131 0.5984375 0.2947909774344577 0.196875
0 0.06227972499368236 0.24921875 0.07206887978345573 0.1140625
0 0.4676930552267212 0.94921875 0.2748301669304743 0.1015625
0 0.8355938898790927 0.44140625 0.30889894154108044 0.1984375
0 0.4877617951310844 0.39375 0.27563180047485364 0.1828125
0 0.5131602633943422 0.27265625 0.29001254922121245 0.19375
0 0.8316829428612287 0.28046875 0.32645015439406216 0.2109375