0 0.04708908369428311 0.8650926650419564 0.09417816738856621 0.2698146699160874
0 0.1210742751169924 0.8709054184661948 0.1796258772858328 0.2581891630676103
0 0.28310538341106645 0.8640293790489386 0.20681309387398095 0.2719412419021229
0 0.08554722926481487 0.20747080311421087 0.17109445852962973 0.28994160622842174
0 0.24209188077268556 0.19922336307689897 0.21843409905777716 0.31456309793005194
0 0.5900094942970386 0.8780000198204855 0.17982136691824024 0.2439999603590291
0 0.4430002698867133 0.2309623056130105 0.2416173208297216 0.3489147871421713
0 0.7234761051830109 0.8753733112120881 0.19048546484472162 0.24925337757582397
0 0.8453900614035664 0.8759900017738534 0.17316126380796248 0.24801999645229317
0 0.6126976152212966 0.2508990651607802 0.23780881564592526 0.3408654888018453
0 0.7628438781807874 0.24261573632626746 0.25167582601351784 0.35743768216314936