0 0.8420198570172268 0.9180701638443327 0.18890985253201373 0.10575107201231546
0 0.8632130465785878 0.8257281277399795 0.17678928413027997 0.085374939498758
0 0.8853772019390818 0.7232207512765463 0.19792083148532633 0.09955561416679296
0 0.3791719755460178 0.8074432986955813 0.23513240514873238 0.12163969242562409
0 0.41141678619641836 0.676742744539051 0.21096686305535753 0.10900333703942984
0 0.909620525814249 0.5222304230177149 0.1758638209619825 0.09630334913967822
0 0.4485234020943734 0.5624257144848217 0.22088789462538866 0.11843287919390769
0 0.15098127318341312 0.5258625423508695 0.23228042093374796 0.12630901170746506
0 0.9193967721856374 0.4268179290678392 0.1612064556287251 0.09623971662612103
0 0.924175641959259 0.34313327547704303 0.1516487160814819 0.08375789734428025
0 0.3731333491247191 0.9184535215682181 0.22915542093374794 0.12629083098930566
0 0.1975615996188293 0.3997676749626226 0.24625191567207608 0.12482832493918146
0 0.471984746945641 0.4419359524827692 0.21454688936371688 0.11683401775758906
0 0.49879089967529905 0.3386200549420971 0.22686487884037304 0.11378174063022613
0 0.22814519973176878 0.2807995063447118 0.2587519156720761 0.12490104781181852
0 0.26460707352223156 0.1688307714700223 0.2438703683170294 0.11075673458010193
0 0.932747005155791 0.2586810074248663 0.13450598968841804 0.07740790339440444