0 0.9130045337949569 0.9361996873575285 0.049435005398584767 0.1276006252849431
0 0.8068845883590605 0.9409652128552125 0.12938261452679142 0.11806957428957503
0 0.9519005064242698 0.34558789122340033 0.07393994316081134 0.2980147761192818
0 0.8174537288298683 0.3808968701925012 0.14825285892771412 0.27233974672063965
0 0.5394244012215335 0.9582440264579659 0.12414974025173783 0.08351194708406809
0 0.6613212053846516 0.4229128725673503 0.1614632539486923 0.2823698439616777
0 0.6548874869277455 0.10412857304232018 0.162100026144509 0.14700555404758592
0 0.4096893570303924 0.965803681308864 0.12249215186945542 0.06839263738227216
0 0.29827826034974025 0.9693718769783644 0.10435745850815117 0.06125624604327129
0 0.4818518060139959 0.13114037313317722 0.16285888797200823 0.21863489258219668
0 0.4971752723963096 0.446468802011421 0.15786465726804016 0.27595606965141817
0 0.35701129106764157 0.47441898236000285 0.1559236489696704 0.2914172953411587
0 0.321304469706306 0.1486100768875074 0.16676606058738805 0.27019739258219666
0 0.16982448007926818 0.16028015999505124 0.15097603984146363 0.30827724672063966
0 0.1833869661585991 0.9774023829712583 0.09644987012586884 0.04519523405748345