0 0.9019888922769015 0.18046875 0.18291745776545093 0.1359375
0 0.9014967976373953 0.2828125 0.17061487884037305 0.1125
0 0.8902114161661864 0.39609375 0.1809909367187635 0.1296875
0 0.41297189490773734 0.1796875 0.2656235419522005 0.1609375
0 0.4130566529414195 0.32578125 0.23953147881213824 0.1421875
0 0.873010692686307 0.6109375 0.1758484104104042 0.121875
0 0.421909466222656 0.45546875 0.2495435156438413 0.153125
0 0.11868705673944031 0.41953125 0.23737411347888063 0.1640625
0 0.856848095415965 0.7140625 0.15838789462538863 0.1171875
0 0.8398965428698336 0.80390625 0.14341534200867018 0.1015625
0 0.43643875796309495 0.071875 0.25837248407381014 0.14375
0 0.13010306338711727 0.5640625 0.26020612677423455 0.1640625
0 0.41412851634971287 0.5890625 0.24476501038216938 0.1515625
0 0.41368962961683203 0.70390625 0.25726501038216937 0.1515625
0 0.13370271739689962 0.696875 0.26740543479379925 0.1671875
0 0.13362748719875622 0.82421875 0.26725497439751245 0.1484375
0 0.8251522324311946 0.89609375 0.12568181043863902 0.0921875