0 0.096875 0.1875 0.09375 0.175
0 0.1890625 0.165625 0.0734375 0.165625
0 0.290625 0.14375 0.0875 0.184375
0 0.184375 0.64375 0.1078125 0.2203125
0 0.315625 0.6109375 0.0953125 0.1984375
0 0.490625 0.11875 0.0859375 0.1625
0 0.4296875 0.5734375 0.1046875 0.20625
0 0.453125 0.8671875 0.1125 0.215625
0 0.5859375 0.10625 0.0859375 0.153125
0 0.66875 0.0953125 0.0734375 0.1578125
0 0.075 0.65 0.1125 0.2125
0 0.5796875 0.8203125 0.109375 0.2296875
0 0.55 0.55 0.103125 0.2015625
0 0.653125 0.5234375 0.1 0.2125
0 0.6984375 0.7890625 0.109375 0.2421875
0 0.8109375 0.753125 0.0953125 0.2296875
0 0.753125 0.0875 0.06875 0.140625