0 0.0438293615191484 0.10850291486710972 0.07828372303829681 0.21640505243632352
0 0.14365401833688937 0.10324252081949095 0.11543303667377876 0.19547079117755656
0 0.27557369803344767 0.10081603253968323 0.1323973960668953 0.1747973457733484
0 0.1779791579050028 0.7046350400978223 0.17254364819292717 0.30482480721668564
0 0.3386616953276876 0.6737423928110011 0.15280523304023647 0.27247338217054295
0 0.539684124396026 0.08976312075489248 0.12468074879205204 0.11834708667404976
0 0.5067740954774689 0.6386628932724264 0.16645314485894716 0.2873369185677376
0 0.5574585901866349 0.9464603971299377 0.1702163893989354 0.10707920574012456
0 0.6704877142443051 0.09270525292543547 0.12340529121570683 0.10272208667404976
0 0.7816962812137669 0.09361451572536192 0.10494233363936126 0.08599566162790721
0 0.0788879536626373 0.6998393136950904 0.0661980533436782 0.277803627390181
0 0.7353924004881369 0.911542781459949 0.18309876879593148 0.1769144370801019
0 0.6559769989612299 0.6194692095884106 0.16438046182840918 0.28098678901808827
0 0.7923928600213364 0.6149993599575507 0.16058578213185087 0.2916239003691402
0 0.8882304870024363 0.8940932680417137 0.17117259576733304 0.21181346391657244
0 0.9742016141042222 0.8824431716500566 0.05159677179155544 0.23511365669988687
0 0.8966835524255943 0.09321160239941169 0.09703423879011233 0.06528264342930994
0 0.9238433912954465 0.5952549637504637 0.15231321740910708 0.28138730721668564