0 0.29202292557294884 0.9663444956810633 0.19289820533113405 0.06731100863787347
0 0.26006222024181486 0.8978319324473982 0.18103470282385156 0.11141476866002265
0 0.21358437384445397 0.8012783050572171 0.2018473079967011 0.12990395280546388
0 0.7260078174971054 0.8582894825673698 0.24168269780928675 0.1589696915466967
0 0.6694275453937818 0.7361350778792929 0.2177450926364372 0.14028024830195704
0 0.13988714640999614 0.6000476696474717 0.18296091567683304 0.124014898209672
0 0.6088500950772125 0.6106053493170928 0.2274383413827959 0.15181852559985282
0 0.8936603864473733 0.5568735842008143 0.21267922710525333 0.16754365514950215
0 0.11517063974607858 0.5009896059523812 0.17197795157021037 0.12175149136212671
0 0.09166729209507649 0.4168253570321154 0.16223923871722892 0.10865071406423077
0 0.7494573408540706 0.9477253593438547 0.22564852084968248 0.10454928131229053
0 0.828007957376198 0.424242754466595 0.2608873388755136 0.17579624614248868
0 0.563411911453691 0.49618310147656103 0.22270537727617318 0.1499556369509049
0 0.5315732265765281 0.3935494548080486 0.23047241316955044 0.14889378469915152
0 0.7732402378592991 0.31078222932816735 0.2652565901291547 0.16515913479143665
0 0.7202850709288249 0.20601558373938905 0.2507394490629279 0.14863296884459273
0 0.07434574828414035 0.3307178763104468 0.1323244181841155 0.0989357526208936
0 0.48790213143280836 0.28625858651716624 0.22284176959604132 0.15464313695090492