0 0.6876178902860625 0.9703125 0.20571440445914604 0.059375
0 0.7388850953656272 0.88515625 0.23228761213660043 0.1265625
0 0.14876283991774547 0.92265625 0.2709130695619536 0.1203125
0 0.21956664883603733 0.80390625 0.24856817599857095 0.1359375
0 0.8244776599839021 0.65546875 0.21008483020561536 0.121875
0 0.28481422644376264 0.6640625 0.2603797611478648 0.1484375
0 0.04436273315215199 0.59453125 0.08872546630430397 0.1515625
0 0.850367806649378 0.5421875 0.19591306956195353 0.1203125
0 0.8794704346254203 0.45 0.18555472376899793 0.10625
0 0.096591504691577 0.4484375 0.193183009383154 0.165625
0 0.3458113466261349 0.51796875 0.2539112398605413 0.1453125
0 0.38180311296977976 0.40546875 0.26630197921687965 0.14375
0 0.12958681608170813 0.31484375 0.25917363216341627 0.1546875
0 0.16819335308242267 0.18671875 0.2848334579295561 0.140625
0 0.9017603338887863 0.3546875 0.1536491599070274 0.096875
0 0.4407078554282112 0.278125 0.25591078243518833 0.1515625