0 0.06329884090939049 0.20428804508134393 0.12659768181878098 0.2335397287263694
0 0.16424195779336329 0.1697226684215191 0.10390011606989864 0.22401928298109555
0 0.2844004991892211 0.13448058089110987 0.12459444561520341 0.24601245764913057
0 0.10205641437220588 0.7780164365718918 0.15430921915415374 0.24774767447164336
0 0.2635939322291133 0.7445777435570923 0.1358592280826075 0.26482609016268804
0 0.5576294935071783 0.10325434855050315 0.1206785129856435 0.2006817769309713
0 0.42981895008602083 0.7111663216195317 0.1549637840889618 0.28524767447164334
0 0.6865902905850789 0.10087930317457161 0.12048759821299111 0.18974427693097135
0 0.8070118847408804 0.09532926082370216 0.1030000892845373 0.17245678298109554
0 0.6232750750876684 0.9508413790957118 0.16583528003177203 0.09831724180857648
0 0.5991962414818787 0.6762105804001306 0.14693309577735914 0.2727022226762452
0 0.7369826136408572 0.6606042819991369 0.14243651055001152 0.2836124515990063
0 0.7933654326361503 0.9193191892041703 0.15601599512873604 0.16136162159165934
0 0.9241614651035543 0.9010146167990716 0.11135806006354443 0.19797076640185693
0 0.9157829127440575 0.0858047907797356 0.09790348620028233 0.1489920119038567
0 0.8875553579588142 0.6286644564707802 0.1531830957773593 0.2727385841125637