0 0.0484375 0.20625 0.09375 0.175
0 0.1265625 0.178125 0.0734375 0.1671875
0 0.215625 0.15 0.0875 0.184375
0 0.0953125 0.6375 0.109375 0.184375
0 0.215625 0.609375 0.0953125 0.1984375
0 0.421875 0.1140625 0.0859375 0.165625
0 0.340625 0.58125 0.109375 0.2109375
0 0.3625 0.884375 0.11875 0.2296875
0 0.51875 0.1109375 0.0859375 0.153125
0 0.609375 0.096875 0.0734375 0.1578125
0 0.4921875 0.8421875 0.121875 0.2375
0 0.4671875 0.5515625 0.103125 0.2015625
0 0.5703125 0.5375 0.1 0.2109375
0 0.6203125 0.7953125 0.1125 0.2421875
0 0.728125 0.7578125 0.0953125 0.2296875
0 0.690625 0.0875 0.06875 0.140625
0 0.6828125 0.5109375 0.1078125 0.2015625