0 0.847738818025831 0.06419501193736019 0.18610263605166183 0.06688770555093819
0 0.8745262900500125 0.15346310037837324 0.17551212852981452 0.1320033695813831
0 0.324011813011266 0.08655290121604466 0.23520537727617336 0.14536021543676994
0 0.3688278710079671 0.205427576615196 0.2526201978092866 0.15387305239490826
0 0.9376131433424 0.3995687792375658 0.12477371331520004 0.12228085969555132
0 0.4293060329238765 0.35303208847819406 0.2703078029821361 0.1717608893530466
0 0.12140025620169917 0.41773793973360734 0.22370558762187226 0.17922587946721474
0 0.9590807979675713 0.5044618676785788 0.08183840406485743 0.1163200197716634
0 0.9708282916993649 0.6173757031538424 0.05834341660127009 0.1217423488211363
0 0.16411425659741058 0.57164153114037 0.30058633636823096 0.19328306228073994
0 0.4914376230530312 0.5038252673373866 0.25601798244902274 0.163375386387297
0 0.5315889131030436 0.6232901917479549 0.2685179824490227 0.1638847223568522
0 0.23521166976696115 0.7087542119767288 0.3065635517284949 0.18416273026551763
0 0.30474658293651175 0.8458032258168933 0.28873955423577735 0.1615873933073793
0 0.9848740713245363 0.7178850391233975 0.03025185735092748 0.10822367688202608
0 0.5843538634196127 0.7471707021280782 0.2577623388755136 0.16968905338349138