0 0.8291987834108099 0.952335942445911 0.11886410580511537 0.09532811510817787
0 0.7286630700712988 0.9422748677061102 0.14904267912609298 0.11545026458777947
0 0.9522544037287135 0.5007290926028813 0.0722470553496283 0.23773237336031983
0 0.8858481537287135 0.4972488885098668 0.16454368275429018 0.24568871551297528
0 0.505552952285284 0.9271268232694627 0.14344744355406328 0.14574635346107456
0 0.7401537078123975 0.5005708830827998 0.18394844718226028 0.2654213613745323
0 0.8133754753204107 0.19681511928798998 0.17411709019601887 0.20719942559888346
0 0.40159213858295306 0.9260689343053107 0.13552581614940157 0.1478621313893786
0 0.30071168486208877 0.9132104081860289 0.13870537985173242 0.17357918362794217
0 0.656026766790223 0.17526326661988506 0.1931597560752678 0.2612251843053107
0 0.5941418033658937 0.4905706840781681 0.17257443756361363 0.25234815128862387
0 0.47488337187754814 0.47649381671074204 0.17295638347992953 0.2632856512886239
0 0.5073164482785687 0.1752964868825586 0.19608634863353913 0.30036957146044047
0 0.37643847051108725 0.1801776594292243 0.1736111479078998 0.28203565128862396
0 0.20457329484355533 0.8881052668470277 0.12744049763774729 0.16576219810012063
0 0.35287196262172094 0.4740128686106214 0.1773165012659444 0.2541563127540133
0 0.2528099975529293 0.17917732417397395 0.1776438834799295 0.2635313127540132