0 0.8904073713399088 0.12107480897286789 0.20058180267345413 0.06632585697722053
0 0.8973022613383179 0.20758626488222331 0.20539547732336416 0.13871104000775866
0 0.34458634134309046 0.09993506667959777 0.24685791335136287 0.15283718394862206
0 0.9073141553548627 0.4512565165492132 0.1853716892902746 0.13574553667377884
0 0.3807340213637713 0.25508482334755755 0.2658442706874536 0.17468023304023647
0 0.08215107069540777 0.21822358363936128 0.12516472668681727 0.15851361485312826
0 0.9189061833624986 0.563086836852655 0.16218763327500269 0.1308348960668953
0 0.917598495703362 0.6761129953373859 0.16480300859327598 0.1356499418245299
0 0.09663283605186125 0.38955644970043757 0.18154199602163537 0.1740427621279716
0 0.4051902233847704 0.4116217368332583 0.25165450135263545 0.16259482122152563
0 0.4199623427354968 0.5408308757731518 0.26413632001909004 0.16205268728260194
0 0.12576744740608756 0.5456947504590419 0.24084427068745357 0.17263950091808394
0 0.13984922342454126 0.6826526165201182 0.2656624573519991 0.1590552330402364
0 0.9152583034293137 0.7810715623068478 0.16221019334818115 0.12251221303635713
0 0.4449088934197688 0.6724315621376699 0.2532897266868172 0.16897236697916007
0 0.15853668344204047 0.812961869854098 0.26420904535327183 0.16830268728260195