0 0.0828125 0.1953125 0.0734375 0.1671875
0 0.16875 0.16875 0.0875 0.1875
0 0.0546875 0.653125 0.1078125 0.203125
0 0.1546875 0.6328125 0.0953125 0.1984375
0 0.3671875 0.1359375 0.0875 0.1765625
0 0.275 0.6046875 0.11875 0.2203125
0 0.284375 0.8984375 0.1171875 0.203125
0 0.4625 0.1171875 0.0859375 0.153125
0 0.559375 0.1015625 0.090625 0.165625
0 0.4265625 0.875 0.11875 0.2375
0 0.4078125 0.56875 0.103125 0.2015625
0 0.5171875 0.553125 0.1 0.2109375
0 0.5515625 0.825 0.1125 0.2421875
0 0.66875 0.778125 0.0953125 0.2296875
0 0.6484375 0.1015625 0.08125 0.1578125
0 0.628125 0.528125 0.1078125 0.2015625
0 0.7796875 0.74375 0.1046875 0.2125