0 0.2857143593931165 0.026893331166862555 0.184821281213767 0.04691373051823944
0 0.23657548666408043 0.0729773985373027 0.21501870636839734 0.13013533360249455
0 0.6939418343882673 0.16310888960555367 0.22828398091420468 0.13972852191409726
0 0.13796328817159084 0.27467053774240985 0.20395366061076287 0.12838191882984215
0 0.6308522898385809 0.27466795251176696 0.25714230455162623 0.16831717207625302
0 0.8879315951391131 0.3456561570554241 0.18332216727872258 0.16234781574558702
0 0.09760961301696047 0.35689665665497755 0.18000597758022469 0.1217228157455871
0 0.07559057605331762 0.4515955020285949 0.15118115210663524 0.12819100405718978
0 0.8429065243766294 0.47552488919851654 0.25296498758216435 0.17448535145940197
0 0.5574949249854525 0.3970008741842782 0.23373675546001174 0.14918534253094826
0 0.5075590846781315 0.5103542621715693 0.24298420970237727 0.14778648376465037
0 0.7727379324023183 0.5971311079489284 0.27888975879399175 0.1671365016215578
0 0.6914883192161799 0.7107202751572128 0.26173420970237726 0.14811376623205455
0 0.0603643177183679 0.5318597004864674 0.1207286354367358 0.11684440097293472
0 0.45161236043188663 0.611084919233584 0.23568189273291545 0.15390011606989856
0 0.6184178678487525 0.8103696732907737 0.244929346975281 0.1525012573036008