0 0.980684903193211 0.7434332545353697 0.038630193613578 0.18513861600890866
0 0.9351959896570576 0.7863661892107329 0.12960802068588465 0.21079314401654478
0 0.855670315740781 0.30190992055223254 0.14029071345960356 0.22340223201781734
0 0.7229943503783732 0.8630939632400043 0.12846187551288218 0.20139996268299926
0 0.7381445761209043 0.3525195425684591 0.16956171939110262 0.2518544960216353
0 0.6745636012925943 0.08169270595959277 0.15850220258518863 0.16338541191918554
0 0.6367358568041639 0.8945808679185493 0.12275570357377177 0.17634541868236298
0 0.5351561107584966 0.9145217452657759 0.12680653361182798 0.16077496268299923
0 0.5368381082126765 0.11535063796945595 0.17367621642535305 0.2307012759389119
0 0.6085645054743886 0.4142121152530492 0.14985671444818677 0.22819882001909003
0 0.4904657628887623 0.45075923726927575 0.14867621642535306 0.23755563868554463
0 0.4077209525851887 0.1656489879455934 0.1688905573378241 0.27371131468808996
0 0.2878023834215475 0.23426372262891082 0.14631522037968575 0.2562692760184537
0 0.45038186273566294 0.9248876279440026 0.11510502965749514 0.14189769334818117
0 0.38365468878220527 0.4957728399506841 0.15460788144438115 0.22981586401972645
0 0.18175531326932318 0.2980273253103193 0.15505355041774188 0.2407533640197264