0 0.9097254534237728 0.05095941101566248 0.18054909315245454 0.09167948165323567
0 0.9203415808139536 0.1462264592202644 0.15931683837209293 0.10721357806243947
0 0.42469721622369905 0.11476037412574207 0.23553458667404978 0.11695219242562419
0 0.9476829356866006 0.38908157973176916 0.10463412862679888 0.10542381908544911
0 0.46075223704318996 0.25053879284184877 0.2638994185677376 0.14523172852997765
0 0.13388934839424205 0.24775117788948883 0.2324491594684389 0.14192492134838536
0 0.9648995165005543 0.4850935165000526 0.07020096699889145 0.10057269262201593
0 0.9716291802879298 0.6007048809614333 0.056741639424140546 0.10677724082661796
0 0.1609396090347002 0.4015574339396131 0.27816217766703616 0.14843854176169416
0 0.5056711181339988 0.4026780097625574 0.24082286397194572 0.126354463502863
0 0.5275134446290158 0.5361944917103806 0.24989747532299766 0.12172150565734086
0 0.21210849012550897 0.5536602894240031 0.2884989003691403 0.1391271742752515
0 0.26819540869324654 0.6971375786516146 0.27157221622369904 0.11872377068445542
0 0.9759301037144711 0.692896926140973 0.048139792571057785 0.09580337939029934
0 0.5604236790513122 0.6594865459651067 0.2411232526208938 0.131041963502863
0 0.3193247169896662 0.8242313437769251 0.253422993521595 0.12798968637549998