0 0.09416471711924307 0.16640625 0.18832943423848614 0.1234375
0 0.5697228265123595 0.07421875 0.23584138939893542 0.1328125
0 0.08003883105428745 0.396875 0.1600776621085749 0.121875
0 0.5595191659015968 0.19921875 0.26469971303635714 0.1609375
0 0.8473698522661148 0.17578125 0.2136793469752809 0.1484375
0 0.06860725241589598 0.5015625 0.13721450483179196 0.115625
0 0.06836826529277358 0.60625 0.13673653058554716 0.121875
0 0.8396056654425548 0.31875 0.2505096672787225 0.159375
0 0.5272333401381433 0.35546875 0.24129416394474285 0.1421875
0 0.5155309524061977 0.4796875 0.2505416181871081 0.140625
0 0.814972843013081 0.4578125 0.28800966727872257 0.159375
0 0.7790198833107039 0.6015625 0.2691640724294736 0.1390625
0 0.0690061874878771 0.70078125 0.1380123749757542 0.1125
0 0.4975785646742521 0.60390625 0.24336684697528083 0.1484375
0 0.7429711998211238 0.72734375 0.2526143012176464 0.146875