0 0.9395760092401287 0.9128213232470463 0.11819447241000383 0.1743573535059074
0 0.95916172359113 0.4387481429696076 0.08167655281773989 0.2271796518694554
0 0.7215080555192644 0.9174536061281753 0.11619546279135698 0.16509278774364944
0 0.8551463793035783 0.43491090271786986 0.1554415012659444 0.2564420219953242
0 0.620300219584415 0.9249929576829586 0.11219744355406328 0.15001408463408267
0 0.5064559743937384 0.9201623638018452 0.1189385168750409 0.1596752723963096
0 0.7086979321213179 0.1682417757435238 0.15100697241000383 0.21870522365499817
0 0.710706898540872 0.4488997798927087 0.13598217313564334 0.23470873195336797
0 0.5849355722246694 0.46196569710950375 0.1331845553496283 0.2438469336130419
0 0.5651389050794758 0.16281780208852561 0.14902781015895172 0.25128092531467217
0 0.4270039880191005 0.17884277594401649 0.13071431977759862 0.2623601352727159
0 0.40958097439373836 0.9186227132820359 0.1092906983633867 0.16275457343592806
0 0.4615352777596322 0.47599046308154336 0.14223217313564315 0.23518232863402008
0 0.30387651206571753 0.20068004191605607 0.13948911905195924 0.24588303029369402