0 0.9581905847188784 0.1540797323223508 0.08361883056224322 0.21862600362819706
0 0.9536055193649322 0.6772816193456593 0.09278896127013567 0.23016370435383654
0 0.7632167170096166 0.10551329066720408 0.11997283386094856 0.20710815027015247
0 0.8458081889672912 0.6594443333181428 0.15897314937949708 0.259980179126093
0 0.656193827197031 0.08638512822689297 0.10982494404836292 0.17277025645378594
0 0.5453556155976907 0.07354659428755192 0.11883623119538153 0.14709318857510384
0 0.6707867715745983 0.8798362227885221 0.15412051332783516 0.20049605172143137
0 0.6997538913954312 0.6121477257837469 0.1395866518867795 0.23745041469812272
0 0.5740120938235714 0.5641417901190499 0.13834240063313832 0.24833335099579196
0 0.5231843458686354 0.8599652108076224 0.15245036473976087 0.25038692431676957
0 0.3903347419494272 0.8364508436545798 0.15689382383181866 0.2958085517214311
0 0.44423338479802066 0.06349203720864302 0.10721676959604132 0.12698407441728604
0 0.4521454540109858 0.5418079770496912 0.14427415188677947 0.23761410580511538
0 0.2628258558977653 0.7814682216922136 0.16384250580598775 0.26639387023308564