0 0.1250842022852839 0.9249067697397567 0.1704266058051153 0.1481137322628278
0 0.7151734889457728 0.9353906928571437 0.289667679126093 0.12921861428571263
0 0.08866060736475981 0.8019909014488744 0.14520835099579188 0.14026165946843888
0 0.05453988934315226 0.6813186536083428 0.10907977868630452 0.13533432757475108
0 0.6623709258764141 0.8309259461701753 0.3022420901960189 0.2173619848837216
0 0.5876760046396874 0.68285058913806 0.29868058057737185 0.2046617257844229
0 0.8606894079050648 0.6228292512273924 0.24577383538669545 0.20750732109634615
0 0.8268476651614589 0.4484009477113348 0.3211012176006804 0.22168853947951353
0 0.03097714837123593 0.5673970535160577 0.06195429674247186 0.11916910703211539
0 0.5112003285936373 0.5409251025562952 0.27669645317271013 0.20013491208933248
0 0.7717112757758976 0.3007959600498359 0.30881947241000385 0.227137503082319