0 0.1718900014355804 0.8961306323171655 0.21234128729346105 0.13089651775758923
0 0.16726201042125505 0.7859698371376258 0.2108333509957919 0.13244992739850972
0 0.14444701459760628 0.6694545028286705 0.22673116950744618 0.14035333098930564
0 0.688425226207837 0.9452771803253757 0.2648660865678217 0.10944563934924859
0 0.663303685919151 0.854467390606785 0.26326887023308565 0.15774990924813687
0 0.9077654204569043 0.7223326432390637 0.18446915908619133 0.1432510720123153
0 0.1291171365599724 0.5436096203151131 0.22187997840045362 0.1356385599120669
0 0.648236702709374 0.7137833032727675 0.24451887023308566 0.15764082493918147
0 0.8996726509031246 0.5669047998549219 0.20065469819375076 0.1778260599120669
0 0.60725202712666 0.3229992219888741 0.26326887023308565 0.15774990924813698
0 0.855483652084251 0.16197640533931204 0.2385962524470706 0.16697946350286305