0 0.9431518325974878 0.8258908998888186 0.11369633480502443 0.191608231382639
0 0.8440929110111041 0.8376479771111451 0.12240834577069996 0.19168096656499997
0 0.7390712183380503 0.863558473311423 0.12766905585660826 0.2027275693385416
0 0.9408440852552504 0.343095930474027 0.11831182948949923 0.2389923776591667
0 0.8502821195151327 0.37365755908312426 0.141970573269463 0.2373935100679862
0 0.699106964608464 0.11809892296829835 0.14369684757972223 0.2361978459365967
0 0.6236476141996073 0.8850178588543745 0.12281778154634874 0.19949346656499997
0 0.7200147653766896 0.3954624367422911 0.14106981456303558 0.2202060100679862
0 0.5544086182719372 0.1310213430868051 0.1726407191310198 0.25683449430041677
0 0.3624789043408417 0.4538451665094095 0.14188868611433306 0.2358310100679862
0 0.18354059757972227 0.23351774876572903 0.1531603787873868 0.21268445079743065