0 0.9257194790969049 0.6647292214978948 0.14856104180619029 0.08061471662612103
0 0.924928546467345 0.5741042214978949 0.15014290706530992 0.08061471662612103
0 0.9288132514180394 0.7475553570365143 0.1423734971639213 0.07433744554888229
0 0.9233904557614732 0.4834746763183551 0.1532190884770536 0.07281130698520073
0 0.6936304123337251 0.5789770320973328 0.20139095048646743 0.08085106596219109
0 0.6920076367661798 0.48600828209733277 0.20125458279171565 0.07303856596219109
0 0.7021344334370434 0.663392938713191 0.20764095048646744 0.08088742739850954
0 0.7075816383877377 0.75169691461089 0.20750458279171563 0.07307492739850954
0 0.7223765697994816 0.8384929326630669 0.21378185633066593 0.07467378883482781
0 0.47871411890597715 0.931596996287567 0.20136367694751697 0.07928856596219092
0 0.44683505316039007 0.761116324644594 0.20777731818121908 0.08869992739850954
0 0.4593271448805594 0.8502424571581513 0.21386367694751698 0.07936128883482815
0 0.44064750851812134 0.675151553567355 0.20437958279171564 0.07305674668035031
0 0.4281963271063775 0.5883691710537977 0.20139095048646727 0.08085106596219109
0 0.21090901013967916 0.9394129997054124 0.21846935633066603 0.07470105991206673
0 0.2250902869250404 0.990125551131468 0.22222955600635447 0.019748897737063942
0 0.1946140340856666 0.7666794816532356 0.213863676947517 0.07936128883482799
0 0.18919410267392273 0.6799380057555366 0.198156856330666 0.07458288524403187
0 0.162612237414803 0.5891675600102627 0.20136367694751697 0.0792885659621911
0 0.15243662215568327 0.49849256303532485 0.20139095048646732 0.08085106596219109