0 0.4569029332079957 0.29411185687523184 0.2551669971045158 0.12695822794389144
0 0.45638285649119403 0.4000114034514592 0.2520419971045159 0.12675796884459273
0 0.44766702026387967 0.1961552182262839 0.2625428494618808 0.11808387569213799
0 0.45962348056018065 0.5030362739018099 0.24059507485477488 0.11511956199704745
0 0.7585639406515938 0.4326176565337782 0.24259422249741008 0.1245946915466968
0 0.755772888541898 0.5399295087855316 0.2405223002476692 0.11355706199704763
0 0.7531978904039248 0.33413009175895353 0.2520419971045159 0.12675796884459273
0 0.7499572663349382 0.2311052213086029 0.25004284946188077 0.1172828392949434
0 0.7374508041766105 0.12982332356035625 0.25629284946188075 0.11768335749354071
0 0.9639940334984459 0.2475171730343325 0.0720119330031082 0.11438147748246603
0 0.9578681579817173 0.14648559916020917 0.08426368403656533 0.10394462523071266
0 0.966577532050704 0.3490796730343325 0.06684493589859208 0.09563147748246603
0 0.9727397948709855 0.4501112469084558 0.054520410258028916 0.10294332973421945