0 0.45492613433001133 0.09428963339431537 0.3129772686600226 0.18163399737427083
0 0.4831941432724264 0.46231292739495167 0.28601425046142526 0.17507491470399827
0 0.8616638949704694 0.5887150794477675 0.2766722100590612 0.18944649737427088
0 0.8608943345145814 0.4208372361154947 0.27821133097083717 0.19409763470717997
0 0.4988062561646379 0.6084794027291335 0.2953892504614254 0.17518400270527099
0 0.17805246760797505 0.6344124573519991 0.2728133436138801 0.16399196403563465
0 0.20044550662606325 0.7767544986871355 0.2612750663159842 0.15448969470081658
0 0.528500655454044 0.7673004193984515 0.2953892504614254 0.17518400270527099
0 0.8571399321382437 0.7596633787794038 0.28572013572351257 0.18025331070972542
0 0.5445633513196775 0.9168346060232263 0.29841412091177594 0.16633078795354733
0 0.2224380274455542 0.9128465400222717 0.25688795496493205 0.1591226507001803