0 0.057513783686867714 0.6642654298477757 0.11502756737373543 0.2753421926993568
0 0.37930252719569363 0.6197911655505007 0.14800467207625304 0.24960736364988403
0 0.5773819224898806 0.9038007623758801 0.16464670129724618 0.19239847524823972
0 0.40276770617510077 0.922596536083286 0.1560705422066368 0.15480692783342817
0 0.5335360596630977 0.6073123646756482 0.14970353977100465 0.25748353064607843
0 0.5077271306836905 0.2943202747517604 0.13862967207625304 0.24922536167271767
0 0.6313419086868677 0.2891937174511173 0.13218875730360063 0.23803319368794015
0 0.6722264127473527 0.5895093938388519 0.14970353977100465 0.25748353064607843
0 0.7309432991130861 0.8874687789346485 0.15732512499835227 0.22506244213070312
0 0.8164264261400334 0.5695855074887359 0.1513478603878557 0.2622346976422728
0 0.7691419176153215 0.27760891311622377 0.1368762573036008 0.23822419467652328