0 0.0453125 0.6734176526324052 0.0859375 0.26393850362819704
0 0.32890625 0.6002330906593548 0.146875 0.2441914880191005
0 0.5203125 0.8716740371238251 0.165625 0.2260962524470706
0 0.35 0.9041839806778883 0.15625 0.17264387023308564
0 0.48359375 0.5713937841286001 0.146875 0.25356648801910053
0 0.45 0.2663169037287135 0.1359375 0.24380954210278444
0 0.5796875 0.2500693664352525 0.13125 0.23427085099579195
0 0.6171875 0.5386035875793119 0.146875 0.25356648801910053
0 0.6734375 0.8428892942954012 0.1609375 0.2524950613400783
0 0.75546875 0.5040871999230312 0.15 0.2583631154237622
0 0.70546875 0.2261457383976186 0.13125 0.23427085099579187