0 0.075 0.5671875 0.1125 0.2078125
0 0.221875 0.8890625 0.1125 0.2203125
0 0.0859375 0.8875 0.125 0.225
0 0.2140625 0.5625 0.1171875 0.2234375
0 0.2203125 0.2578125 0.1046875 0.2078125
0 0.3625 0.25 0.1046875 0.20625
0 0.3765625 0.534375 0.1125 0.215625
0 0.3734375 0.86875 0.1296875 0.2609375
0 0.515625 0.525 0.1140625 0.21875
0 0.4875 0.240625 0.103125 0.1984375
0 0.640625 0.521875 0.1140625 0.234375
0 0.659375 0.809375 0.109375 0.25
0 0.7609375 0.50625 0.0984375 0.2296875
0 0.790625 0.7796875 0.125 0.2515625