0 0.14805535878133025 0.9031799943000168 0.2248965237259962 0.12790575075630456
0 0.4668053587813302 0.8808908229930228 0.23972302768032883 0.14763909654926016
0 0.7692300218231919 0.8425067581226463 0.21558519072219048 0.12881268689433406
0 0.7732569941428631 0.7106011942606759 0.21051568874502422 0.11910990496334897
0 0.4831413301124182 0.7434236739817586 0.2207183596955513 0.14007796882531948
0 0.16257416212764061 0.7595721059324142 0.2662218606841345 0.14793402749150975
0 0.502092965473951 0.5932380036831708 0.22339769072219054 0.12935899011264276
0 0.780217965473951 0.573789609111382 0.20263952174883001 0.11700110174504026
0 0.5011141028126501 0.4538477217521856 0.23746019072219066 0.13034233590559854
0 0.1953442638773455 0.44859104726622395 0.2749601907221906 0.1329645913534801
0 0.5132082431170988 0.32764585467190654 0.23369852076024672 0.11449881461827509
0 0.2196200692008222 0.31370259503665093 0.2566558596955513 0.1425909636295394
0 0.23471187551288214 0.18415720666904842 0.2441558596955513 0.14171687848024547