0 0.7584638270351256 0.4566106636105154 0.22553319368794006 0.13710204646340926
0 0.11044145699663191 0.4837449417107738 0.22088291399326382 0.1518648834215476
0 0.43847627368881514 0.30114859490398477 0.2632241946765232 0.1433175543720746
0 0.40029447726258705 0.12430225201434739 0.26354252965749514 0.1511300543720746
0 0.08991539277590663 0.28822685326976066 0.17983078555181325 0.12332870653952135
0 0.4743077084423256 0.6124972717860109 0.2186465237259961 0.12122237847863157
0 0.7629537143738248 0.5960869990857789 0.2095261917107738 0.12709037650146532
0 0.13609278403175745 0.6354957841061195 0.26960152866891207 0.1466972223568522
0 0.7636792731573425 0.7127160835724593 0.2187101907221905 0.12278487847863176
0 0.48914484676960795 0.747699942736538 0.21915585969555132 0.13372237847863175
0 0.15836042038187342 0.7803917900376185 0.2657761917107737 0.12938238836446328
0 0.19167564467871087 0.9038266314443811 0.2785945266917457 0.13770422433401847
0 0.5010479860854735 0.8780877796946761 0.2130331936879401 0.13659271049385424
0 0.7696016679104154 0.8170361690477229 0.22470552273741298 0.11678954646340918
0 0.7738342286710996 0.924417587526792 0.19013952174882984 0.1107013725471326