0 0.08545338585582439 0.14449824797140512 0.13114120653952138 0.19121710957707688
0 0.8540230192401909 0.2887830726520365 0.2765465484405755 0.23435127516050808
0 0.4637149901141683 0.04443401826394457 0.3756950197716634 0.08886803652788915
0 0.9130637326997946 0.0660353194056256 0.17081651878308007 0.09198076866768637
0 0.34103624650277786 0.4054731095803722 0.3281435405319102 0.19777857548481972
0 0.048342681559205694 0.3396295158283126 0.09668536311841139 0.17518300649282176
0 0.7954916417501424 0.4990308258984474 0.37654654844057556 0.23609678165332984
0 0.034373705513757145 0.5039374776788657 0.06874741102751429 0.1671250446422686
0 0.28495870695945086 0.5938185892878327 0.3289075444862428 0.2165285754848197
0 0.7388729327391631 0.7006575556059079 0.3942778765014653 0.21142406412073383
0 0.659372480648266 0.8698945251670986 0.41522704646340924 0.2274036201270885
0 0.23375966840470705 0.7773947483784422 0.3211587114824373 0.21795470779006793
0 0.018754022700231965 0.6533744159904684 0.03750804540046393 0.15887616801906326