0 0.49068352131190096 0.16283156224389025 0.29920569279472176 0.20118162613590118
0 0.5100593101082722 0.04848023366506175 0.2923813797834557 0.0969604673301235
0 0.4885537538274307 0.477347826511914 0.22771112602253202 0.1572817688161376
0 0.20621261526848636 0.5279472557909684 0.21998955423577735 0.16004289578060843
0 0.8327727667595545 0.4184050502521782 0.27848401583511767 0.186173056243525
0 0.21983118289860587 0.6498029851128038 0.226148626022532 0.1572089942090317
0 0.4956268047645028 0.6096509042621729 0.22968280298213611 0.1714170434232436
0 0.8347946048436452 0.5634264518237548 0.27182483887551345 0.17181945781510155
0 0.82081936988734 0.6951494867699429 0.2862055876218722 0.1834119292790543
0 0.4966771762346883 0.7344325804408554 0.22494983887551356 0.16963621960192582
0 0.24252087364826358 0.7548522040955572 0.23230769780928667 0.15437509263745533
0 0.2420458490376573 0.8516180421848982 0.19917694906292788 0.1419093258882321