0 0.18524852687890822 0.5853893732907638 0.20205492142117149 0.3168641109416669
0 0.07585856430629569 0.6379896560601737 0.10455918320799576 0.26777068787965275
0 0.49790473056018064 0.46392606848552037 0.15793674028009033 0.24091855357097242
0 0.4141653155491499 0.1772813600886455 0.16218759263745514 0.23165265634451399
0 0.5940392917661044 0.8151963213353121 0.18690080231458364 0.29309930262104195
0 0.5478296861034799 0.14210431345152733 0.17080061331561963 0.24902199430041677
0 0.6360382772931931 0.4239524190748606 0.17356174028009033 0.24128222948277797
0 0.7418924408564816 0.7656112825819786 0.18392135152879519 0.29615156743868065
0 0.8728299176971179 0.705470603536041 0.18435799917143036 0.3055265674386806
0 0.7665947644729114 0.3724236738245133 0.17334341645877274 0.23659472948277785
0 0.662363066996892 0.11937113544923586 0.1550300641014079 0.23874227089847172
0 0.7609075748547749 0.09198094614468721 0.1436901497095498 0.18396189228937443
0 0.2733798037623257 0.22748399468166647 0.1794864086008899 0.2679538322563196