0 0.8669071807705556 0.38340539693648756 0.2456349700477511 0.38619181788754575
0 0.501485533495628 0.563585944071248 0.1909623390148923 0.29292030788560625
0 0.5810985893085924 0.8492208130072623 0.17875002649368774 0.2109050333397989
0 0.4015277505481542 0.1740837322670846 0.22908238710812653 0.3481674645341692
0 0.4249750748806222 0.8806616158918985 0.18229168874473983 0.17847517061270252
0 0.3388019950210405 0.6267231571076051 0.20976690271722323 0.29601335697722037
0 0.22825145245491996 0.24545679483955066 0.22288695081045748 0.3594061772806623
0 0.09322915562763007 0.33199968590547607 0.18645831125526013 0.36725062818904786
0 0.18653760137431002 0.7038112998405205 0.20804071161023066 0.29119831121958606
0 0.29153509230381736 0.9094717552908339 0.16228672359113014 0.14100712152108805
0 0.1747096908525385 0.9532851413557897 0.14426092068857255 0.07098166394474248
0 0.7472072281459996 0.7772347584556359 0.2007540012659444 0.2610006281890479