0 0.37310019410221745 0.026434426407181282 0.36629961179556514 0.052868852814362564
0 0.3957985618034143 0.3426083740728115 0.293556570958725 0.1901824681476203
0 0.7585614566312712 0.3362934007341066 0.2812202620657175 0.1941419260542455
0 0.06603792845071182 0.3504102527014231 0.13207585690142365 0.18291745776545093
0 0.7448015130772079 0.5070609270424657 0.30180558057737167 0.20313749445597934
0 0.38489079973769674 0.521006389857827 0.29259427168436447 0.20727896288594838
0 0.06544391760852962 0.5402540027014231 0.13088783521705924 0.18199199459715382
0 0.07572416398033255 0.7144804579772124 0.1514483279606651 0.18978908404557515
0 0.3913615106301372 0.6929345977644521 0.2863442716843644 0.2069149418392609
0 0.7280629024627692 0.6514934665050047 0.2980258161494017 0.18420548393263586
0 0.7297022696158117 0.7831606954583172 0.2570188702330857 0.1709018471291678
0 0.7579687235063121 0.15232792441162987 0.325570462791357 0.21387757338105723