0 0.4129861840785873 0.6096900342423862 0.16395560136854392 0.2715701145267914
0 0.4412448073679075 0.2878984672307282 0.1653726507001803 0.25918851369695456
0 0.3809849427911761 0.9300037488624575 0.16902381468808994 0.13999250227508497
0 0.5929254860359529 0.3095394367365415 0.1734215080362711 0.2800930095477696
0 0.5755770907463146 0.6298160479393407 0.17799992003499837 0.2710732070582587
0 0.5629343767902216 0.9279753251095351 0.1661533533577261 0.14404934978092995
0 0.7323292667886308 0.9223541323729307 0.1836135733609078 0.15529173525413853
0 0.7278662967456782 0.6366724670302355 0.17638287603436212 0.26626730788809566
0 0.7196334367043165 0.3316297695197465 0.1577601453691802 0.2757840178461394
0 0.8453692333704528 0.3372546527178699 0.1448237933640896 0.23733682448483515
0 0.2647095793682257 0.27686311100230654 0.18145218403881638 0.29943500539858475