0 0.5022412943939729 0.5224356197259379 0.1545703670936593 0.24932835518980245
0 0.4532599354917372 0.8315151830558503 0.15449764422102225 0.2368283551898025
0 0.5601658612399267 0.13919184855050315 0.17658172247985354 0.2728931202169172
0 0.5971781071347102 0.8612577460911751 0.16084763817089803 0.2540522166261209
0 0.6563429871141847 0.5569247700952802 0.1654987767345796 0.24782948770335977
0 0.7307465268327754 0.18627644769018148 0.17208512002052548 0.3056783491396783
0 0.8850027556573407 0.24732809805952383 0.18307716217500314 0.31511698165323565
0 0.7964367219888742 0.600707107232906 0.16547150565734087 0.24314198770335976
0 0.7175951462641258 0.8776447736113215 0.1451953670936593 0.24471045277735684
0 0.8325888871889393 0.903776002435887 0.13395788524403188 0.19244799512822616
0 0.29049631507842827 0.7852572857115702 0.17034081283893307 0.2744192587805987