0 0.4465848895551973 0.5087453035673551 0.29237601687504094 0.18603853571156997
0 0.7825471822061358 0.4443071163080923 0.2814930805773718 0.18753740319801276
0 0.09799611133222894 0.5918562227744412 0.16107145317271016 0.18371244554888227
0 0.8378944250345597 0.5977230077986401 0.30057046279135696 0.1970214875069681
0 0.49092271051392233 0.6824055173648057 0.2912500264936878 0.19852944535249045
0 0.15891379708174388 0.7929510901626878 0.20164188947037925 0.18238629488495234
0 0.21681312103569378 0.9290880571815924 0.24871529691210786 0.1418238856368152
0 0.5550273944493387 0.8405589058302914 0.28661709019601866 0.20006467427525151
0 0.8637748456383143 0.7479139053393121 0.2724503087233714 0.17825330678880888
0 0.884925648540872 0.8816303751868869 0.230148702918256 0.1702499092481368
0 0.7244370379264332 0.25650713445846496 0.3243353450053423 0.20653284289316237