0 0.5510738278885181 0.6653997963858543 0.253062048117387 0.16520963819098747
0 0.2220872347360634 0.6275501415249674 0.27563795496493215 0.177932778797871
0 0.8722479210409728 0.7026117224585686 0.17926360271317882 0.17783744182452993
0 0.22985656925064482 0.4695463228885156 0.2612750663159841 0.17209736697916012
0 0.5582819578995928 0.4916434319917681 0.2538630845145814 0.17770963819098745
0 0.8805877544758202 0.5234503809432995 0.19196386181247718 0.18198280788560622
0 0.8690260980897001 0.36072724033641607 0.23571386181247728 0.18555408909937315
0 0.5549938764673303 0.3468730659306917 0.24907545496493205 0.17576450091808393
0 0.2448178400701358 0.33411900591905375 0.2587112708194909 0.1563448212215257
0 0.25736550971760747 0.21184539319195733 0.2463114003691403 0.15688695516044932
0 0.21609115130121612 0.8069028016766883 0.28415136181247735 0.1895080075860438