0 0.4719270607914357 0.25331505321151593 0.3628293565506478 0.25786587137320127
0 0.14107618491972257 0.1634245450350679 0.23150144410953666 0.2308051187523077
0 0.8536179752587971 0.3570387214747116 0.2421846658814811 0.26411826650055426
0 0.07883453557951414 0.36606748612033935 0.15766907115902828 0.21630252775932127
0 0.37279861927379726 0.47175297501845587 0.36562216588148094 0.27202850092285064
0 0.7887572270022234 0.5833799784145419 0.32894237210203664 0.27900039173126706
0 0.6825387468889368 0.7851811127445532 0.4017742793593513 0.2945438510151357
0 0.27929475263838094 0.652540702500922 0.3576729648447218 0.2699653531746041
0 0.04417249915152822 0.5412071884643778 0.08834499830305644 0.18946062307124442
0 0.010774947313565401 0.6999406408084162 0.021549894627130802 0.18761871838316752
0 0.218935927709676 0.030239410086747742 0.24025314458064803 0.060478820173495484