0 0.9556041542259361 0.6967017377634537 0.06708195454365722 0.266140210466874
0 0.8549768628300782 0.7384635745104519 0.16560127516050818 0.2765610419522003
0 0.6354588441590966 0.43750583219119826 0.1832524253226639 0.30412459983059076
0 0.471482118915863 0.4868596320359064 0.1655467280826075 0.2734360419522005
0 0.5932806213481997 0.1013903818241449 0.16343875730360063 0.2027807636482898
0 0.40534424472499425 0.13175583962488935 0.18459673701106122 0.2635116792497787
0 0.24372490625123575 0.16608991865584785 0.18988425486796867 0.3263636208772782
0 0.33302754505260107 0.5495555950630291 0.15937854869945856 0.27775952090551304
0 0.3855762520351854 0.8477509003811707 0.15902399269310408 0.25744702090551297
0 0.19093945657884256 0.5968540712443314 0.16091377516050817 0.27628802616718495
0 0.2634694269541076 0.868130560791575 0.13515011606989863 0.23108194198043536
0 0.15946771956778139 0.879651160692753 0.13624896590774283 0.20461044724210709