0 0.16222851964019794 0.8635695778879166 0.2521190798171736 0.18536084422416685
0 0.5388337533052596 0.6710112166619092 0.3515026497095498 0.20796450246854192
0 0.5241954028099217 0.4742635032310412 0.31469185442427944 0.18837804787138915
0 0.9130833896800539 0.6940596716403118 0.17383322063989226 0.1763482137152085
0 0.9028468258882322 0.4659164878447215 0.1943063482235356 0.19713349240055572
0 0.8841995256405631 0.2717125461653465 0.23160094871887366 0.2024756090418057
0 0.4864663087247244 0.30229823746347184 0.31894270678164427 0.17911215064493077
0 0.14487812220695978 0.3063383061364235 0.25168243217453845 0.17598584422416685
0 0.4682320773359742 0.12909712680614543 0.317525755995856 0.18220078305375026
0 0.14592258374611503 0.1608439681805207 0.23638276385373888 0.14909603590354187
0 0.14722391046291672 0.057430640292604154 0.22882282092583345 0.11486128058520831