0 0.12446461729100991 0.30223726006798624 0.08172510714144487 0.20806837955902785
0 0.21661120698258438 0.30672669794763907 0.0816160129856435 0.20181837955902787
0 0.04655780560261261 0.2879188805089584 0.0786819277582959 0.21268314437666672
0 0.2986424569825844 0.3086359964846183 0.07525691882984216 0.19542290919430555
0 0.2013508510589555 0.5541283748093753 0.08150691882984215 0.19556837955902787
0 0.2919758510589555 0.5562376950978475 0.07525691882984216 0.19542290919430555
0 0.11541335105895549 0.5521281572944445 0.08161601298564354 0.20181837955902787
0 0.034449317777477236 0.5400080573706945 0.06889863555495447 0.20167290919430556
0 0.030677661122499693 0.7930421383927431 0.061355322244999386 0.20170927678548622
0 0.10643026867427696 0.7981128045209029 0.0756932954530476 0.22042290919430557
0 0.18436435390162456 0.8108686840799308 0.08150691882984215 0.19556837955902787
0 0.021800605928571817 0.9742278418977952 0.043601211857143635 0.05154431620440967
0 0.09152051461708717 0.978970546494948 0.07263865909060954 0.042058907010104105