0 0.31015625 0.06944442604605011 0.0734375 0.13888885209210022
0 0.39453125 0.067971206083117 0.0734375 0.135942412166234
0 0.2421875 0.06514879564616352 0.071875 0.13029759129232704
0 0.46953125 0.06582586352484561 0.0671875 0.13165172704969122
0 0.38125 0.2687177066312712 0.0734375 0.17912699400955018
0 0.46328125 0.26741561225890126 0.0671875 0.17890873920022676
0 0.30390625 0.27063735989664855 0.0734375 0.18537699400955027
0 0.22734375 0.26159223131086046 0.0671875 0.18515873920022682
0 0.1515625 0.250957320873907 0.0671875 0.19140873920022677
0 0.06328125 0.46888392005560037 0.071875 0.1790724303072194
0 0.2140625 0.49174352278067274 0.08125 0.18564981252120455
0 0.1421875 0.47940970308789216 0.071875 0.1884474303072194
0 0.29609375 0.4912226784083028 0.0671875 0.20078373920022674
0 0.365625 0.5005133436545798 0.0734375 0.17912699400955034
0 0.04296875 0.6969369981859014 0.0671875 0.19453373920022693
0 0.20234375 0.7249652505481542 0.071875 0.1915724303072192
0 0.28046875 0.7253620654316114 0.0671875 0.1773462392002269
0 0.3515625 0.7478794169755575 0.071875 0.1790724303072194
0 0.440625 0.7486755359426986 0.071875 0.17907243030721923