0 0.2023129595331994 0.32711298760516405 0.16224465060882318 0.07434653590796181
0 0.1877723563490007 0.39033969545068625 0.15911965060882313 0.07432835518980259
0 0.2036998584750326 0.26224651170746494 0.16680460485118864 0.07281130698520064
0 0.1804702972554466 0.46064310509160666 0.15366687606301593 0.06492608411256366
0 0.38011935301502076 0.40865439997655895 0.15430460485118863 0.07273858411256366
0 0.37925861255791854 0.47665042105379773 0.16093724212409216 0.07746244554888211
0 0.3863212977144886 0.3422526951560987 0.1591196506088231 0.07432835518980259
0 0.39142312801987 0.2797526951560987 0.15873701333591955 0.06964085518980259
0 0.40068629984052045 0.21415042105379775 0.16342451333591956 0.06966812626704136
0 0.5992990140848257 0.16528217075921012 0.1669321506088231 0.07437380698520064
0 0.5867516034740629 0.2902685352205907 0.16119233363936125 0.08058744554888211
0 0.5885371151429923 0.23009410450243148 0.16367960485118865 0.07279312626704142
0 0.5857633172593258 0.3598270562978296 0.1729270590935542 0.07128516842151908
0 0.5794338268022237 0.4277912611182898 0.16680460485118864 0.07281130698520055
0 0.7840248293872975 0.18120767348968467 0.16874974212409236 0.07750789734428025
0 0.7931604554503134 0.1171678993873837 0.16967451333591957 0.06970448770335987
0 0.7766273043824483 0.3101321042078439 0.16367960485118865 0.07279312626704142
0 0.7689266325617978 0.3757434686692245 0.15235946757828495 0.06804199375348405
0 0.7805021192258783 0.44459346261910027 0.15742960485118865 0.07275676483072288
0 0.7743639474052278 0.5102139174395605 0.1669321506088231 0.07437380698520073