0 0.64375 0.2203125 0.05625 0.1484375
0 0.58125 0.2171875 0.05625 0.1453125
0 0.70625 0.209375 0.0546875 0.153125
0 0.5125 0.2234375 0.05 0.140625
0 0.584375 0.4078125 0.05625 0.140625
0 0.51875 0.41875 0.059375 0.1453125
0 0.6484375 0.4015625 0.05625 0.1453125
0 0.709375 0.3953125 0.0515625 0.1453125
0 0.7734375 0.3921875 0.0515625 0.15
0 0.8421875 0.5765625 0.05625 0.153125
0 0.7203125 0.5875 0.0625 0.1453125
0 0.778125 0.578125 0.0546875 0.15
0 0.653125 0.5984375 0.0515625 0.1578125
0 0.5875 0.6046875 0.0546875 0.153125
0 0.846875 0.759375 0.059375 0.153125
0 0.909375 0.75625 0.0515625 0.15625
0 0.721875 0.775 0.0546875 0.15
0 0.6578125 0.7796875 0.0515625 0.1390625
0 0.5921875 0.803125 0.0546875 0.14375
0 0.528125 0.809375 0.05625 0.153125