0 0.5509537426483098 0.8886850707351787 0.10784787878738662 0.21050224267981754
0 0.4682673954072718 0.8752305507240429 0.10752033016686777 0.20425224267981754
0 0.6338857513547371 0.9031362800365892 0.10579405585660825 0.19372743992682154
0 0.3748073224764933 0.8647737613780888 0.10094278154634875 0.19792951734563574
0 0.485924127655733 0.6162191773949517 0.10563028154634875 0.19798406134627217
0 0.39929058683713003 0.6019379540499523 0.11228971732199752 0.20586928668045382
0 0.5774908299397252 0.6352424447405876 0.1075203301668676 0.20425224267981754
0 0.657420669378847 0.6556918520846324 0.10127033016686778 0.20417951734563572
0 0.7421198959730987 0.6777583034293138 0.1015978787873868 0.21042951734563572
0 0.8514252176606817 0.4393326974458585 0.10973792740790592 0.21677042401336305
0 0.6815321195151326 0.40065945408972314 0.11541471732199753 0.2059056493475447
0 0.7659004754625979 0.43131056476763174 0.10628537878738661 0.21048406134627218
0 0.5946529172311404 0.3816907307447237 0.11195552464894369 0.22928860534690845
0 0.5088482140426371 0.33853052940004236 0.10817542740790564 0.21675224267981755
0 0.8771401113745322 0.1850997307844946 0.11450731456303558 0.21838746801399936
0 0.9549657999772858 0.20560368212917587 0.09006840004542838 0.21982269867918128
0 0.7045347710308991 0.1393679654280411 0.1062853787873868 0.21048406134627212
0 0.6151071008590827 0.11646572008272346 0.09929839439121899 0.19634883601209033
0 0.5272009871097012 0.09280040607095127 0.1012769742194024 0.17451019867918122
0 0.4417990756443119 0.08712202339272454 0.10234815128862391 0.16515338001272667