0 0.6312970144379395 0.4585931659906171 0.0615647347764936 0.11243006763635784
0 0.6899134903356385 0.4669393848717306 0.05527837334017516 0.1057064709557057
0 0.6343679931643089 0.5837707647458616 0.06637040944452863 0.13309776514684693
0 0.5664083335233885 0.5801829008437702 0.061619276930971266 0.12180506763635783
0 0.5727775499531178 0.8696005983542593 0.06640677088084708 0.13934776514684694
0 0.6446661854917373 0.8773907101817583 0.07738972267624522 0.14798905933798814
0 0.8547173754814745 0.7410308481537665 0.07887949980360816 0.13560745850815117
0 0.958874131237011 0.9261889433845262 0.0789158612399266 0.14185745850815118
0 0.8767928842620731 0.9113792369509675 0.0836033612399266 0.14221265601864025
0 0.7963786764165508 0.9146566796875716 0.08058744554888228 0.1607258576783142
0 0.9227270320973329 0.7532124620558581 0.06630677693097127 0.12216026514684711