0 0.5375 0.378125 0.059375 0.1609375
0 0.471875 0.384375 0.05625 0.1453125
0 0.6015625 0.3671875 0.0546875 0.153125
0 0.403125 0.3984375 0.0515625 0.153125
0 0.4765625 0.5890625 0.059375 0.153125
0 0.409375 0.5921875 0.059375 0.1453125
0 0.54375 0.5796875 0.05625 0.1453125
0 0.60625 0.56875 0.05625 0.1578125
0 0.665625 0.5546875 0.0515625 0.1484375
0 0.7359375 0.7421875 0.05625 0.153125
0 0.6140625 0.778125 0.059375 0.1609375
0 0.6734375 0.75625 0.0546875 0.15
0 0.5484375 0.784375 0.0546875 0.1625
0 0.4828125 0.8015625 0.0546875 0.153125
0 0.7390625 0.9234375 0.059375 0.153125
0 0.8 0.921875 0.0515625 0.15625
0 0.7953125 0.7421875 0.05625 0.15625
0 0.7890625 0.3421875 0.0625 0.175
0 0.8609375 0.7296875 0.05625 0.1625
0 0.9203125 0.903125 0.05625 0.15625
0 0.728125 0.546875 0.05625 0.171875
0 0.8 0.546875 0.0640625 0.1671875
0 0.7265625 0.3375 0.059375 0.1703125
0 0.396875 0.1890625 0.071875 0.1671875
0 0.4671875 0.1859375 0.05 0.1609375
0 0.5328125 0.1796875 0.0671875 0.1609375
0 0.6 0.171875 0.059375 0.1609375
0 0.665625 0.16875 0.0515625 0.14375
0 0.91875 0.7140625 0.0546875 0.14375