0 0.40550290223554775 0.4408378601144344 0.1843287683452644 0.09120239820967195
0 0.41047039427245285 0.5127629248892591 0.16686825256024881 0.08541347316352947
0 0.3959389154603146 0.3701749066906617 0.1745897472985769 0.08435162091177598
0 0.42343239683270156 0.5883136374123303 0.17440773677523325 0.08122662091177588
0 0.6323831916274995 0.540993756164638 0.17486276308359247 0.08903912091177606
0 0.6343166889260764 0.614281061840164 0.16705026308359247 0.08853847316352947
0 0.6241996943289225 0.46730593229051465 0.16686825256024881 0.08541347316352947
0 0.6147267128153612 0.398205478866742 0.18093075256024882 0.08631463911037329
0 0.6015294918251436 0.33197970156884604 0.16972023677523324 0.080926232262828
0 0.8074917945124491 0.28680331122185515 0.17468075256024881 0.08591412091177605
0 0.842707499647064 0.4237118283407183 0.1843287683452643 0.09120239820967195
0 0.8201352786568463 0.3568852737449264 0.1714647472985768 0.08415136181247736
0 0.8477204943148051 0.49641814311554294 0.18561825256024883 0.08661502775932135
0 0.8636254863517102 0.5690441147379128 0.17458974729857682 0.08435162091177606
0 0.9577053551628498 0.3086351457364366 0.08458928967430027 0.0796455320782579
0 0.957447749929413 0.24311027528608592 0.0851045001411741 0.0731952729789592
0 0.8092748314147393 0.2238725146456278 0.17780575256024883 0.0861143800110746
0 0.3745967235504664 0.1641053793927658 0.20022678413027978 0.09689119370616513
0 0.7980573393778343 0.15154693167220581 0.18570925782192055 0.08817752775932126
0 0.9493930552475544 0.12093488663713792 0.10121388950489134 0.06129605027685518
0 0.5952270129424181 0.26386075724437213 0.19664675782192056 0.08887843460686647
0 0.5977079998588257 0.18618634021779407 0.19085178413027998 0.09629041640826919
0 0.3675724498023559 0.23059197254522057 0.1937037683452644 0.09180317550756785
0 0.19614185473932683 0.5612948527131787 0.19296031570031094 0.10576554595791858
0 0.19480759691740618 0.4849326118124774 0.18369173151356138 0.080264898209672
0 0.18984010488050113 0.4130075470376527 0.18634629465362354 0.09911502775932131
0 0.18326461021276014 0.3402011027131787 0.1843287683452643 0.09120239820967199
0 0.182248870806691 0.26930761181247737 0.1650327367752332 0.08062584361388012
0 0.7822811499576476 0.09449589527501125 0.16274219468185844 0.06802571406423075