0 0.7667569895164255 0.5793703751234682 0.22309514342931003 0.10864498465266018
0 0.7471873642857128 0.6642422825920011 0.20091975478036198 0.1022998962703781
0 0.792426420422664 0.49731581433558764 0.2117571252307126 0.10156619046151931
0 0.7164799799557015 0.7514103958693926 0.21155686613141392 0.0984411904615193
0 0.4800394370801019 0.618877625323961 0.21215764342930998 0.10781619046151913
0 0.46427593229973985 0.7056080307179012 0.20112001387966066 0.1054248962703781
0 0.5043966918604639 0.5327984153659171 0.20091975478036198 0.1022998962703781
0 0.5291346784422285 0.45302840499295505 0.21820738433001133 0.10516478714217126
0 0.5582597763750453 0.3783010921304819 0.2053068661314139 0.09796759378086702
0 0.32542509485049775 0.2507518195104577 0.21195738433001132 0.10469119046151913
0 0.25681838988556566 0.40256185062934435 0.22309514342930994 0.10864498465266034
0 0.29604967304355767 0.3293853823729308 0.20706962523071262 0.10121099295103005
0 0.23724876465485298 0.48743375809787715 0.22425712523071262 0.1025133838228232
0 0.20366670419896496 0.5704588230349427 0.2117571252307126 0.10156619046151913
0 0.09782052899593893 0.21309384108157473 0.19330751387966064 0.10483290041956286
0 0.11068957125322965 0.13477958693238984 0.19739423658176475 0.09581309793005195
0 0.3359003223329638 0.1730412166060283 0.21664488433001133 0.10504638797200823
0 0.8580466301679582 0.25735458778080433 0.2421455320782578 0.11475327469461663
0 0.3640136327888518 0.08960175457339214 0.22445738433001133 0.10563838382282334
0 0.1425682318014027 0.017083524069916693 0.20861353639719454 0.02824708963168219
0 0.57909151295681 0.2982350838321121 0.23705751387966068 0.10814807718412753
0 0.5921806007105939 0.20423663009784576 0.23140829117755662 0.11704948050347548
0 0.8527397640365442 0.34016708778080434 0.23569527297895937 0.11115467801396459
0 0.9104407310354358 0.7873040421397708 0.07193316162790708 0.10341026514684692
0 0.926454559689921 0.6966673867458303 0.060655700184570095 0.07301237012586874
0 0.9412365553709842 0.6130027817668084 0.05424501387966067 0.09429537427505377
0 0.39123626927833144 0.04456194171091902 0.19252746144333716 0.04413219875988892