0 0.4625083035384181 0.4316803269604129 0.10828978714217126 0.21948555103961845
0 0.5420298601771139 0.41308276969701724 0.10194469875988901 0.19725535352912935
0 0.38634854524004836 0.4531660858834826 0.1010925937808671 0.20651195435896633
0 0.6209002213799131 0.3858914624336215 0.10109259378086702 0.20651195435896633
0 0.5070824846526604 0.18001016056881047 0.10902349295103005 0.20866645020978147
0 0.5833014425361116 0.1593056516457408 0.10975719875988901 0.19784734937994447
0 0.424921180088557 0.19487906658745074 0.10194469875988896 0.19725535352912935
0 0.3509751172260838 0.2248401763403574 0.10480958963168216 0.21456125269929238
0 0.2769815101724695 0.24380458650818254 0.09604989627037801 0.20146925684847722
0 0.17075205311421088 0.07584933713288249 0.09252123195336796 0.13440015601864025
0 0.3099087188811134 0.04165239719581691 0.07405465186945541 0.08330479439163382
0 0.24263870850815117 0.061261252487188736 0.0871233369323898 0.12252250497437747
0 0.37782992468997223 0.031773739414934166 0.08127515601864026 0.06354747882986833
0 0.4502610317435865 0.018805509123562346 0.07864706348717299 0.03761101824712469
0 0.09664004689043353 0.09325124730070763 0.0932316269743461 0.14377515601864027
0 0.17750726412116177 0.5279213226107353 0.1158421780139645 0.23714664772027055
0 0.03502804066665621 0.10970596410722859 0.06413612282516123 0.14933807178554281
0 0.2079122014591813 0.26553879916551865 0.10755608133331238 0.23030465186945542
0 0.12740848527736026 0.3022827051841589 0.11250369046151917 0.21359074855010754
0 0.26142032283445005 0.5050623178368505 0.11224358133331247 0.2306598493799445
0 0.6773081998087961 0.6118377331795459 0.1291942829929864 0.22883724025173785
0 0.5863046915104263 0.6344482842191643 0.09723388797200823 0.21709425684847722
0 0.5105593303076271 0.661402793142234 0.11922728714217126 0.22031434523075966
0 0.4366365782330347 0.6709330037249777 0.09254638797200823 0.21673905933798815
0 0.10190361287640629 0.5360074323636421 0.09687869046151915 0.21240675684847724
0 0.36406376122137674 0.7086474138928027 0.0967602912913561 0.21084425684847724
0 0.29008180956170276 0.7173963744755465 0.09844119046151914 0.21252515601864025
0 0.14989544006053385 0.7649486485454631 0.10985228714217125 0.21960395020978146
0 0.03219107365964259 0.33149845373426634 0.028625597930051948 0.19325309253146727