0 0.8606829577543291 0.7646479028755075 0.14813113342392378 0.14185389227157383
0 0.8347381807670227 0.8771383409527761 0.12716306956195353 0.13070177879370348
0 0.8824101283050185 0.6675090627247204 0.16197511213660043 0.1399592016024071
0 0.9011319031986382 0.3885344622063408 0.16364687278026224 0.14165840263916635
0 0.8910524268317502 0.47647395961444267 0.17287976114786474 0.16265440782296264
0 0.5725548910423672 0.8046804147037024 0.3075825430788502 0.17909819698425872
0 0.606563540305733 0.7117601828469895 0.3148158888718056 0.19370750113129578
0 0.6340872427874075 0.6104122963248597 0.3089265217915266 0.17610989802101784
0 0.9118669434274966 0.291219964798239 0.15659919728589458 0.15191239745537005
0 0.6424239026944351 0.5136739973616191 0.29486402179152654 0.17487958869018455
0 0.6660959854979405 0.4112031082475912 0.30300430372251164 0.18025059387398096
0 0.9331734968979069 0.21133697516583153 0.12207137797604233 0.10230337672018494
0 0.3291372988557078 0.520064241046527 0.27869271857321787 0.16570007832259215
0 0.3600755784409045 0.42608935711629553 0.28080152179152656 0.1736492793593513
0 0.37556881050777574 0.2270073081530548 0.29664504307885 0.17814128972694387
0 0.4143742204148033 0.13293467940661957 0.29486402179152654 0.17487958869018466
0 0.4261747339084566 0.07658693459041584 0.2882755321830867 0.10286788765342539
0 0.6815345872429808 0.21290230928435055 0.2795668037225118 0.17820007832259205
0 0.706020771035222 0.13251147172546157 0.26310056956195355 0.14259476899175877