0 0.6416424643309432 0.6354855864502547 0.11804329544054112 0.19747496369925485
0 0.7165357205547205 0.6242077188656162 0.11037250539858476 0.17868860226293623
0 0.5732593172353726 0.6296214058302914 0.10952040041956294 0.18805451190385672
0 0.7609163730488758 0.8079787308676687 0.116007198759889 0.19121587334017534
0 0.6953389172400171 0.8185298906067849 0.11037250539858476 0.17868860226293642
0 0.6105136313472457 0.7914856015755654 0.11468149710021507 0.19433178298109546
0 0.5279882417248521 0.9582539032962085 0.07682445435896632 0.08349219340758296
0 0.6562908404800967 0.9625396757877827 0.07130816016782511 0.07492064842443469
0 0.5876592396502598 0.9623237797596417 0.08248245850815117 0.07535244048071661
0 0.3864813676502911 0.627753857920277 0.1061352912913561 0.20521474082661798
0 0.4473596680652096 0.627327131924382 0.12043458963168216 0.20842155405833437
0 0.666436941710919 0.39589182132494416 0.1069873962703781 0.1958488311856975
0 0.6034400342423862 0.4095816166026799 0.11503669461070398 0.1990192829810955
0 0.5354004292633643 0.4185566408031767 0.1038623962703781 0.19583065046753828
0 0.320382770969639 0.6211220628389331 0.10675059793005195 0.1927238311856975
0 0.4720007800932013 0.41662598126045225 0.10471450124939992 0.18646474082661793
0 0.4037835763589349 0.423257255460949 0.10831309793005199 0.192732921544777
0 0.5553175684847724 0.8153725534691592 0.09990860207923688 0.18487496974937906
0 0.4589422437994447 0.9541385750373774 0.08366645020978147 0.09172284992524524
0 0.4944868122609952 0.8267322342855143 0.10831309793005203 0.192732921544777
0 0.3944536913099337 0.9586306323171655 0.08764355518880329 0.08273873536566896
0 0.42868421350575064 0.8240066892041703 0.10005031203728051 0.16613406010845858
0 0.29384727221903884 0.806823213502863 0.1019680095477696 0.1708306504675381
0 0.24821177304423142 0.6167976563212707 0.0926163203356503 0.15047269867214014
0 0.22990317138920185 0.8080130087805987 0.09728050954776961 0.17080337939029952
0 0.17010211889969096 0.8123505299560335 0.09536281203728052 0.16610678903121973
0 0.3278106429696076 0.9553147347764936 0.0865546518694554 0.08937053044701279
0 0.26230404213977065 0.9566817920562819 0.08944285352912935 0.08663641588743616
0 0.48942138797200824 0.21369187880112417 0.09931660622842173 0.17706246974937895
0 0.42552483133331237 0.22581462889932005 0.10400410622842174 0.1770897408266178
0 0.2953045350675788 0.21802887909571175 0.10627700124939991 0.1864738311856975
0 0.2311003251095351 0.23639708401436782 0.10471450124939982 0.1864647408266178
0 0.16883712344986118 0.23915846965118312 0.10471450124939982 0.1864647408266178
0 0.2720599796782829 0.4162436652982612 0.10712910622842173 0.177107921544777
0 0.20894467303958705 0.42837096057599683 0.1019680095477696 0.17083065046753815