0 0.2632762721698308 0.3667414211886312 0.21968802586424746 0.09985550740125557
0 0.26347851214070095 0.2790912268641572 0.19923913354437942 0.09386632325581443
0 0.27828149505194205 0.4428428462347737 0.2085686694377568 0.09290460055371046
0 0.07961864650975665 0.26644462523071266 0.1592372930195133 0.09302571406423077
0 0.07496641884418961 0.3427067365817647 0.14993283768837923 0.0896003254152828
0 0.10026728988541023 0.43259005937615386 0.20053457977082045 0.09632998920265834
0 0.30651884065788015 0.6559831963270588 0.22851745658477532 0.0817062846991515
0 0.2983630113492781 0.5865823542543381 0.23062552586424748 0.10055641424880087
0 0.5135921724072576 0.29120570480804864 0.2177618130112659 0.08725537785160639
0 0.520784895289369 0.3668064821059446 0.2211595976510022 0.09683063695090492
0 0.5061253502247915 0.44022419570874993 0.21923338479802065 0.0842305074012557
0 0.3231320276466141 0.7306222509228506 0.2130743130112661 0.08695498920265834
0 0.5095254833734596 0.5116683991325226 0.2115118130112661 0.08685485965300899
0 0.5112721883088822 0.5861374730066459 0.21316524122451136 0.09007998920265833
0 0.08784802632646588 0.4982453377537839 0.17569605265293176 0.07774067550756776
0 0.08841031598076689 0.5717829673034333 0.17682063196153378 0.08731593460686646
0 0.08614730242182254 0.6461519116279073 0.1722946048436451 0.0851526573089707
0 0.1185378043687914 0.7949992242432635 0.1881197771178887 0.08691541640826905
0 0.3242111428485935 0.8011350100221492 0.16606292069139802 0.07926360271317856
0 0.12655724135752539 0.8690875663159842 0.19106292069139794 0.08086567550756776
0 0.1300255706661274 0.9381880197397567 0.18472199247815263 0.0773401573089707
0 0.00029288737181011826 0.8718947863971944 0.0005857747436202365 0.06566457279438893
0 0.7430259566512822 0.4491438224806221 0.19731292069139794 0.08126619370616517
0 0.7378550718532617 0.5192560633813235 0.19749477711788863 0.08751619370616517
0 0.7584223214575502 0.6732018861757126 0.20691524122451135 0.08967947100406111
0 0.7531150443396616 0.7480016270764139 0.1961141335443795 0.09366606415651582
0 0.7690151774883296 0.8202468668973811 0.20686977711788862 0.08811697100406102
0 0.5242542584462841 0.7317701480527884 0.19602320533113407 0.09054106415651582
0 0.5431657313283955 0.8081218969730543 0.18811977711788863 0.08691541640826905
0 0.5034108418450144 0.21071716841085403 0.20682431301126591 0.0865544710040611
0 0.25269778800494835 0.192302625692138 0.19124477711788873 0.08711567550756785