0 0.48655505992893805 0.5787031203449329 0.2073012449116174 0.08914819892376151
0 0.4768359011770823 0.5101157861845331 0.18518058344622812 0.08344185442427943
0 0.4819251136378397 0.65210423304138 0.19447369629109837 0.08231600206691461
0 0.283167788332212 0.49952923490340684 0.20105124491161738 0.08885710049533806
0 0.2844602934205947 0.5794714460282774 0.18518058344622812 0.08344185442427943
0 0.2864897829051451 0.6453511571531478 0.20080558344622812 0.08416960049533806
0 0.10157147105564308 0.781622489246633 0.2005599219808388 0.07948210049533806
0 0.09739514190482815 0.6442851550862333 0.1947902838096563 0.07315932588823201
0 0.10176290083839803 0.7181956900324213 0.1677474219808388 0.07795383374611511
0 0.5022398564017505 0.8472733378799443 0.21149742198083885 0.07999152274507892
0 0.4969625361845055 0.783591827540862 0.18353619629109835 0.08180657981717374
0 0.6820966112629906 0.5087117597154005 0.2051655348257091 0.07813792431665564
0 0.6839623264372815 0.577716470840271 0.20549308344622813 0.08438792431665565
0 0.676575872344267 0.6439407843225063 0.20491987336031983 0.07345042431665565
0 0.5001583779984766 0.91687736248705 0.20047803482570908 0.0779196004953377
0 0.6915181196307335 0.7174703296077766 0.1989155348257091 0.07784682588823219
0 0.6990982462704137 0.7820422518575176 0.20055992198083886 0.07948210049533806
0 0.2937423609243063 0.7161730794028889 0.19390048620519007 0.07137850206691461
0 0.12041996834210962 0.8553339710496679 0.18929487336031983 0.0727226782455972
0 0.2940046325210323 0.7858862659206535 0.20055992198083886 0.07948210049533806
0 0.1223266270939654 0.9235574321745386 0.17728619629109837 0.08151548138875028
0 0.3049587426523691 0.8607963746881591 0.1739155348257091 0.07668243217453856
0 0.3195834073971187 0.9749636705948566 0.17671298620519008 0.050072658810286795
0 0.5121803431727675 0.9757877700567373 0.15483798620519007 0.04842445988652529
0 0.12657371381955385 0.9747667136060698 0.17589411465389254 0.050466572787860285
0 0.8877999773872212 0.6482966062817971 0.15952548620519025 0.06977746071058562
0 0.8857594425615121 0.7171193808889029 0.15204053482570892 0.07566358767505647
0 0.8829100022633074 0.8462075674066675 0.13485303482570926 0.0748630669968918
0 0.8840763545927282 0.9136133912279852 0.121036196291098 0.0788955955329392
0 0.8775530376548435 0.9709762034718754 0.12227114767057934 0.05804759305624927
0 0.69912814450682 0.9159634875894941 0.18353619629109835 0.08180657981717374
0 0.7024744725259812 0.9737041163135476 0.17712242198083886 0.05259176737290474
0 0.6709787268213943 0.43692665094789485 0.18978619629109836 0.08209767824559702
0 0.46995181535600505 0.43226261393479215 0.17868492198083885 0.07846325599585602