0 0.639606387094156 0.5842025678370367 0.20244010339082213 0.09749516823232476
0 0.6621213959854961 0.6494026336079348 0.18339900496239867 0.09015310509226264
0 0.6292638924708395 0.5126992941595134 0.1927012303552928 0.08913663666229361
0 0.8472219880037788 0.6422635097468848 0.19611732878371627 0.09556864718563744
0 0.8319372822555916 0.5650184702843459 0.18339900496239858 0.09015310509226264
0 0.8164899106678044 0.5010091781909711 0.19746150496239884 0.09097215244730919
0 0.9331207729522214 0.35447435438639097 0.13375845409555714 0.07979245776545082
0 0.9514844560577732 0.4860351675264532 0.09703108788445362 0.07061487884037305
0 0.9474486964425621 0.4162764043722735 0.10510260711487582 0.07695588410204497
0 0.5722389888323482 0.325503131047686 0.2065454065339754 0.08526818401734042
0 0.5883584485094767 0.38721417577189676 0.1802012303552928 0.08840859456891899
0 0.46744675082406034 0.6684502232681178 0.2002954065339752 0.08490416297065302
0 0.4519266046291673 0.6028784311747429 0.20222177956950455 0.09280766823232475
0 0.4457814584342742 0.5378526706513993 0.20014985731976362 0.08177916297065302
0 0.5613335680303493 0.25864185473932677 0.19553513192686936 0.08306864718563745
0 0.41761576302516934 0.4684278364646497 0.19397263192686953 0.0829776419239657
0 0.3968088033480409 0.40644377595542336 0.1956806811410811 0.08619364718563745
0 0.7954646271693585 0.4343376176817449 0.19062930810555195 0.07810813140062187
0 0.9178018918516668 0.2840785544005084 0.15625430810555194 0.0761060156438412
0 0.7821790690638066 0.3665585834808779 0.1956806811410811 0.08619364718563745
0 0.9093129956567738 0.2189162859846569 0.15981595574818713 0.08566302616718487
0 0.757810461744043 0.29501751244830793 0.16889985731976348 0.07995905773721601
0 0.718576679693339 0.17196714932236318 0.17373290653397522 0.08335707352223158
0 0.5349123091390092 0.19321427581424905 0.1530565334984459 0.07436150512049751
0 0.6922281954091047 0.10810207039728544 0.17500430810555195 0.0771980787839034
0 0.898771447890304 0.15986750967629765 0.1655565334984459 0.07508954721387232
0 0.887157551695411 0.09452323073710249 0.17187930810555158 0.0770160682605597
0 0.23377376405862665 0.5527742024331918 0.1813270827126577 0.07912459983059072
0 0.21818084325662773 0.48563991033981707 0.18318068114108116 0.08546560509226264
0 0.18114526199171205 0.3596010551063801 0.19255568114108113 0.08601163666229379
0 0.16651552770747774 0.2964185156438412 0.1802740049623987 0.08997109456891898
0 0.15497440611969054 0.23263673670464607 0.19084763192686943 0.08279563140062188
0 0.37131003556536063 0.2771812101845253 0.1802012303552929 0.08840859456891899
0 0.3541546147633617 0.20995591282947865 0.17373290653397522 0.08335707352223151
0 0.49170619623316514 0.7376475443006877 0.18645123035529282 0.0887726156156063
0 0.6835469398230243 0.7246679441171611 0.1768579065339752 0.08353908404557533