0 0.625063527754691 0.8910854296712133 0.2291038626613009 0.1507723631835546
0 0.6566570845610424 0.7633798315256641 0.24648236364988402 0.15636062188998173
0 0.6895903068807137 0.6301235962249851 0.23178319368794006 0.1399986374938141
0 0.7195258631927735 0.5001561352345657 0.23784219269935694 0.13563868611433313
0 0.729594588478194 0.38219070726083315 0.23809686068413444 0.14188868611433306
0 0.34365701885744243 0.8635557304394389 0.22247186068413444 0.14106981456303558
0 0.3678373236866276 0.7268436244919736 0.22240819368794007 0.13950731456303558
0 0.41121329748917346 0.6000863726829513 0.22078202669174568 0.13786292740790582
0 0.43617485231835856 0.46333332315792114 0.2199835306460784 0.15653104025277606
0 0.11348806330650421 0.6908496500454285 0.17566052768032892 0.1401756999091429
0 0.12327028710905011 0.5658529720716958 0.20566636266130084 0.14954405585660827
0 0.18057481524648952 0.30057213082355166 0.24823586463846717 0.1611300090451115
0 0.20064062304142416 0.17816818634147563 0.24865235870696817 0.13308689620024125