0 0.9117225631671868 0.6895993362753625 0.12438697663298655 0.24841092378986113
0 0.7763481076201035 0.7060575751940861 0.16711999050069473 0.2740593769783645
0 0.6324344534597911 0.7206224434660232 0.14956881458888915 0.2575336182719372
0 0.48852079929947856 0.7351873117379604 0.1449904173624308 0.26197545680654777
0 0.3513299238245133 0.7291121313893786 0.15127678495361127 0.26386550542706677
0 0.9352932286297566 0.3809270211465001 0.11493924145062522 0.24479460085908267
0 0.8078767434473955 0.3907258242895749 0.1493506090418059 0.24815861827193714
0 0.6574948837399995 0.41499324118203107 0.14927787385944455 0.2450336182719372
0 0.5012812513311802 0.4216194566950063 0.16955400626826425 0.24453565128862387
0 0.8233803357717011 0.1021401956137298 0.1518573599917361 0.2042803912274596
0 0.6829553575231943 0.10551637974969838 0.15847103590354195 0.21103275949939676
0 0.38578941679374984 0.12910490558606674 0.1734063580918752 0.2582098111721335
0 0.2460911371584721 0.12925539179125684 0.1437188580918752 0.25851078358251367
0 0.24112500133118017 0.43525366802411 0.14945971181534742 0.2528461182719372