0 0.15762521324000428 0.683645035334861 0.1575419693666348 0.24891289152687507
0 0.2873490759070952 0.6775015252668748 0.14173515603118042 0.23292421561506949
0 0.42096100724064056 0.6728295962209371 0.13712038136536217 0.23906511284152784
0 0.5367223672422314 0.6584196444735759 0.1433885626989076 0.24077308320625015
0 0.13203705661204798 0.3991615857717013 0.14164424936345316 0.22511171561506957
0 0.26784728727722984 0.4069351053389928 0.14162606802990768 0.22354921561506966
0 0.4071643259468661 0.38182338972392327 0.15723288669636232 0.22235039152687514
0 0.5150426499840917 0.11200511825677065 0.14491470003181667 0.2240102365135413
0 0.6478642406508643 0.10967824563159698 0.1448965186982713 0.21935649126319395
0 0.6648950099459116 0.3828539871791314 0.1401362933640895 0.229762848023889
0 0.17977983454014218 0.9275944038759721 0.13595677601845368 0.13906511284152784