0 0.09661916534269528 0.41288567882625565 0.15128277054543174 0.25148544724210714
0 0.23120765289514064 0.3971836260683629 0.13447377884380146 0.23495039462538864
0 0.37060203961774907 0.38019208909548563 0.13037827469461655 0.24248987884037315
0 0.4917433338088902 0.3762619942442179 0.13662827469461652 0.24285389988706055
0 0.08891952882057955 0.7216082314429741 0.13532588382282335 0.22566639988706055
0 0.24114580226579632 0.6802537313017998 0.13520748465266036 0.22410389988706053
0 0.3875947497762854 0.6840752232681178 0.1537206863123343 0.22207096302712265
0 0.5295175275711796 0.9156984076383938 0.13222419461070417 0.16860318472321226
0 0.6680831201026469 0.9079611378365374 0.13520748465266016 0.1840777243269251
0 0.6545939182424803 0.6399891072289885 0.1342369805034755 0.23182539462538862
0 0.0911200622377732 0.12301183674699834 0.13210579544054105 0.20370039462538872