0 0.19281356960867657 0.6471768686923032 0.18703596489804547 0.3145463052100677
0 0.3579073721951013 0.663448339741971 0.1661324315119507 0.29328773531769164
0 0.5292739068348374 0.6807921592200625 0.16171771615168673 0.3024444114963739
0 0.6775750145149694 0.6830182468951189 0.17113818025830946 0.30444355913900906
0 0.1552260237526764 0.2670334503715035 0.16742214687221457 0.28398550992479743
0 0.34386262641824344 0.3148289032242064 0.16733121865896922 0.2808605099247975
0 0.5223142353520166 0.30753659573782705 0.18906982633910108 0.2771918544242794
0 0.6802247090920577 0.07693306678749504 0.14794941818411544 0.09739303846084472
0 0.8506736014119258 0.08955299896203349 0.15134720282385167 0.10691358767505646
0 0.8513939815910929 0.35563176323005713 0.16604150329870535 0.29016273531769154
0 0.20533526781367462 0.9375578120344933 0.1537735208496825 0.12488437593101338