0 0.7891014952493371 0.8309597239696483 0.28236590456874777 0.1890724568009073
0 0.766726819934665 0.6907439517371298 0.26219511452679145 0.16966769237293705
0 0.7358767937901559 0.5523907798674308 0.2698892153566284 0.16837801088459123
0 0.7189000134964619 0.42138631652791975 0.2702444128671175 0.17306551088459124
0 0.48512531288569505 0.9026735551799924 0.25438261452679145 0.1693948738612825
0 0.48344164586939264 0.7460688911148419 0.2528201145267915 0.16934031015895173
0 0.42290411972488356 0.6087524295894292 0.2541225053985848 0.18652781015895173
0 0.1442920224195315 0.5190004819438327 0.22133331618646546 0.1651240361123346
0 0.1318367987645333 0.3753050456461635 0.21868191286711752 0.17126490870767297
0 0.3961235190955392 0.32769340254758716 0.2590701145267914 0.16955856496827515
0 0.9778830045733923 0.7777627689828396 0.044233990853215485 0.15349207694917483