0 0.9504933694796451 0.6315880706661274 0.09901326104070982 0.2634667695960413
0 0.8398893554794086 0.6380690543687914 0.15427213819098745 0.24765991316955063
0 0.6962031283582257 0.6430330021780781 0.15022236697916008 0.25533602084968265
0 0.5589582198734948 0.6501588435608741 0.15647236697916006 0.25551787727617314
0 0.9468905886403312 0.30082380397308 0.10621882271933777 0.23796666442319186
0 0.8250306615288467 0.34092126972905534 0.15181681788754559 0.2366769490629279
0 0.6684299751643288 0.32198471628470077 0.1718742263722767 0.2341429824490227
0 0.5058989268216203 0.08510947123275867 0.14617285364324067 0.17021894246551733
0 0.363567905609793 0.09501332013740199 0.14901081121958598 0.19002664027480398
0 0.38713204880175034 0.3583614516367174 0.1521994551604493 0.24136444906292792
0 0.9587198774401419 0.8961961399455995 0.08256024511971631 0.15823370031656908