0 0.19114473568122103 0.9111288186364519 0.32508623119538155 0.1777423627270963
0 0.17851304037921684 0.7510995986422708 0.3095521594086269 0.19205892273873423
0 0.1667618834778724 0.5615269156117326 0.30624530298213615 0.18555383122346533
0 0.16201088433580224 0.3982456656117327 0.30022262351524953 0.19285614819292718
0 0.5855539652272499 0.9433985400077587 0.296461126022532 0.11320291998448262
0 0.5458823968057075 0.7873228516863866 0.29397262351524955 0.19234596516238903
0 0.5590630437444292 0.597447150778001 0.29152958511458993 0.21552837364711994
0 0.8732054824490227 0.4607591912448017 0.25358903510195463 0.18861518728260193
0 0.8703639757851052 0.26622794124480165 0.25927204842978957 0.19017768728260193
0 0.5121830659142599 0.24523107547358944 0.3001771594086268 0.19129364819292718
0 0.1587816181049732 0.07297459864227081 0.25193823620994643 0.14059227546389114