0 0.3656059311162393 0.12517465264170108 0.24577916442319178 0.12907447663298632
0 0.35354150329870526 0.27477526234909694 0.2549723079967011 0.12304268218006964
0 0.3406503613745486 0.4228315558520831 0.2551541644231918 0.12929268218006965
0 0.6771117324490227 0.13746875199677028 0.2364041644231918 0.12885627108590297
0 0.6834024995377816 0.2999323844055897 0.23226223370266402 0.1474971683123613
0 0.9118337249271754 0.4773624809108673 0.17633255014564925 0.12627547853284754
0 0.9095600026718846 0.6173335174799993 0.18087999465623064 0.12798344889756946
0 0.6246940554229117 0.5929024408263537 0.2426541644231918 0.1290017414506252
0 0.600933609658689 0.7435570574676037 0.25239287727617316 0.14171994699770848
0 0.28515784547292405 0.718853877090486 0.2551541644231919 0.1292926821800698
0 0.9021058611766929 0.7574136568226729 0.19578827764661427 0.14400849240055572