0 0.7554874809108674 0.9379223840541779 0.30341855357097247 0.12415523189164404
0 0.7323253506862494 0.8118201089576328 0.33143575721819457 0.23221047452530277
0 0.7105445357161106 0.6381423083372142 0.3331800951740975 0.24013223516896431
0 0.3736367624460061 0.9736392318147697 0.2906990416031251 0.0527215363704606
0 0.34164449287871457 0.8541454586858608 0.311668771085903 0.2542275861577
0 0.07206914285805531 0.6771030854013954 0.14413828571611062 0.17723947921687966
0 0.05524662519062482 0.5112377847809768 0.11049325038124964 0.17872556956195354
0 0.3266260902370135 0.4907877990309347 0.31900849240055573 0.23446138937600872
0 0.3150015252668748 0.31782019259431743 0.33187216831236127 0.2509604745253027
0 0.6937636113229164 0.2832691380386264 0.33318009517409736 0.24013223516896431
0 0.047163327887916565 0.34412134059717553 0.09432665577583313 0.20074268119435104
0 0.6743986283247569 0.14027860870553127 0.3199527433504862 0.20800815001967043