0 0.06597387399282631 0.5263782950645773 0.13194774798565262 0.24338159012915472
0 0.18025396091378357 0.5864018159142599 0.1584332184025195 0.24963159012915453
0 0.3071865340317574 0.638590104710631 0.16468321840251948 0.2498134465556454
0 0.13640177912602258 0.261304876022532 0.15929538144438116 0.23248955423577744
0 0.2803772722059404 0.2983455379384414 0.17255938539871388 0.2516032670887588
0 0.6258064718253795 0.1519612490755632 0.1631207184025195 0.24976798244902274
0 0.5313893324723329 0.41515391937124974 0.1579238824329643 0.23713159012915472
0 0.6487559046017237 0.4717569235278848 0.17249571840251932 0.25004076708875883
0 0.5417114312562884 0.7377108809705899 0.16787188539871387 0.25146687476889085
0 0.755846798897686 0.1854677340318684 0.179000386387297 0.2564726235152496
0 0.6544860038799707 0.7918337428073571 0.16787188539871387 0.25146687476889085