0 0.0707000519108468 0.7559550690577506 0.05829543131591728 0.27951253737886683
0 0.1909516387284323 0.7734325101394587 0.1591144786709639 0.30056771857321785
0 0.3666341781909711 0.7729140680493444 0.16692697867096395 0.3011140217915266
0 0.05114162592718853 0.4066816887359196 0.07006738922254249 0.26788662252816076
0 0.17572439697387593 0.4042454675648117 0.17795548393263577 0.3034413462971587
0 0.5310364393495994 0.11478984763454103 0.16519787869919877 0.22957969526908206
0 0.5379737679923284 0.41499838920078175 0.16436342079257357 0.28381726114786476
0 0.7029841179640937 0.4332681519381305 0.1776824681476203 0.29875384629715873
0 0.7083358307794547 0.7945170083747477 0.1669269786709638 0.3011140217915266
0 0.6993692103962867 0.11546755480779254 0.1831134207925736 0.23093510961558508
0 0.8591170807794548 0.7839733562613904 0.1686714891943076 0.3043482824351882
0 0.8608799179499762 0.43713120725012616 0.16628994183926088 0.29017652179152653