0 0.7179690973904569 0.8623240409375349 0.19158830231458363 0.27535191812493015
0 0.5729070004097755 0.806224083774931 0.20801382299274812 0.3107595813063889
0 0.6661260376322753 0.46189481515757 0.20190937220695987 0.31373911094166684
0 0.49617310256225267 0.3986284829012504 0.19965766749223005 0.3324163757593057
0 0.4148183645539647 0.7463555084524656 0.19991022456432467 0.3043277433504864
0 0.19019300785337365 0.9167179873665626 0.14967897642635145 0.09713218597979179
0 0.2596727921803892 0.6826534183123613 0.20147272456432458 0.3043641109416669
0 0.8898909075674325 0.18927950522142434 0.19118588792272542 0.251057272985764
0 0.979345051695411 0.2383729282834383 0.041309896609178054 0.26042966014423613
0 0.7294970630679506 0.16369501092100755 0.17719616252983136 0.25229246466513905
0 0.5729174232831984 0.11946961939413243 0.1770848465663967 0.21639133225631957