0 0.8031042961091313 0.780810483835678 0.27207608935390803 0.15942779044572397
0 0.7748509320894049 0.6362708736482635 0.2816147213558171 0.1737630750854599
0 0.41571228942549576 0.6670401181714802 0.2862113146880899 0.16608696740532788
0 0.4145754087364513 0.5021736361181689 0.30490677068745364 0.16194503668480015
0 0.7566538207351787 0.4828419967678017 0.2768181333545446 0.16425168276559193
0 0.96403632268459 0.3032441103204284 0.07192735463081981 0.13655727711788873
0 0.7353408000477251 0.3302852981005852 0.2768544960216355 0.16737668276559195
0 0.1214094007797221 0.8295618163764782 0.2252556333545445 0.16275136724704353
0 0.14227697879531226 0.9438372650436948 0.23824543467536324 0.07097304420664763
0 0.12904808342613208 0.6800702817367422 0.24387836401972635 0.1523594365265156
0 0.1202350627386785 0.5271498702165444 0.22985222668681726 0.15507525956691132