0 0.5715190361234489 0.9155126543940619 0.28023403469127145 0.16897469121187605
0 0.5910128287714498 0.7888103797169487 0.29456925469445316 0.2131892879384413
0 0.2538486360995863 0.740731614739761 0.296040848026726 0.205422252045064
0 0.27465039007795095 0.5820158442857898 0.31324652936027153 0.20748485721791354
0 0.5931373080839961 0.6357990399835055 0.28662948535963506 0.20202446740532806
0 0.8867931173615442 0.5319826843484374 0.2264137652769116 0.18797868778015675
0 0.5968606500636334 0.4859581643566848 0.288228348026726 0.20519493151195062
0 0.026787244111994846 0.8255001051728496 0.035793144016544695 0.12287521034569907
0 0.05502932809513199 0.7021451731986804 0.09554995202099903 0.15741534639736088
0 0.05877994207508745 0.5546480475718598 0.10646927068745357 0.15617109514371955
0 0.8717804760900412 0.6884229009623427 0.24277039735836253 0.1913764724198929