0 0.7545492226375228 0.3276811552491119 0.1513455732694627 0.23923116950744613
0 0.6300405455683012 0.3139410590626434 0.16589939620024124 0.24909724282842385
0 0.613823566826343 0.6084450272114781 0.15989505766563053 0.2535664880191003
0 0.47410264755903764 0.6012178258528664 0.16063204206179832 0.26762898801910034
0 0.501055730439439 0.32587308547151334 0.15792312188998175 0.24569942431676955
0 0.3725090858210773 0.09049360226173625 0.1393568283578454 0.15927085099579188
0 0.362405988241355 0.3280754478152325 0.15940373473485198 0.24419148801910043
0 0.7220676775235068 0.8877282778444503 0.15127033016686778 0.20803573320977692
0 0.8578414032132471 0.8935702450014175 0.13769915309764622 0.21285950999716513
0 0.5927077261440257 0.8769494905509891 0.14665807326946273 0.23906747840045375
0 0.45258069312733895 0.8824479453681618 0.1568519448207603 0.23510410926367625
0 0.5114896986659476 0.09691227176918242 0.14577060266810485 0.16261410580511532