0 0.23190793870784318 0.2892069039835796 0.11503604547482604 0.216243144417414
0 0.3482677677573161 0.30883762705260825 0.12779071345960363 0.22256586729005096
0 0.30927295745374245 0.5949342083365016 0.1201055474519924 0.22564541549465283
0 0.4361710384803817 0.6051308440715127 0.11611838441013074 0.2428056444174139
0 0.4713405118258171 0.3362399435057787 0.1198508794672147 0.21939541549465283
0 0.6414924802283365 0.09202737695441245 0.11389003954332697 0.1840547539088249
0 0.5944450893924152 0.36286100995894904 0.12141337946721471 0.21940450585373253
0 0.14315457304361176 0.8380307442444634 0.12144787155854946 0.18191359621281222
0 0.03462309112243575 0.8129949036889921 0.0692461822448715 0.19432269262201593
0 0.2665456520930847 0.8576205606976337 0.11034854547482605 0.21621587334017534
0 0.3899048976444604 0.8779916271508043 0.11580004942915867 0.23499314441741398
0 0.5126817307226281 0.08967934221529619 0.12144787155854946 0.17935868443059239