0 0.7348590368037058 0.7851229454981288 0.2159589478903042 0.11886726594251655
0 0.7060726031814252 0.6690508881711825 0.22428087014004525 0.13021420171816533
0 0.4301843453235423 0.6857659181356516 0.2271147717116218 0.12412797602842467
0 0.41115390136217955 0.5616323773170487 0.24252144789030422 0.12025934757972223
0 0.6715627084342742 0.547223475801282 0.2193022717116218 0.12371854025277607
0 0.9030801122821623 0.39980067842395856 0.19383977543567532 0.11656778154634875
0 0.6377976763835702 0.42465575700894664 0.2193022717116218 0.12371854025277602
0 0.20394083064123394 0.8313362884437538 0.18500004631872757 0.12347952283992143
0 0.2371065492097025 0.9506058485978048 0.19542812406898663 0.09878830280439033
0 0.17564454859052997 0.7090551746943723 0.2157406240689866 0.11417976594251655
0 0.14812951653982603 0.5868150045225559 0.23627144789030413 0.11993179895920321
0 0.9090433219592906 0.5252510577771722 0.1819133560814187 0.12306344301173802