0 0.2513720839292254 0.26713076662954716 0.17471218394862206 0.24711245202099902
0 0.3664232569578239 0.31106148528009336 0.18810500425206378 0.2581954026893626
0 0.2572884045225312 0.6058023679583201 0.18367259576733286 0.26126585868872637
0 0.3900372605816679 0.6432830919398664 0.18182305334367826 0.2768544960216353
0 0.4861779054406151 0.3643035692632305 0.18134482122152562 0.2518726773551808
0 0.7296720402976227 0.13512295723268647 0.168366589099373 0.22674540802036267
0 0.6129638039234064 0.41746383724541314 0.18290732122152562 0.2518908586887262
0 0.05559752066819643 0.8293869606540459 0.11119504133639287 0.21429995202099902
0 0.15113490193745735 0.8544585913033196 0.16084113152302776 0.21104768268618096
0 0.2731375766330458 0.889722834619684 0.15749299091614424 0.1891545013526354
0 0.5976566368138616 0.10981343429743347 0.17436149758410407 0.21962686859486694