0 0.4932736765371846 0.7252071367727704 0.06522735389503395 0.15734094155801354
0 0.5868195304355139 0.3984752670494238 0.06805234496658023 0.1402079886359143
0 0.6416843084386912 0.407676943186162 0.058595524349729186 0.1353568474022122
0 0.9404745900953163 0.2883642869382215 0.058595524349729186 0.1353568474022122
0 0.8404878214243346 0.6042677508173695 0.05865007142762977 0.1384818474022122
0 0.712623694394092 0.7557638413197229 0.06333757142762977 0.13856366801906325
0 0.7353639448011291 0.5810950779270423 0.06333757142762977 0.13856366801906325
0 0.8809768591700398 0.2823694314183344 0.06328302434972918 0.13543866801906326
0 0.7552382938281945 0.4213246116122623 0.06810689204448099 0.14333298863591432
0 0.6550222853067778 0.2316093210271834 0.06320120373287814 0.13075116801906325
0 0.6034461485373027 0.2317280978125446 0.0615568831160271 0.1260363944801129
0 0.5527714074624612 0.7312019922926576 0.061802344966580235 0.14009889448011278
0 0.6641180105467163 0.7527030710271834 0.06350121266133187 0.14793866801906325
0 0.8261231327056949 0.7662865097458231 0.07303985389503395 0.15747730925276535
0 0.6781826903369023 0.5734968120987297 0.07134098620028233 0.14963753571381488
0 0.5274036201270883 0.3971679115295368 0.06341939204448081 0.14325116801906326
0 0.6972485158250172 0.4121774825534249 0.06640802434972919 0.13549321509696388
0 0.8061286379839959 0.4266882215963763 0.05865007142762986 0.1384818474022122
0 0.7176177426931041 0.23598712946916978 0.05867734496658024 0.14004434740221222
0 0.5421950028393738 0.21482301583160787 0.06185689204448099 0.14322389448011288
0 0.825975713472111 0.2653552552815963 0.05848643019392776 0.1291068474022122
0 0.9802796095770769 0.3008955146170872 0.039440780845846034 0.14295115909060954
0 0.9874687723211345 0.13590176015286032 0.02506245535773104 0.13483865016215582
0 0.6169750401780418 0.06793990483154884 0.06333757142762994 0.13587980966309768
0 0.5565596915580137 0.057143613841080465 0.06462733603812651 0.11428722768216093
0 0.6795295872559425 0.06936801420675479 0.06805234496658023 0.13873602841350957
0 0.7374375446422687 0.07309166315438986 0.06185689204448099 0.1432238944801129
0 0.788409709414921 0.08314277313850382 0.06048530681713338 0.15413412094116258
0 0.843492675729701 0.10484444927524192 0.058595524349729186 0.1353568474022122
0 0.899810859577077 0.10776885187302968 0.05686938311602745 0.12595457386326192