0 0.29398232503737737 0.16057351116765176 0.2131272347764936 0.1177098465663966
0 0.31344591822512735 0.28235646588238145 0.22099427693097135 0.12744871960192583
0 0.5914027465821544 0.24049633581753885 0.22409200585373235 0.12290676881613757
0 0.6069600897699045 0.36246122705003314 0.2397079154946528 0.12207201488719618
0 0.3422799662333375 0.4029215229544761 0.21784200585373253 0.12261567038771415
0 0.09788104732083913 0.5713783862700956 0.1896897347764936 0.11661822745980874
0 0.3641100353187866 0.528501565758547 0.21628859621281213 0.12410539578060842
0 0.82883859318775 0.08408570823389558 0.18193177693097126 0.12562935442427944
0 0.8490243490414825 0.19567602564507233 0.21309996369925485 0.1130223465663966
0 0.8883908551898025 0.31960152316387297 0.22321828962039483 0.11985454342324342
0 0.09946575233769106 0.4408004743594368 0.1944135962128121 0.12308655128112633
0 0.6630520502477054 0.6013203658013282 0.2397260962128122 0.1251970148871962
0 0.11339748389273083 0.6863120275025899 0.2193590540583344 0.11487594499482015