0 0.7265619842481845 0.14481613056973172 0.33389599425012406 0.2083783107097253
0 0.7465869260727143 0.31349340523554997 0.3509239975841041 0.22574762404517976
0 0.3636307759229331 0.36408703528804753 0.3518487687959314 0.21795330537872512
0 0.3872431033533766 0.5288126066200022 0.3721612687959313 0.21818966271481594
0 0.7556583924430513 0.49168203990295895 0.34234622303829687 0.21628171737745244
0 0.999377215162389 0.6456770072008697 0.001245569675221958 0.15837612133990878
0 0.7778835630557538 0.6681536332352318 0.3409112687959315 0.21782603604390705
0 0.06768106288657592 0.20644035665977306 0.11699553667377878 0.1902442866804539
0 0.09293563865002948 0.3625449059914095 0.1402098960668953 0.16866018801718105
0 0.10156069486864563 0.5352647906588185 0.12914485030926076 0.16697041868236298
0 0.9695784027348552 0.47640938653727866 0.060843194530289677 0.16984088001272662
0 0.4065021259423297 0.8797029446212749 0.37254390606883486 0.22287716271481592
0 0.9981970945593849 0.814517913868597 0.0036058108812301983 0.1710579346753633