0 0.8518596121659716 0.6624996489624553 0.12079118778015677 0.24122917568342572
0 0.7127372761934518 0.6456914407156494 0.13351850831327033 0.25013528397749984
0 0.7423576138818311 0.3446860153150477 0.1257969365265156 0.2525767787937035
0 0.6080591702291795 0.3321552039579641 0.12317204169936513 0.26949087672018496
0 0.5820722979010642 0.6234438767666678 0.1255696159934022 0.2447642787937035
0 0.41733516264082515 0.8837934908101859 0.11883623119538153 0.1740416756834257
0 0.44476251451496934 0.6150927174831027 0.1286946159934022 0.2450376808672221
0 0.9073531619159094 0.08471179611176008 0.13068301332783533 0.16942359222352016
0 0.7731001823698804 0.08787026284132013 0.11610368778015676 0.17574052568264026
0 0.6349182207705402 0.07406575923629685 0.11983644154108042 0.1481315184725937
0 0.348473570070895 0.29377337502324136 0.12625157759274241 0.2682017787937035
0 0.289445843361353 0.8761846253060653 0.11992736975432586 0.21154167568342572
0 0.31572823238251574 0.5950522024973617 0.1320469365265156 0.2531235829407404