0 0.2532281500553732 0.8786996656014889 0.24787390036914028 0.15142380503579284
0 0.28763582356035633 0.7476085602974647 0.25961243676633483 0.1645608418674957
0 0.5818352089701018 0.8324587863375928 0.2607744185677376 0.15840184712916772
0 0.6110745211240328 0.7057366626177172 0.2778617890180882 0.157840405007558
0 0.3257192095884106 0.6252932155167843 0.2544242890180882 0.15647532608248033
0 0.10163446020671943 0.4199932525602487 0.15654799352159504 0.13520799985882573
0 0.3515831978682183 0.494482831273565 0.2513994185677376 0.15785581555913666
0 0.8375611821336312 0.9837196365211195 0.2061684592838688 0.03256072695776098
0 0.8644159739294965 0.918188972915182 0.24757351172019249 0.14673630503579319
0 0.8925965707871917 0.7892974044428607 0.21480685842561656 0.14995231029746456
0 0.6818726727297907 0.4623499546405048 0.276499548117387 0.16087439974588622
0 0.12492416100959838 0.29759460779368574 0.19268575262089366 0.1404261208772782
0 0.3882542782207466 0.3744202312312127 0.26107480721668547 0.16308934712916762