0 0.808180064384388 0.19109549022851577 0.17637027879787093 0.27734651784613934
0 0.6579410772612656 0.25294706263875855 0.1910705075860438 0.2862246103776066
0 0.713299288461455 0.5639778057902813 0.18520314485894734 0.29043851369695445
0 0.5683855301265052 0.6176616806900349 0.18360869395056162 0.3089517153566284
0 0.5177307943805086 0.31559154044294163 0.18300291607077454 0.2825076145267914
0 0.31978672832913074 0.09657086783917279 0.163328402734855 0.19314173567834558
0 0.36910210468201077 0.36722766326810286 0.1844378703131401 0.2810635136969545
0 0.8829110604221881 0.7879327562005554 0.10841776212797143 0.18679145020978147
0 0.7686891926941221 0.8175512464522932 0.15165757909743344 0.18385662697434596
0 0.6170630487532588 0.8678616676177804 0.14990388939893542 0.1433500261445091
0 0.2898463287590777 0.7389259871282381 0.18816864819292717 0.3077444128671175
0 0.18007065302471914 0.13387440206994805 0.17120454667571847 0.25210971950581335
0 0.23129934468007107 0.42891329231704145 0.1898906448589473 0.2907937112074436