0 0.8309011956279253 0.1989756433881557 0.2839478715585494 0.2005891339281271
0 0.7587012489742357 0.3458067207437795 0.29708454152049324 0.21708821907742096
0 0.4516620231945236 0.25276046915429556 0.29832870653952137 0.20938497972108278
0 0.38668432752941706 0.3944123736134415 0.31707870653952136 0.21069610744502346
0 0.6853526377958097 0.48259080874306487 0.2903888725471326 0.20571367650277406
0 0.8623940043742622 0.7070341618254876 0.14198586463846716 0.15794317599857094
0 0.6233089411421201 0.6287116919148874 0.29051620653952137 0.20883867650277405
0 0.21936015365032152 0.05816777908099361 0.24565469269935694 0.11633555816198722
0 0.17183921342242253 0.16092715630073134 0.25368736859279994 0.18445068169855414
0 0.11044943277634414 0.3101184091507229 0.21449753460041107 0.17859416560701077
0 0.24626893867066216 0.6667622570373656 0.3140810405319101 0.2136025861577
0 0.8053561427015445 0.845014763066325 0.18299286661563344 0.17015895273377604
0 0.5523359134617912 0.7645506389486803 0.3017083745242989 0.21585350100840622