0 0.7822968545512781 0.8746074356081589 0.17371240937299817 0.25078512878368214
0 0.6358763878899142 0.8465791155131053 0.19106354137490716 0.30684176897378956
0 0.7152580892743664 0.48053472238833705 0.17859990404199805 0.32058950956072396
0 0.5681109166136388 0.4273224799464762 0.1819430800445435 0.33953976866002267
0 0.48515022923300466 0.7707034376891855 0.18003513470717997 0.3097521391103733
0 0.32492180124127695 0.6994525940753054 0.18316013470717998 0.309952398209672
0 0.9341102759786828 0.21700885023994335 0.1307249306969986 0.23164812307124433
0 0.8116994739815464 0.18805493059247164 0.15405334269572596 0.2237750663159841
0 0.6504534386537278 0.13706652220376692 0.15828630935708965 0.1850129549649321
0 0.2655864479630926 0.28909728253968325 0.1850680800445434 0.33974002775932116
0 0.09974743654523285 0.9015903832502772 0.15003745735199914 0.14701230721668565
0 0.17158826324795848 0.6403710834348473 0.1879203600413617 0.3165027868586199