0 0.1078125 0.12565893892580315 0.215625 0.1325678778516063
0 0.153125 0.22309394586563344 0.275 0.20668530073828056
0 0.459375 0.1333443375969004 0.278125 0.20063555983757914
0 0.51875 0.2574617604835746 0.29375 0.20319935533407243
0 0.228125 0.3482126642488009 0.26875 0.19847228253968333
0 0.2984375 0.4847497439830203 0.26875 0.2015972825396833
0 0.746875 0.08458067473237549 0.2625 0.09025926434108596
0 0.81015625 0.17457342149317298 0.2390625 0.18406982109634615
0 0.65 0.5135288926541175 0.29375 0.20632435533407226
0 0.11015625 0.6945591332502772 0.178125 0.16453976866002265
0 0.35546875 0.6126232225452206 0.275 0.20512280073828038
0 0.0671875 0.5488368206349208 0.134375 0.15704864126984167