0 0.7461868509746836 0.971823583130605 0.25385534034363316 0.0452135478118187
0 0.7055419188170795 0.8824974627172961 0.2768568283578453 0.15625104176169416
0 0.37002714269779763 0.9305101774967053 0.2792448439616777 0.13897964500658944
0 0.3376793894184373 0.8037714572563471 0.298240505427067 0.14700330678880888
0 0.6572382948909328 0.7454560049699698 0.27027927973732646 0.14996468032537572
0 0.6173203810506942 0.5975224990180413 0.2702792797373263 0.14996468032537572
0 0.0903594906162042 0.9672738584112563 0.1807189812324084 0.0654522831774873
0 0.0697421144287796 0.8505817829810954 0.1394842288575592 0.13687380698520074
0 0.2623706094539683 0.5259050116092692 0.29692366689245614 0.15168171642972936
0 0.8766931382867835 0.40522241129124037 0.2072060696514182 0.1386635659621911
0 0.5878077007021124 0.4598088755796703 0.27677494120271573 0.15468854176169433
0 0.8897619470840679 0.5584701311388153 0.16970606965141818 0.13844539734428024