0 0.15596335927562183 0.911208461039774 0.2412563527754691 0.09633307792045187
0 0.20302008999824994 0.8189158210238882 0.26937603558899437 0.1733319545436572
0 0.5078441942565938 0.9128844147759476 0.27205536661563345 0.1624490016215578
0 0.5569926655876818 0.7759923409126858 0.28943386760421674 0.16743651055001152
0 0.25636131281221264 0.6889868133132504 0.2644338676042167 0.16700013392680618
0 0.3043929531166613 0.5630595129889387 0.26449753460041114 0.16856263392680618
0 0.8043172876405226 0.9553996026838085 0.25098417984777577 0.06683649269310407
0 0.8584052683631509 0.862984231742646 0.25480419961943923 0.16058649269310407
0 0.6570895301889678 0.5271945564166869 0.2879987015966055 0.17053423701106105
0 0.108711744105682 0.3655510876629796 0.17591519566510644 0.1404728157455871
0 0.36066817494204084 0.4283884582004004 0.26937603558899426 0.17333195454365705
0 0.14870804992345033 0.23429140503341972 0.22205536661563352 0.16157624837514692