0 0.6175042102753446 0.06708614390271368 0.2350084205506892 0.10507525956691147
0 0.6233878595387105 0.1623759118494023 0.24897236758448216 0.17097304420664755
0 0.3473934420901143 0.1847520508705651 0.2503163462971587 0.1678935083132702
0 0.36438383615770004 0.3162293714036785 0.2644881069408204 0.16986518527287425
0 0.6328553307098185 0.2866173939027137 0.24395708565349708 0.16614915188677948
0 0.645955900271772 0.40706628622258173 0.2440663462971587 0.16771165188677947
0 0.10632032785982681 0.21594090023742685 0.19319226114786484 0.15375680047485368
0 0.11549822192741258 0.3471909002374268 0.19362930372251178 0.1600068004748537
0 0.3849523343161147 0.5546242816702351 0.26459736758448216 0.17142768527287444
0 0.8965247107795478 0.49443722024181486 0.20695057844090456 0.1599446159934022
0 0.6557511533738651 0.535995268275893 0.24897236758448216 0.17097304420664763
0 0.89724293572144 0.6200820779219468 0.20551412855711995 0.16945600831327018