0 0.9307057453811464 0.2014752425751337 0.10962636724704353 0.22403746369925476
0 0.8451008659934022 0.23925197764621492 0.1553935083132701 0.23992608411256366
0 0.9361744953811465 0.5186945588319124 0.12765100923770695 0.242996541958086
0 0.8162306860642972 0.5624667638487643 0.14964361348611988 0.2570772226762452
0 0.7317119674053278 0.28858383625386297 0.14905258010002492 0.2367647226762452
0 0.6150162123907631 0.33164751414335186 0.14896165188677948 0.23363972267624522
0 0.9770304790838104 0.7954706822702834 0.04593904183237925 0.22694429508134384
0 0.8953715829365118 0.8394428751868869 0.14275711599340218 0.2351658612399266
0 0.5871546029947714 0.662679345525441 0.1527686134861197 0.25709540339440445
0 0.4230319862099464 0.12275326141287735 0.14284804420664746 0.23829086123992674
0 0.4956955625490476 0.39188051131468155 0.1554844365265156 0.24305108411256365
0 0.2996004978884289 0.17593228268650796 0.1507969365265156 0.24302381303532483
0 0.4614559210206024 0.691630526439992 0.1483084340192331 0.2648806323171655