0 0.9797165808139535 0.27227322195609494 0.04056683837209292 0.2477691146538926
0 0.9151231546880769 0.28487171924256144 0.16975369062384615 0.2709343769783644
0 0.9372053130767817 0.6108953086816834 0.12558937384643656 0.27364994120271574
0 0.8070600447213009 0.6138078674789677 0.1695858189368778 0.289193054047586
0 0.7837589404669627 0.2988003431687082 0.16964637569213786 0.26583744120271574
0 0.6454974768641571 0.30401238636216027 0.16964637569213786 0.2658374412027157
0 0.9475687214654865 0.8987539190401627 0.10486255706902696 0.20249216191967453
0 0.8236105012273924 0.8986476984388048 0.16219482109634634 0.2027046031223903
0 0.5323697277870079 0.6406791474434368 0.17427331893687778 0.2894387155129753
0 0.48452399676079755 0.0884615502023987 0.14092299352159507 0.1335229081860289
0 0.5005750030823191 0.32678374377996355 0.1763970234403846 0.2739774898232346
0 0.3391812183831674 0.09252385119776689 0.15336243676633482 0.15753361827193718
0 0.38748802436323526 0.6276358355939347 0.17018659623477372 0.298568054047586