0 0.1714931203179036 0.4677165973608336 0.16372024881887365 0.09376770678620332
0 0.5098884761230189 0.5760309260127323 0.1480952488188736 0.0924006964186109
0 0.49455614200226805 0.6306596374170843 0.14146330290255768 0.08091639227157384
0 0.6144073728497923 0.9210905648439363 0.14415179328391084 0.06868979434509229
0 0.13406507530471226 0.697462177426852 0.14642362141421197 0.08913899538185159
0 0.30328879045832197 0.7187043159752321 0.14798612141421189 0.08927569641861091
0 0.6324381210356937 0.8764130518844457 0.14324405771188112 0.08730309330833279
0 0.47900804227242055 0.746430900376575 0.15122024881887378 0.09267409849212935
0 0.684955452709374 0.6524000619692142 0.1385565577118811 0.08689299019805538
0 0.6891593138719669 0.5932595078221772 0.13381449400955017 0.08492038708777763
0 0.16335572730414524 0.5264176540997688 0.1479861214142119 0.08927569641861091
0 0.14069453202080145 0.640460321724676 0.1542906851165428 0.0913850005656478
0 0.3116444382814037 0.6662532592362969 0.16086806733052797 0.10130680471268487
0 0.5250298372856118 0.5159334646083806 0.15111112141421187 0.08954909849212936
0 0.49018858973268253 0.6851126915641214 0.14335318511654283 0.09042809330833315
0 0.47453136259817336 0.7977589545236119 0.14620536660488845 0.08288899538185177
0 0.671240182290954 0.7084545723368068 0.14620536660488845 0.0828889953818516
0 0.7012848024392214 0.5365604484913439 0.14943949400955034 0.08628739745537004
0 0.6335715459006176 0.8191083998109271 0.13526786660488846 0.08193208812453676
0 0.8663046564302382 0.6169431411867609 0.13693949400955036 0.08519378916129608
0 0.8735516720393349 0.5551854349662053 0.1307986214142119 0.08777198501425901
0 0.8431598223094874 0.6722553577749089 0.14814981252120454 0.09396319641861091
0 0.8365303655933982 0.7292572134770848 0.14949405771188112 0.08784989745537004
0 0.8236781907284744 0.7875871233262978 0.16037699400955036 0.08724430471268488
0 0.8068924840123852 0.8454775357674087 0.15089286660488846 0.08329909849212953
0 0.7922868361893034 0.898475396653381 0.1289087392002269 0.07826028397749987