0 0.9282067462021668 0.6692338770445108 0.07449405771188111 0.08002598960843983
0 0.5048659607228044 0.7853437401895175 0.19680556733052795 0.10104831981405518
0 0.5092235893085925 0.8614145672930397 0.19011905771188112 0.08811127723940829
0 0.24152765782024677 0.8723402676810273 0.18414187622353534 0.09548673466476103
0 0.2560291566391204 0.7918333128535642 0.1778918762235353 0.09504969209011431
0 0.9284944336809623 0.7502653557571873 0.06048612141421188 0.08060514381548423
0 0.9145807227037039 0.9032100392973268 0.05837798439090349 0.06487088317182241
0 0.7490648501083657 0.9116666675254708 0.2148462392002269 0.08204694753799587
0 0.5031249006486707 0.7012965221205028 0.20127481252120455 0.09512610174504026
0 0.499146695661862 0.9268046205113484 0.19000993030721922 0.08498627723940828
0 0.24683022751302736 0.9436689644627186 0.1958779843909034 0.07448581981405482
0 0.2556596236068286 0.7131455841408878 0.20122024881887368 0.09356360174504026
0 0.04902276552427861 0.8065670742535307 0.09804553104855722 0.08686585149293871
0 0.050577831040707996 0.7198483242535306 0.10115566208141599 0.09155335149293879
0 0.060240518519503496 0.8845992391042368 0.12048103703900699 0.09955152179152656
0 0.05645083040773582 0.9496068800697295 0.11290166081547164 0.06328623986054112