0 0.4780904859448604 0.8087337384366912 0.07434930262104178 0.17794332973421945
0 0.6039698402370135 0.4277865222129922 0.07860039152687506 0.15949371838316745
0 0.6630357157119787 0.4372628493263179 0.06751742116215294 0.1525428115356222
0 0.9750662030785413 0.269831013270577 0.03786628875333342 0.15220285009228504
0 0.7266728030992006 0.8201068252676246 0.07227765634451408 0.15596820018457008
0 0.7543834950629161 0.6350111320228847 0.07235039152687506 0.1590932001845701
0 0.9332423789903469 0.2569095111111087 0.07220492116215312 0.1528432001845701
0 0.7869998925737148 0.44024005012919687 0.07867312670923639 0.1626187183831675
0 0.6913101053389928 0.2279484060815781 0.0720958183886113 0.1481557001845701
0 0.6272657891345832 0.2312724676172003 0.07042421561506948 0.14336807063492077
0 0.5420075155801382 0.8108784269010691 0.07235039152687506 0.1590932001845701
0 0.6650449720771521 0.8201556924787727 0.07409472948277802 0.16700582973421946
0 0.6959533992232286 0.6317347401347343 0.08670383225631965 0.17249436613141392
0 0.5394352147620483 0.418660648523439 0.0724231267092362 0.1622182001845701
0 0.7215749143252079 0.43585174121446835 0.07532992116215294 0.1530434592838688
0 0.843976591186944 0.4389290715669967 0.06766289152687506 0.15879281153562222
0 0.7519748484051387 0.23576210364525457 0.06766289152687506 0.1587928115356222
0 0.5665646784772568 0.22502127005352382 0.07086062670923639 0.16211807063492084
0 0.8707060113991663 0.2624771930970815 0.06737195079743045 0.14629281153562218
0 0.6575020690542013 0.05531465029531111 0.06889808320625015 0.11062930059062222
0 0.5904782232145138 0.05285503277500851 0.07347648043270852 0.10571006555001702
0 0.7171855403688541 0.06720922578903567 0.07860039152687506 0.13441845157807134
0 0.7796309889820832 0.06703459785898759 0.07086062670923621 0.13406919571797518
0 0.8418582320482291 0.07360072447858883 0.06955269984750032 0.14720144895717766
0 0.9032496737276041 0.07592004087301474 0.06929812670923638 0.15184008174602948
0 0.9607530492025693 0.08040756786636885 0.06566398043270852 0.13994268198597284