0 0.3813596246218477 0.09107917566445137 0.08822053788306991 0.18215835132890273
0 0.2305851843733188 0.5063153470099662 0.0914876495154674 0.1738566070321154
0 0.1667247801662744 0.4964082233204129 0.07855060694082043 0.16680557063492074
0 0.10888904492043543 0.08187176125876697 0.08512838887180565 0.16374352251753393
0 0.0728101612444099 0.2823235417958654 0.08523764951546738 0.17345608883351812
0 0.03828465487573554 0.4957945589147285 0.07656930975147108 0.17854410703211537
0 0.1296243458698302 0.7266662222406787 0.08447282500983522 0.16251858883351816
0 0.19921022619166107 0.721429207281284 0.08247328243518828 0.1561684592838688
0 0.3121561565528329 0.08586015075673645 0.08523764951546742 0.1717203015134729
0 0.176639273633112 0.08362522594130657 0.08734645273377603 0.16725045188261314
0 0.13643561866976295 0.2844682302602432 0.10039275595208474 0.18998225478036196
0 0.3008048492240249 0.5142594525009219 0.0855654314464526 0.17814358883351816
0 0.10271691048810525 0.49973228485603516 0.08959736758448215 0.16906897748246622
0 0.004218334392989242 0.4972359454042081 0.008436668785978483 0.16802810919158376
0 0.06325630069729322 0.7192530428755995 0.07887838887180565 0.17149307063492075
0 0.26563290168602893 0.7280611366463632 0.08389367080279087 0.1764809592838688
0 0.1632241776649294 0.9135060857511992 0.07494500569998319 0.11524307063492074
0 0.2377325047684516 0.9157311173680316 0.08264824505632147 0.1141812183831675
0 0.09723854474520847 0.9006241563861199 0.08763067599857095 0.1409439774824662
0 0.03475333233773958 0.9002922917958655 0.06950666467547915 0.14044332973421944