0 0.7302727324071687 0.6276542421031641 0.14223217313564335 0.22578177088084708
0 0.5947444601746502 0.6167263533430909 0.14713792794496658 0.232059041958086
0 0.8483133711597579 0.8933196278381752 0.14146828130301117 0.20390677088084708
0 0.706907121159758 0.8941423053348807 0.14615578130301116 0.203934041958086
0 0.5672444204341185 0.9121388472929667 0.1387053798517325 0.16952268052176755
0 0.4363218026481036 0.9035274374556543 0.14873514427970275 0.18832722267624505
0 0.9052206910221745 0.3149810043998042 0.1628720553496283 0.23527494554888212
0 0.7699825954686783 0.31811107046019116 0.1558234471822603 0.25710449375348415
0 0.6236978725105203 0.32442976903413545 0.15426094718226047 0.25709540339440445
0 0.4797568995523623 0.3307348320694602 0.15862106496827516 0.24774767447164328
0 0.32523056834201824 0.640164895104785 0.13776292794496667 0.23200449980360816