0 0.2212020388978415 0.59463912386105 0.17392043131591733 0.2857540314288567
0 0.38961810993041146 0.6059953108621621 0.18053445236260474 0.2923680524755442
0 0.06939442812038402 0.8684391868599377 0.04796560509226264 0.1818716262801245
0 0.1855577544146258 0.8844065501270568 0.1626805524755442 0.1729810156438411
0 0.3554754122647813 0.921543987128169 0.15288134727034208 0.1116794945971538
0 0.5193936990964841 0.9229714372834608 0.16519933674699844 0.10928253669052879
0 0.09598587613895003 0.18097771323888423 0.15875045762427653 0.2926564788121383
0 0.2434369997882385 0.2092329739034023 0.1934740681193854 0.32738008930724705
0 0.42103064974588617 0.24357163459615516 0.19016705759604163 0.32407307878390335
0 0.598533294441862 0.27634779528890807 0.19421752076433876 0.313408594568919
0 0.7171354361540662 0.6841232269577612 0.16812545762427647 0.2932025103821694