0 0.802511760741542 0.5840008345610425 0.15274538136536223 0.24204953163466153
0 0.6677282280792236 0.6105248893902276 0.1590499253659985 0.24699169961943923
0 0.970269783378407 0.8214092871462311 0.05946043324318602 0.2386751808363588
0 0.8799213347787674 0.861243766880276 0.1574510626989074 0.24380303262324468
0 0.75006165945254 0.9065775704365512 0.14589539735836238 0.18684485912689758
0 0.6175400607892672 0.9154790558549493 0.15686926002545326 0.1690418882901014
0 0.8601215293602715 0.23339068091072096 0.17316696936663475 0.25225220258518866
0 0.7293896973663166 0.27257390323039205 0.17031468936981647 0.27556236859279987
0 0.5901459313733163 0.318438207070994 0.16718968936981646 0.275435034600411
0 0.4524464840467706 0.36280367790779033 0.1717499200349984 0.26468853558899424
0 0.41426796809354116 0.7056159190105418 0.1496749253659985 0.24660969764227278