0 0.7512840942945942 0.3884185811635673 0.1538656703877141 0.2196966655834313
0 0.6259737251880063 0.40968783481701526 0.16033399420903188 0.22449325973923262
0 0.8544627140203547 0.12046919642268698 0.15357457195929064 0.21344666558343128
0 0.7212863409848254 0.1259634456119081 0.16055231803034928 0.22918075973923263
0 0.5911086894132488 0.11743610510955471 0.15321069892376152 0.20563416558343128
0 0.4695590210924491 0.14189854261037854 0.16451207195929068 0.21363758035608366
0 0.9050275626581751 0.6631982130617784 0.14031259263745496 0.23038870373287815
0 0.7951067531048811 0.6730078153352548 0.1708733879227255 0.24965690097293453
0 0.6579877427657989 0.6792151306770998 0.1693108879227255 0.24962962743398442
0 0.5239209578196109 0.6870394930968459 0.1720720148871962 0.24187167451188502
0 0.37333887675958294 0.41153315827653536 0.15103176881613756 0.22589211850553054