0 0.5828987302283365 0.10057709074631452 0.22942219764227278 0.1494749306969986
0 0.8804621383272823 0.1446838161202672 0.20891869665368965 0.14455107336090783
0 0.846893610152662 0.27795030211644917 0.2203018656270502 0.15561584269572587
0 0.29107598615983554 0.06904309070654362 0.2522230276803289 0.13412265070018026
0 0.28819904247189543 0.1971953627068618 0.245556533611828 0.16215674403245303
0 0.5586667568829011 0.3691725494111783 0.22904019566510653 0.1400999306969986
0 0.281193014297275 0.33077093137331637 0.2627440336118279 0.16235673870145292
0 0.5475316442216004 0.5081714147437693 0.2212913626613009 0.14157152402927126
0 0.2810909021302658 0.46755331604072536 0.24542919961943915 0.159031744032453
0 0.8268225547920041 0.5403412141151765 0.2340460306460784 0.14796697469763487
0 0.808638946085036 0.6604991727800403 0.24236786661563342 0.16055788136536223