0 0.5787127878416152 0.07941970607890546 0.2283482332097771 0.14322493069699863
0 0.292604162251052 0.03623059070654362 0.20229167549789598 0.06795221069381693
0 0.2600421441948847 0.1405817360359529 0.21762898801910052 0.14934766136218047
0 0.8624404578972156 0.14602814011772186 0.2536210517214311 0.1513283320337257
0 0.8153149428362731 0.2869434941119948 0.245917679126093 0.15436242536599848
0 0.47846721806401654 0.33148109806649695 0.22802085099579195 0.1338499306969986
0 0.7603050059056318 0.40744635077176794 0.2614335517214313 0.15141923870145288
0 0.4285986489193901 0.4614225893936791 0.2202629146981227 0.13532152402927142
0 0.7041864367610053 0.5373151167647683 0.24419148801910034 0.14965674403245294
0 0.15451879737544402 0.3871107433561353 0.23287204210278448 0.13859197469763487
0 0.11981395907834189 0.5078317760184536 0.23962791815668377 0.1527635626989076