0 0.3417596913192279 0.11188893626413224 0.27222154002227167 0.1703540932742363
0 0.6962659253262276 0.06856369566652837 0.2449681493475449 0.11036084422416688
0 0.7258250613065013 0.2146035474901395 0.2582499466899989 0.1778392849536113
0 0.06983978532781844 0.16179279160312504 0.13967957065563688 0.1610855832062501
0 0.08835288064927352 0.34193488649288206 0.17670576129854704 0.17136977298576409
0 0.4388774026098208 0.42907839589527813 0.27365677068745364 0.15945296086541685
0 0.12184608597231945 0.4942974734988542 0.2436921719446389 0.17296994699770848
0 0.4877677939210946 0.5927603426086462 0.262737452020999 0.16076088772715308
0 0.14472423629456996 0.6605770901401042 0.2894484725891399 0.1785666367772226
0 0.8300558385980488 0.524925411281598 0.2784169960216354 0.16581206363895867
0 0.8556541805776859 0.6755618441272577 0.2754919906906352 0.18292682845659752
0 0.21874343189055048 0.8115596683123613 0.29406017735518086 0.16773823955076422
0 0.5322706772358681 0.7305519365484727 0.27994313335454457 0.16272343123013897