0 0.47033221489915567 0.9332081105983668 0.26519346878180666 0.12491128270208947
0 0.8592905658949477 0.7974855025461873 0.2301289880191006 0.14949311203054397
0 0.13176085445435293 0.9311034546467282 0.26352170890870585 0.13779309070654372
0 0.14083948789187345 0.7527602786441829 0.2816789757837469 0.15012945870463454
0 0.555146246835139 0.6065723379217308 0.2668105324841378 0.12649196403563465
0 0.19610855273292163 0.5787318853039559 0.3065277969121079 0.14569649737427087
0 0.5960316855798788 0.44210075791695835 0.25916172359113004 0.13108855736790748
0 0.23266115554281205 0.4041585992998197 0.284598233209777 0.1438794587046346
0 0.8952405118960816 0.46126619187623297 0.17952878729346083 0.13172380935708983
0 0.9136234680640165 0.3150179005410967 0.1551289880191007 0.14862040802036267
0 0.2905158394782285 0.24573702462604735 0.288903787293461 0.13299650270527097
0 0.6268873598966486 0.29648826591345856 0.27322422359113024 0.13125218936981647