0 0.9233035396869491 0.8746656205442782 0.15339292062610177 0.11322834802672617
0 0.24180447195609492 0.9743443773074556 0.1837066146538926 0.04898403469127146
0 0.5775328527796466 0.8023666432606852 0.3373716044771273 0.21004989871099794
0 0.22616842661493627 0.8400693746419557 0.26886726594251653 0.21393742003499838
0 0.5907787239922598 0.5927098325907307 0.3297228787873866 0.2130839920432706
0 0.1822978386461524 0.6443665233131828 0.2894254274079057 0.21886127737108918
0 0.9057874118040736 0.5466315272120056 0.18842517639185274 0.19778516136218052
0 0.8958984164402006 0.36857016187941466 0.20820316711959883 0.20883174936345306
0 0.1824229121427578 0.45284209464513736 0.32865170171816527 0.22244081070972524
0 0.5853088947299032 0.41375812925686717 0.34707415309764633 0.21640898671227066
0 0.5428746540021574 0.23054618726132148 0.364671088873295 0.22442148138127055