0 0.1219834016240821 0.8657392505042031 0.21539298244902275 0.16787518689433406
0 0.6853806603995707 0.9527907722957296 0.24145537727617317 0.09441845540854069
0 0.4089953198081976 0.7949996876506388 0.2259667695960413 0.1561400113999664
0 0.6854070556224326 0.8464247019005967 0.2578078029821361 0.17863772427320096
0 0.3974620894042389 0.6532820812140215 0.21976223370266396 0.1572654688253195
0 0.6971522008452945 0.7118147551189055 0.24043844655564542 0.17118585719292198
0 0.1312747997499379 0.6002235111478649 0.22922816191590933 0.16104603268728984
0 0.13723294622644103 0.47616865211335746 0.2389668747688908 0.1742015965492602
0 0.6799683640148452 0.5759647364294722 0.24177362602253183 0.1634826178365838
0 0.3970565756141854 0.5326964296048672 0.2307906619159093 0.16115529333095147
0 0.4225459720906885 0.41000732861613154 0.241773626022532 0.16348261783658374