0 0.45314263399109134 0.08676602336425157 0.22950678134945374 0.12937509263745517
0 0.1587381059834553 0.1293343972283504 0.2625192760184537 0.14809085938667818
0 0.5077744953055467 0.22844840922006243 0.2232931440165446 0.1322089942090318
0 0.20090632996500163 0.2673095862273144 0.24375109468490824 0.1456550641014079
0 0.8044955013128646 0.18833294726662242 0.23739200668363553 0.13598896567298446
0 0.8428120192950471 0.32143869974782174 0.24066245735199915 0.1486345148871962
0 0.2625785319462297 0.40853820781510164 0.2483658693507264 0.1396233879227255
0 0.5375154446212748 0.3595914013621796 0.23581132535009014 0.1343536910658786
0 0.5828904846037757 0.4906808895753553 0.2483658693507266 0.1396233879227255
0 0.634270076583413 0.6431552262169544 0.24671246268299923 0.13173811331561963
0 0.8787847872772299 0.4544352903183624 0.22491018801718105 0.13696926881613755
0 0.8990871019255489 0.5906103848178443 0.19058973201781731 0.14005572745980874