0 0.12895506858825614 0.08431501583944183 0.12646486282348773 0.16863003167888366
0 0.11392080925606059 0.4024698001162156 0.17475808684890543 0.26659691015912906
0 0.23154823457872448 0.11227077103522191 0.19002853084255103 0.22454154207044383
0 0.04180212175523677 0.711565930690148 0.08360424351047353 0.2737431386197041
0 0.12696095698587967 0.7729790420704439 0.19386264285525984 0.2882205378830699
0 0.36780728855648404 0.16233184713033794 0.18615923701106124 0.2939242346647613
0 0.244942938314898 0.45104977572679894 0.1780740016215578 0.27775293144645263
0 0.3709911952147569 0.5163637832683675 0.18615923701106124 0.2939242346647612
0 0.5202996741114385 0.5901951311550101 0.17672968993316046 0.29014367080279085
0 0.2587097889668164 0.8246293873591963 0.1761842191541537 0.25889367080279085
0 0.3969131724898807 0.8641239400733018 0.17561147483619663 0.22608117080279086