0 0.5921895742855157 0.9251512488418241 0.2839256999091429 0.14969750231635182
0 0.25838778437142385 0.9226154796419344 0.2849149898232347 0.1547690407161312
0 0.6083490835577697 0.7623285356220022 0.27948386137453235 0.19232241208933268
0 0.24045225463409742 0.7846915823551132 0.30538462008095946 0.2111119848837218
0 0.9015779466297825 0.7427109546511652 0.1968441067404349 0.19274391424880086
0 0.8975245324508598 0.5927109546511651 0.20495093509828025 0.20211891424880085
0 0.25023561114738957 0.614799386950905 0.30818207146044047 0.2050622439830203
0 0.5930062873120999 0.6032842026485803 0.29206574852966194 0.19468594848652715
0 0.5919340309805219 0.4342536003968269 0.30818207146044047 0.2050622439830203
0 0.5987971053816384 0.26806739589332007 0.30448386137453215 0.1939244848837217
0 0.8999463079485441 0.43671127852528835 0.2001073841029119 0.18070498920265834
0 0.8833392017181654 0.27462228870432115 0.19001192559888339 0.17880252775932126