0 0.5196759692795595 0.9385010680299077 0.23959569368794006 0.12299786394018461
0 0.21207171631380994 0.9506818000079541 0.27126218775644106 0.09863639998409184
0 0.5293440824351519 0.8010674394095874 0.23417336463846716 0.15109197469763486
0 0.23377957304361177 0.8421805987030438 0.25687603558899424 0.17165901336727113
0 0.8019976738419144 0.765940650779722 0.24699169961943923 0.1590499253659985
0 0.8161304525108266 0.6301031481142221 0.253878369581383 0.1747476507001803
0 0.24985685368969018 0.6969862773710892 0.25974636760421677 0.1654453760343621
0 0.5353778596211892 0.6721702800763601 0.24692803262324467 0.1574874253659985
0 0.5407723082520451 0.5205986894095874 0.25974636760421677 0.1654453760343621
0 0.5392800869209573 0.3845793734086329 0.25630303262324466 0.1575965133672712
0 0.8296093151721274 0.4911315547819493 0.237744033611828 0.16206583736472596
0 0.8305245108372338 0.35357701078131293 0.23787136760421673 0.16519083736472578
0 0.25428566300468064 0.4156544613701347 0.2661237015966055 0.16864310136854374