0 0.4154741245669216 0.90625623056469 0.27555998407381016 0.15619445781510138
0 0.7347855666885313 0.908524936107989 0.2485578683170294 0.12065506410140792
0 0.12167388328073721 0.878769201200073 0.24334776656147442 0.1611730562435249
0 0.12261366346476317 0.73716389805692 0.24522732692952634 0.2100472038861602
0 0.7523587455147871 0.780708151161801 0.3046706314006219 0.20118162613590124
0 0.42035758759404446 0.7689017797789015 0.29162459983059075 0.1912244292790543
0 0.42921519005547104 0.5900683043860073 0.3061421261389501 0.1996919007430069
0 0.4431397241151638 0.43125623056468987 0.304033594568919 0.19024412613590122
0 0.11627192917919153 0.5736108203066609 0.23254385835838307 0.1965283593866783
0 0.12183095541696362 0.41185568300310804 0.24366191083392724 0.201288633993784
0 0.7746858557275471 0.4508751019475893 0.3142276419239657 0.2047432737785364