0 0.5119717211440594 0.03291768351124984 0.2416815577118811 0.06583536702249967
0 0.8339012848463903 0.027518402641701085 0.22594743030721948 0.05503680528340217
0 0.20043402041842 0.04997789694211789 0.25100199400955014 0.07921994699770854
0 0.15970483829710214 0.16567628533486098 0.26973712504240904 0.1686461229095141
0 0.8225049386599219 0.14166267667430485 0.2772222428284238 0.15945296086541694
0 0.4942708112552602 0.1524248708222218 0.2628869243167696 0.15131315254479188
0 0.47569688212916716 0.30429649534725656 0.2772222428284238 0.15945296086541685
0 0.4434324752355927 0.46819599439732607 0.27689486061443874 0.15007796086541686
0 0.1324280317663474 0.3208729316113888 0.25373017912609297 0.15734494699770848
0 0.13165916153326182 0.47701382883784704 0.25389387023308563 0.16203244699770852
0 0.7799875341286001 0.465046278497916 0.2835268065307547 0.16116093123013914