0 0.45547701566421483 0.8931990013842761 0.20855518119435104 0.11291671190476223
0 0.7537013482156187 0.8817048010428223 0.22828852698730664 0.12818076650055446
0 0.1879399544001345 0.9035207279438915 0.2198204631253362 0.11830511875230769
0 0.1498058058930733 0.7755168414544118 0.2253820482746301 0.13110550740125576
0 0.7196755455015131 0.7398386736526413 0.23097648441265975 0.12213102559985281
0 0.43742042037546236 0.7586342342654129 0.21971120248167447 0.1167426187523077
0 0.4166922931557246 0.6286067728220758 0.23097648441265975 0.12213102559985298
0 0.38401046915429554 0.48996577498154414 0.23043018119435105 0.11431852559985281
0 0.12137443931699732 0.643426232262828 0.21077324505632147 0.12239184145441176
0 0.1158178440282448 0.5096625015411596 0.21110102698730668 0.12707934145441174
0 0.6738977778204859 0.46302704734219446 0.2374450056999832 0.1256565437984502