0 0.9017376695151021 0.5833464466316005 0.11851689212119325 0.20973355027685514
0 0.8881776126759136 0.8763559669896661 0.13556268216314962 0.22948484577334857
0 0.9129190101724696 0.320505287624587 0.12559568631233448 0.22107156847545245
0 0.7858111358974158 0.2641575532022907 0.1384508838228232 0.22656010487264702
0 0.7471848371561045 0.821450816620526 0.1295494805034753 0.23220932757475127
0 0.7674568352820047 0.545197999686233 0.12391478714217126 0.2194089389258032
0 0.6385263518787442 0.505837506164638 0.1295494805034755 0.23220932757475107
0 0.499214475529098 0.452594985345147 0.1217369805034755 0.2317086798265045
0 0.6547261566433402 0.21688443013104633 0.12789189212119306 0.21033432757475118
0 0.5206112657715469 0.19118591841085403 0.13257939212119324 0.2106347162236991
0 0.4723848240838498 0.7346472193060181 0.13158557718412744 0.23855945712440044