0 0.5321970985957751 0.91640951605191 0.30604636137453217 0.16718096789618003
0 0.20415066372463747 0.9296699694147919 0.18713923111680747 0.14066006117041638
0 0.8752411759375678 0.8941118223757647 0.24951764812486452 0.18645187195958357
0 0.8681070273624772 0.7260885209889938 0.26378594527504545 0.2162484747331252
0 0.18843937528088378 0.766736171162153 0.24231140999505124 0.1866687710859029
0 0.5325645115315024 0.752117158813056 0.31936523292582975 0.19782578305375012
0 0.5140624157608025 0.5628546370615629 0.33704405585660824 0.20760082655673634
0 0.5335959085247132 0.36979562129399346 0.33490834577069994 0.19662695896555588
0 0.8789006852098218 0.5334834469007994 0.24219862958035634 0.19833362290951406
0 0.8750962545225558 0.3591374103316674 0.2498074909548884 0.19956881458888906
0 0.1549286759375677 0.39531511284152787 0.2790677815463487 0.20313022568305578
0 0.5319471200809595 0.204334275454306 0.3067014586155702 0.19440984232430578