0 0.9284988120225899 0.5071528329919428 0.14300237595482024 0.2592598925821967
0 0.9370823766709089 0.20690384950028626 0.12583524665818224 0.1972578595655099
0 0.909917370106586 0.8323641949323018 0.15461696403563466 0.27044305404758606
0 0.763859982773677 0.8278327459276701 0.17972605203690756 0.2811282485296619
0 0.7978937020209991 0.19640900553860857 0.16212038136536222 0.2442899898232347
0 0.7843697407304061 0.5103519968321812 0.1608851453691802 0.2723331026681049
0 0.6226055373965427 0.497970426276252 0.16884309603754383 0.28524253844375363
0 0.4580799607335878 0.5166750814100631 0.15944991470399827 0.2831887155129751
0 0.5984713401097677 0.8394652074839165 0.1670260573679075 0.26328565128862386
0 0.4461639527768586 0.8346062098587657 0.17327605736790747 0.2636131999091429
0 0.47898007001909004 0.1656415258921392 0.1735851400381801 0.29017569990914294
0 0.3167827987348605 0.5186392938708206 0.159195376034362 0.2613137155129752