0 0.8484101712590622 0.4860941964226869 0.19444620991548628 0.3017103246740408
0 0.7247654641933673 0.8548098254848198 0.21483144509784752 0.2903803490303606
0 0.930592770517222 0.17880957629230332 0.13561411094166687 0.18979097727182856
0 0.784826982048229 0.12858961363097138 0.18503222948277803 0.16566373051823943
0 0.556198608570034 0.7842417755642499 0.209199694147917 0.33164328652459396
0 0.6853484332269094 0.4066543380634261 0.1978621506449308 0.3142648717519414
0 0.507915070669722 0.3402502678536122 0.207637194147917 0.33161601298564347
0 0.33914884650527755 0.23726381533854995 0.19822582655673635 0.3298898717519415
0 0.619203288468993 0.05848384496328497 0.15839568787965277 0.09491485389503398
0 0.2155950584175342 0.6094779602257 0.2125428996950003 0.3410728336024945
0 0.18922288810840265 0.164305782060367 0.19604507750666694 0.30330009821299114