0 0.456376527263645 0.9701005113582035 0.22649107123840279 0.05979897728359305
0 0.15688567354017283 0.9468070936704317 0.24934799620027787 0.10638581265913664
0 0.7796685568989228 0.978195916713066 0.23870013050895836 0.04360816657386799
0 0.8172614355080201 0.8792764447803585 0.24665940729444458 0.12783628803308958
0 0.19198998499492986 0.8165169800286349 0.2527639369297223 0.12165901336727111
0 0.5178796845580896 0.8492231287396329 0.24011846656500002 0.1152635626989075
0 0.5425556422893745 0.6955623267424965 0.25276393692972227 0.12165901336727121
0 0.5890156810427079 0.5460623134149962 0.252545731382639 0.1122840133672712
0 0.8713521363054507 0.7376798381205854 0.22623780452090295 0.1229124306969986
0 0.8825831898764231 0.5908957447883126 0.20915940729444457 0.1273999360279987
0 0.2759532898001732 0.4994391153723619 0.2590139369297223 0.12173173870145285
0 0.633695014248958 0.4059191187539505 0.22918096656500014 0.11513629336408951
0 0.9021534203091315 0.45514914879053975 0.17765483415618064 0.11609880935708983