0 0.09754516946540855 0.5546437376427104 0.1349969849168628 0.25946252471457926
0 0.05343027464151816 0.2038770750951402 0.09659004877883322 0.2672458498097196
0 0.24805217592169634 0.8807048774528674 0.1999992720436281 0.23095020555093804
0 0.17967034654926023 0.22772179889768607 0.19063497972108273 0.29756470258518863
0 0.22965282912033458 0.5727650434604786 0.18652663392812707 0.28337486859279987
0 0.3892463504076581 0.5693960098486507 0.1938692403647444 0.29925453657757756
0 0.5677373371661062 0.5785760557805872 0.1843849797210826 0.2973100346004111
0 0.42169177171465205 0.8877321743733871 0.18084508045771694 0.20212486859280004
0 0.5878248701054977 0.8770453892786845 0.1829538836760257 0.21000103558899424
0 0.5342867907330615 0.2234574742596564 0.1959780435830531 0.30713070357377187
0 0.721446845211878 0.5918997736516342 0.182636809422495 0.27231003460041114
0 0.7301762610709902 0.8735954426249947 0.16201867080279087 0.17798703163466162
0 0.6784574078133406 0.23481944410786962 0.19477617650277407 0.28994320357377185