0 0.42395967476623087 0.07915992319777634 0.23333065046753826 0.10806681788754577
0 0.7546011415887437 0.07644835093748056 0.2564227168225127 0.05060500425206378
0 0.11462103620254938 0.17968711318613834 0.22924207240509875 0.2062492263722767
0 0.7283017411212054 0.16340634593651074 0.2760090298578376 0.19588555334367821
0 0.4077210755283566 0.18335321562143098 0.26349084913967824 0.19174018728260195
0 0.4138932865953328 0.3315834215307864 0.2775988009350764 0.2007005991013128
0 0.4090189133533536 0.4976708071367001 0.2744192587805987 0.19107050758604363
0 0.1063131116327102 0.34311188439796564 0.2126262232654204 0.1924737687959313
0 0.11524268403780893 0.4993459089437729 0.23048536807561787 0.19869181788754578
0 0.7388882205349458 0.493332961997587 0.2854203912941561 0.2029008278894855
0 0.4011604406771084 0.6392843512273447 0.2541067587805987 0.1894124127367947
0 0.11278828708631214 0.6313771589437729 0.219677216626121 0.177231406068835
0 0.7326376996540988 0.6272615518458661 0.26822380093507636 0.19993532455550564