0 0.037016743521595015 0.12673067164297294 0.05840848704319003 0.25337043969514966
0 0.11289424428756215 0.8355016836450254 0.1376744848837217 0.2960033672900509
0 0.0759323557954977 0.46589316559284877 0.11001055983757915 0.27866133118569747
0 0.21876140345145925 0.44017152380771335 0.1657994848837217 0.29616699375348415
0 0.40038284083610287 0.3982754361791082 0.15486198488372177 0.29610336123992675
0 0.15787066162790725 0.09931926483072293 0.15949132325581447 0.1977294937534841
0 0.33466369910483595 0.09175727058625953 0.1630773982096719 0.18056926483072294
0 0.46743274752676467 0.7743066710537978 0.16786263263196818 0.30398858411256346
0 0.5554417782207466 0.3562248124461497 0.15774715299003397 0.2680056323171655
0 0.48424339450904413 0.07388449023744265 0.14661178901808825 0.14298745159900636
0 0.6141482587855316 0.7361123003459011 0.16676120758582585 0.28680108411256383