0 0.05703125 0.11953125 0.0671875 0.178125
0 0.153125 0.115625 0.053125 0.190625
0 0.25 0.115625 0.0484375 0.1546875
0 0.353125 0.1140625 0.05625 0.1875
0 0.4515625 0.11953125 0.05625 0.1671875
0 0.5515625 0.1234375 0.0515625 0.184375
0 0.6515625 0.11796875 0.046875 0.1640625
0 0.75078125 0.11953125 0.0515625 0.1671875
0 0.85078125 0.11640625 0.0484375 0.1625
0 0.95 0.11328125 0.05 0.1640625
0 0.05 0.45078125 0.05 0.1859375
0 0.14609375 0.4453125 0.04375 0.18125
0 0.246875 0.45078125 0.053125 0.1859375
0 0.3515625 0.46015625 0.053125 0.171875
0 0.45546875 0.4546875 0.0578125 0.16875
0 0.55390625 0.45 0.0515625 0.1671875
0 0.653125 0.44765625 0.0515625 0.171875
0 0.7515625 0.446875 0.04375 0.184375
0 0.85078125 0.45234375 0.0515625 0.171875
0 0.95 0.45078125 0.0515625 0.1703125
0 0.053125 0.778125 0.0421875 0.1875
0 0.14921875 0.78359375 0.0578125 0.1671875
0 0.25 0.78828125 0.0515625 0.1765625
0 0.3515625 0.78515625 0.0421875 0.178125
0 0.45625 0.79375 0.053125 0.171875
0 0.553125 0.7890625 0.05 0.1859375