0 0.053634799486909766 0.059128981562668124 0.1060331008736806 0.06513296312533626
0 0.0604861711621529 0.15242551349365333 0.11566267401194452 0.07672602698730664
0 0.05669098356684049 0.25745722091900636 0.10298083605604173 0.06803944183801276
0 0.07260888392743087 0.37166718639013113 0.12979790919430562 0.08083437278026225
0 0.07589949771888929 0.479534316711962 0.1313604091943056 0.08094363342392405
0 0.09012761151034772 0.588166271539425 0.1484024388295834 0.0758955005042031
0 0.09194664427975753 0.6998303912175942 0.13110583605604173 0.07000613342392406
0 0.1046486256623965 0.8099155854013954 0.1359024388295834 0.07502141535490914
0 0.11111879084062577 0.9203449870105498 0.1279808360560417 0.06978761213660042
0 0.11769740558201472 0.9964597367584481 0.12365570554708336 0.007080526483103711
0 0.3700767638677084 0.04927764222600033 0.20730466014423604 0.059734904963349024
0 0.37225881933854177 0.14302764222600034 0.20457970364722228 0.07670388367602557
0 0.3889034183123613 0.254948488018956 0.20952177678548622 0.08796916560701078
0 0.4102900686729517 0.3695408657428968 0.19386040919430556 0.08531405917039336
0 0.41450740282913234 0.4837126263865585 0.1923706443766667 0.08832979852673173
0 0.41939688421177135 0.5932515173520511 0.1891001740119444 0.08186127723940828
0 0.42659374800322974 0.7013917992830363 0.19378767401194455 0.08218905917039336
0 0.43615254559027844 0.8104772221795141 0.2077047036472223 0.07692240496334897
0 0.4527425931773271 0.9200543179724697 0.19382404160312508 0.08375155917039337
0 0.4595575972613897 0.99321404048096 0.18993532218833326 0.013571919038080082
0 0.7275619555470834 0.06023582962453765 0.2082489110941667 0.033281665607010756
0 0.7436064892664237 0.14637542541749327 0.1908081443766667 0.08822053788306997
0 0.758670404444653 0.2574057605667871 0.19851154160312526 0.08407934110137863
0 0.7651769372140628 0.3693976621759415 0.20141833605604162 0.07492286238870208
0 0.7858005213702434 0.48471665957805143 0.19386040919430556 0.08531405917039336
0 0.7906354513661116 0.5919118005435441 0.20941267401194458 0.08328166560701078