0 0.7871454639958639 0.028296154179971368 0.08195907200827221 0.056592308359942736
0 0.8167045999761374 0.1710179018422803 0.08537497334499947 0.08642837939029935
0 0.8512870432845479 0.3543980284039093 0.08065111067790838 0.08327610831306051
0 0.881345618594867 0.5237429260427772 0.08539315467854465 0.08799087939029934
0 0.9107593039067771 0.6813736188611849 0.08068747334499946 0.08640110831306061
0 0.9431161758832326 0.8546111309614333 0.083830654678545 0.08798178903121964
0 0.6581301259945912 0.0380484040817755 0.08373974801081766 0.076096808163551
0 0.6867443799729558 0.19520990164588858 0.07903406667727228 0.07857951795398091
0 0.7213813672820024 0.37390252820751757 0.07903406667727228 0.07857951795398091
0 0.7500501652610033 0.5284127662054651 0.08690111067790855 0.08331246974937905
0 0.781489427235868 0.7133735734852532 0.0806329293443632 0.0817136083130606
0 0.8130832305458691 0.8850531307650413 0.08544769867918127 0.09267837939029917
0 0.5211295653246367 0.06102632006740768 0.0774715666772721 0.07857042759490127
0 0.551288137969456 0.22177746770627552 0.08368520401018138 0.07548178903121974
0 0.5866972846117298 0.4012467990883647 0.07589088534372693 0.07699883723582168
0 0.6190450659214127 0.575265561188613 0.07747156667727229 0.07857042759490121
0 0.6460877292330046 0.7352536395456402 0.08541133601209036 0.08955337939029935
0 0.6823781232097784 0.9061246757481897 0.07434656667727228 0.07855224687674181
0 0.4060040046546824 0.08591321145975958 0.08061474801081765 0.08015110831306052
0 0.4353813272995016 0.2466689042781672 0.08384883601209037 0.08954428903121973
0 0.4684558146085481 0.4253706211988758 0.08065111067790856 0.08327610831306043
0 0.5000132552514583 0.6001751784786641 0.07432838534372674 0.07698974687674198
0 0.5278553498965957 0.7585962116561513 0.08059656667727211 0.07858860831306061
0 0.5563241532065968 0.9302939496540988 0.07745338534372692 0.0770079275949012
0 0.27289151265118256 0.1124671419815271 0.07434656667727228 0.07855224687674203
0 0.30305008529600175 0.2732182896203949 0.08072383601209036 0.08952610831306052