0 0.09140625 0.15703125 0.0703125 0.065625
0 0.24453125 0.15703125 0.0703125 0.06875
0 0.4234375 0.15625 0.06875 0.0640625
0 0.58828125 0.15703125 0.071875 0.06875
0 0.7421875 0.15625 0.071875 0.0640625
0 0.9109375 0.15625 0.071875 0.0671875
0 0.0875 0.28203125 0.0671875 0.0671875
0 0.24296875 0.28359375 0.0640625 0.0640625
0 0.4171875 0.28203125 0.0640625 0.0640625
0 0.56796875 0.28125 0.0671875 0.0703125
0 0.7484375 0.28359375 0.0671875 0.0640625
0 0.915625 0.28359375 0.0765625 0.0671875
0 0.0859375 0.415625 0.0640625 0.0625
0 0.24296875 0.41484375 0.059375 0.06875
0 0.41796875 0.4125 0.0625 0.0609375
0 0.5875 0.41171875 0.0640625 0.0625
0 0.74296875 0.4140625 0.0734375 0.0671875
0 0.91015625 0.409375 0.0640625 0.059375
0 0.0875 0.52734375 0.0640625 0.065625
0 0.24375 0.52734375 0.075 0.065625
0 0.41796875 0.52734375 0.06875 0.0640625
0 0.58828125 0.52734375 0.0625 0.059375
0 0.74296875 0.52890625 0.0625 0.065625
0 0.909375 0.53125 0.0625 0.0625
0 0.0875 0.65703125 0.0640625 0.059375
0 0.24375 0.65625 0.075 0.0625