0 0.26181021051126124 0.9619588686313257 0.08010660703211539 0.07608226273734857
0 0.2372341077980825 0.8013378969175774 0.08323160703211538 0.08515053218308673
0 0.20631836751568997 0.6101830191936365 0.08000647748246606 0.08336951089576328
0 0.1818726727297907 0.4350355537225118 0.083431866131414 0.08827553218308673
0 0.15583419956626127 0.2714429472858944 0.080306866131414 0.08805701089576327
0 0.12874436613141402 0.09144409084927707 0.080306866131414 0.08805701089576327
0 0.3941721275378393 0.9634774459869494 0.08000647748246603 0.07304510802610124
0 0.36871464527501124 0.801976671306994 0.0780434592838688 0.07701025025210165
0 0.341174228866742 0.6149465648703766 0.0780434592838688 0.07701025025210165
0 0.3153860795773359 0.45526020843375925 0.08625647748246604 0.08380655347041017
0 0.28744514497046947 0.2619801019971419 0.08000647748246603 0.08336951089576328
0 0.2613368206349208 0.08516087588235541 0.08050712523071261 0.09118201089576328
0 0.5341462854651187 0.9649331802735583 0.0764809592838688 0.0701336394528834
0 0.5077573588778167 0.7992554989147193 0.0809682001845701 0.0741037715394249
0 0.4779232572443721 0.6128427515126094 0.07325582973421944 0.0751199683211162
0 0.4491207294850509 0.4303908844323302 0.0764809592838688 0.07690098960843983
0 0.42698850632152147 0.2670714296048672 0.08040699568106327 0.08961951089576328
0 0.39521117288667423 0.08674479123726461 0.07325582973421944 0.07511996832111634
0 0.6528764990679241 0.9628350847327042 0.0780434592838688 0.07432983053459168
0 0.6273689520302714 0.7967310684766729 0.08050712523071261 0.09118201089576346
0 0.5975849151716515 0.6110995710745628 0.08000647748246603 0.08336951089576328
0 0.5702948226375056 0.42797571463794554 0.07325582973421944 0.07511996832111638
0 0.5473813494739762 0.2646016294886516 0.0780434592838688 0.07701025025210155
0 0.5242978955887783 0.08643842466118863 0.0764809592838688 0.07690098960843983
0 0.7895754626707296 0.9612902312336921 0.0733559592838688 0.0766824683211162
0 0.7625554804079016 0.7945179944752437 0.07728199568106327 0.08940098960843983