0 0.8750322602516191 0.13515625 0.0954613221398514 0.09375
0 0.9085615559826007 0.35703125 0.09071925843752027 0.0921875
0 0.9344321191367773 0.5609375 0.09713294954451328 0.096875
0 0.9587475670988599 0.7515625 0.08250486580228014 0.0984375
0 0.9729502101550273 0.93515625 0.05409957968994554 0.046875
0 0.7208358335725966 0.14921875 0.0905010036281972 0.0859375
0 0.7510491563454202 0.365625 0.0905010036281972 0.0859375
0 0.7794172369227921 0.5515625 0.09858632213985138 0.09375
0 0.8083135963561044 0.775 0.09066469473518986 0.090625
0 0.8332565765706565 0.95234375 0.08595734736759501 0.0453125
0 0.5589360342982361 0.16640625 0.09507937622353531 0.0828125
0 0.5914931070710596 0.3828125 0.0857043762235353 0.0828125
0 0.6222967068857252 0.59375 0.08581350362819702 0.0859375
0 0.645387010421255 0.78515625 0.09406251324684405 0.0984375
0 0.6784425909986269 0.97109375 0.07641865626060226 0.040625
0 0.3966939507256394 0.0171875 0.0821230192372937 0.025
0 0.4180481394703793 0.18125 0.09260914065150558 0.1015625
0 0.45060521224320277 0.39765625 0.09071925843752063 0.0921875
0 0.4798463120578683 0.60859375 0.08257937622353531 0.0828125
0 0.5044991155933982 0.8 0.09050100362819702 0.0859375
0 0.5264535050637774 0.98125 0.08255952885594056 0.0375
0 0.2355481196001134 0.03359375 0.0774355192372937 0.025
0 0.2600273083448533 0.19765625 0.08792164065150558 0.1015625