0 0.9818265484375001 0.3972476015625 0.9270628109375 0.20925680624999998 0.8616935703124999 0.25928784843749997 0.916457309375 0.44727865 0.9818265484375001 0.3972476015625
0 1 0.2589301421875 0.98537526875 0.1547631265625 0.9456924140625 0.18865254843749998 1 0.3808337296875 1 0.2589301421875
0 0.8993908953125 0.46508091250000005 0.839951271875 0.2646894390625 0.7698924640625 0.3231264546875 0.8296907203125 0.5260723390625001 0.8993908953125 0.46508091250000005
0 0.812150690625 0.533533175 0.751993803125 0.32803287812500004 0.6850613734375 0.38086591406250003 0.7470114156250001 0.5991382515625 0.812150690625 0.533533175
0 0.7232323140625 0.5970004062500001 0.662114515625 0.39162390625 0.5949384375 0.449689546875 0.65701714375 0.6549422546875 0.7232323140625 0.5970004062500001
0 0.639720765625 0.65717048125 0.5773984109375 0.45715038124999996 0.5145395875000001 0.5250622921875 0.577220575 0.7276368078125001 0.639720765625 0.65717048125
0 0.5595655625 0.7273106234375 0.49136276562500003 0.5202462453125001 0.425864859375 0.58329691875 0.49322173124999996 0.7982721015625 0.5595655625 0.7273106234375
0 0.4692126609375 0.7805602203124999 0.400637553125 0.59174808125 0.341866015625 0.6539322203125 0.4121192984375 0.8477293859374999 0.4692126609375 0.7805602203124999
0 0.3949379 0.8577446375 0.3236087265625 0.6562842375 0.2629153703125 0.718715959375 0.33400089843749997 0.9254089640625001 0.3949379 0.8577446375
0 0.3097481828125 0.9129296890624999 0.2350489796875 0.72230588125 0.1719601890625 0.7746437515625 0.24773528437499998 0.9729307828125 0.3097481828125 0.9129296890624999
0 0.150705184375 0.7695801171875 0.090255478125 0.8267792249999999 0.14972927656249999 0.9960344531249999 0.1944271640625 0.994213153125 0.2219193796875 0.9632535000000001 0.150705184375 0.7695801171875
0 0.8794949750000001 0 0.9213383890625 0.1475796015625 0.97643381875 0.09107618906250001 0.9636470015624999 0 0.8794949750000001 0
0 0.7969424765625 0 0.7899181375000001 0.0058727250000000005 0.84719229375 0.21174438593749997 0.9052328890625001 0.1652580796875 0.8568562578125001 0 0.7969424765625 0
0 0.8178776984375 0.2259233171875 0.7584380734375 0.025531845312500002 0.687059725 0.0815382421875 0.74781889375 0.28436033437499997 0.8178776984375 0.2259233171875
0 0.7273961328125 0.2921925421875 0.6696346828124999 0.096786096875 0.5986149640625 0.1553469015625 0.6612959484375 0.3579214140625 0.7273961328125 0.2921925421875
0 0.6443582015625 0.3627040578125 0.5792817796875 0.150035696875 0.5051356859375 0.21420048125000002 0.5684189484375 0.4140967890625 0.6443582015625 0.3627040578125
0 0.55412028125 0.42374066875 0.489158846875 0.21885932656249998 0.43002867812499995 0.278489059375 0.4976291984375 0.48823163437500006 0.55412028125 0.42374066875
0 0.46388236406249994 0.48477728437499995 0.395550903125 0.2907325234375 0.3352161765625 0.35571865625 0.40978671406249995 0.5593620968749999 0.46388236406249994 0.48477728437499995
0 0.3876857828125 0.5622092765625 0.3174325046875 0.368412103125 0.2600954921875 0.44081388125 0.3248269640625 0.6301211875 0.3876857828125 0.5622092765625
0 0.2963719734375 0.6155826640625001 0.22948871406250002 0.410948903125 0.168551715625 0.47861323437500003 0.23255224062500002 0.6836183609375001 0.2963719734375 0.6155826640625001
0 0.2132190578125 0.678307146875 0.14884621874999998 0.4915542609375 0.08743560156249999 0.548877159375 0.155164784375 0.7456001156250001 0.2132190578125 0.678307146875
0 0.048925621875000005 0.03581395625 0.1043464734375 0.19795676874999998 0.159693184375 0.1275146296875 0.122856215625 0.02628975625 0.048925621875000005 0.03581395625