0 0.9449254921874999 0.758644525 0.9609820812500001 0.6725187890625001 0.929072296875 0.6149421125 0.8403062484375001 0.6672622828125 0.9109817515625 0.778357784375 0.9449254921874999 0.758644525
0 0.7243475312500001 0.737786953125 0.795824853125 0.8394754390625 0.8714592828125 0.7963179375 0.8054308875 0.68582664375 0.7243475312500001 0.737786953125
0 0.6134029625 0.7967347796875 0.6867391281249999 0.898664953125 0.7623735546875 0.855507453125 0.6918855125000001 0.74851258125 0.6134029625 0.7967347796875
0 0.511752609375 0.8568910234375 0.5879369 0.9537564937499999 0.6544645703125 0.913491209375 0.5857755124999999 0.81216524375 0.511752609375 0.8568910234375
0 0.484619803125 0.86966829375 0.41852691249999996 0.9127076109375001 0.471495690625 0.9774977781249999 0.540432321875 0.9742870015625 0.5540508187500001 0.967014471875 0.484619803125 0.86966829375
0 0.38786387968749997 0.9291021531249999 0.32935433125 0.9637629890625 0.4256718828125 0.9762860046874999 0.38786387968749997 0.9291021531249999
0 0.733794403125 0.49308106875 0.8103615062499999 0.6185301015625 0.9007390781250001 0.5677782171875 0.823302415625 0.43678110937500003 0.733794403125 0.49308106875
0 0.61976228125 0.578802503125 0.69508489375 0.6905022109375001 0.770344396875 0.639143453125 0.6986118671875 0.51839925625 0.61976228125 0.578802503125
0 0.506651690625 0.6442624703125001 0.583833146875 0.7562038609374999 0.6583506906250001 0.7088248890625 0.584886921875 0.5973668671875 0.506651690625 0.6442624703125001
0 0.40562357968749996 0.7112933781249999 0.48267743437500005 0.8137069125 0.555711059375 0.7742875203125 0.475494015625 0.6633102 0.40562357968749996 0.7112933781249999
0 0.3060195375 0.7757919328125 0.384309990625 0.8715724874999999 0.45127244375000003 0.8340812375000001 0.3772541734375 0.7307036296875 0.3060195375 0.7757919328125
0 0.21812305156249998 0.833660171875 0.2954840828125 0.929319884375 0.36058769375 0.89158695 0.279568828125 0.7900166453125 0.21812305156249998 0.833660171875
0 0.6180482015625001 0.3122642125 0.703355025 0.44700208437500005 0.788710565625 0.3874447265625 0.7076160687499999 0.25053702499999997 0.6180482015625001 0.3122642125
0 0.4995564296875 0.40148206562500005 0.58287680625 0.526450403125 0.665384221875 0.4719577421875 0.5835477671875 0.3390298328125 0.4995564296875 0.40148206562500005
0 0.38793764999999997 0.4793647640625 0.47131788124999996 0.598905871875 0.5514718140625 0.54682471875 0.46604527500000004 0.422941303125 0.38793764999999997 0.4793647640625
0 0.28493098125 0.5570084421875 0.37047723593750004 0.6700374078125 0.43780672656249997 0.6203651125 0.357896859375 0.5026339640625 0.28493098125 0.5570084421875
0 0.18805534375 0.6272967484375 0.2732266734375 0.7321244578125 0.3356018765625 0.688601775 0.2586677375 0.5753337796875 0.18805534375 0.6272967484375
0 0.0986749390625 0.6931245625 0.184588228125 0.7939724828125 0.2476455328125 0.7518972374999999 0.16321616249999998 0.6430897390625 0.0986749390625 0.6931245625
0 0.4921240015625 0.11552864843749999 0.5832756609375 0.258887109375 0.66349905 0.1919604734375 0.582311415625 0.0460296546875 0.4921240015625 0.11552864843749999
0 0.3721409296875 0.2140304453125 0.4637298 0.34777611249999996 0.5472177312500001 0.28514178125 0.455714059375 0.143671475 0.3721409296875 0.2140304453125
0 0.2624739 0.308071725 0.35220627968749996 0.42997245 0.43199245781249995 0.37265860625 0.33440813281250004 0.2420012765625 0.2624739 0.308071725
0 0.32214380625 0.45313878281250003 0.23373428437500002 0.3314100515625 0.157916675 0.38923987968749996 0.24764905625 0.5111406046875 0.32082094843750003 0.4529667875 0.32214380625 0.45313878281250003
0 0.059002895312500005 0.4692078546875 0.15314105625000002 0.5820117703125 0.216615740625 0.5322467765625001 0.13182277656250002 0.4129222 0.059002895312500005 0.4692078546875
0 0 0.5764927484375 0.061996973437500005 0.653051384375 0.1259005671875 0.60593121875 0.0307073796875 0.4916369546875 0 0.5172546953125 0 0.5764927484375
0 0.4194156890625 0 0.45165592656250003 0.054660914062499996 0.5118829953125 0 0.4194156890625 0
0 0.23507139062500002 0 0.22897062968749998 0.0060395421875 0.32988525 0.1568382015625 0.4173419765625 0.0841719609375 0.3606295203125 0 0.23507139062500002 0
0 0.1185329109375 0.1079022875 0.21985175625000003 0.2498133765625 0.2964689015625 0.1882539734375 0.1971027890625 0.0358686296875 0.1185329109375 0.1079022875