0 0.0974780296875 0.3986553578125 0.15070616406249998 0.35607171718749997 0.08914109375 0.28811909999999996 0.039760775 0.3270785984375 0.0974780296875 0.3986553578125
0 0.11351059999999999 0.2727165078125 0.1718691578125 0.3406691234375 0.2199668703125 0.2989915171875 0.1590431015625 0.2373811453125 0.11351059999999999 0.2727165078125
0 0.17956479218750002 0.22379062031250002 0.24048856093749998 0.28902513281250003 0.2873036671875 0.2500656328125 0.2250972921875 0.1884552578125 0.17956479218750002 0.22379062031250002
0 0.24497768125000002 0.1757707703125 0.3039775421875 0.2373811453125 0.3482274359375 0.20113974843750002 0.28473845625 0.14315351406250001 0.24497768125000002 0.1757707703125
0 0.30590145 0.131375059375 0.3649013109375 0.19026733125 0.40402078281250003 0.1558380046875 0.34437962031249997 0.10328797812499999 0.30590145 0.131375059375
0 0.3610534921875 0.0869793484375 0.422618565625 0.1422474796875 0.459814128125 0.1123483265625 0.3995316625 0.060704340625 0.3610534921875 0.0869793484375
0 0.12248884062500001 0.427648471875 0.1911082421875 0.50828558125 0.244336378125 0.462983834375 0.17699958124999998 0.3859708703125 0.12248884062500001 0.427648471875
0 0.2013690890625 0.36875620468750003 0.26485806875 0.443051065625 0.31039056875000004 0.39593725156250004 0.245618984375 0.3279846359375 0.2013690890625 0.36875620468750003
0 0.2680645828125 0.31258204218749996 0.3315535625 0.3805346578125 0.37836866874999997 0.3424811921875 0.312314478125 0.27452857656249996 0.2680645828125 0.31258204218749996
0 0.3289883515625 0.2600320171875 0.3969664515625 0.3270785984375 0.43800983281250006 0.28902513281250003 0.373238246875 0.2274147609375 0.3289883515625 0.2600320171875
0 0.391836028125 0.21110613281249999 0.45468370625 0.273622540625 0.4970096921875 0.2373811453125 0.43223810625 0.180300946875 0.391836028125 0.21110613281249999
0 0.445705465625 0.164898353125 0.5130422640625001 0.22560268906249997 0.548955221875 0.19117336406250002 0.4848249390625 0.134093165625 0.445705465625 0.164898353125
0 0.2206081734375 0.53818473125 0.292434090625 0.622445978125 0.345020921875 0.5735200921875 0.27062979375 0.49107091562500005 0.2206081734375 0.53818473125
0 0.29307539375 0.47113815 0.3649013109375 0.552681290625 0.413640325 0.50375540625 0.3418144078125 0.427648471875 0.29307539375 0.47113815
0 0.360412190625 0.4113398484375 0.4335207125 0.48654074375 0.47905321250000005 0.4421450328125 0.4078685984375 0.36966224062499997 0.360412190625 0.4113398484375
0 0.4277489859375 0.35244757656250003 0.496368390625 0.42402433593750005 0.5386943765625001 0.38144069375 0.466868459375 0.3134880765625 0.4277489859375 0.35244757656250003
0 0.48803145312499996 0.29808548125 0.5540856453125 0.3669441375 0.595129025 0.32617256562499997 0.5245857140625 0.26365615625 0.48803145312499996 0.29808548125
0 0.5393356796875 0.24825356250000002 0.6098789906250001 0.3134880765625 0.6470745546875001 0.27452857656249996 0.5765312437500001 0.214730271875 0.5393356796875 0.24825356250000002
0 0.329511375 0.657680790625 0.4025332875 0.7479507046875 0.4545613984375 0.6937887546875 0.37515006875 0.6060979843750001 0.329511375 0.657680790625
0 0.3961438703125 0.5854648609375 0.4755551984375 0.6718660640625 0.5230194406249999 0.6177041140624999 0.44452088593749994 0.53646119375 0.3961438703125 0.5854648609375
0 0.4627763640625 0.5171176421875 0.5449260140625001 0.5957814234375001 0.585088065625 0.5454881859375 0.50932783125 0.471982684375 0.4627763640625 0.5171176421875
0 0.5266705359375 0.4539287015625 0.6015179953125 0.527434203125 0.6453311421875 0.482299246875 0.5695709078125 0.408793746875 0.527583309375 0.4539287015625 0.5266705359375 0.4539287015625
0 0.5878263859375 0.3920293359375 0.6599355234375001 0.4642452625 0.7019231234375 0.420399878125 0.6243373421875 0.353342228125 0.5878263859375 0.3920293359375
0 0.6396843671875 0.335030715625 0.71816806875 0.4029906828125 0.7519244984375 0.3648377171875 0.676816440625 0.29807003125 0.6396843671875 0.335030715625
0 0.4422092453125 0.7892894390625 0.5257564109375 0.8942100906249999 0.5755471484375 0.832211525 0.48946824843750003 0.730867715625 0.4422092453125 0.7892894390625
0 0.508878196875 0.7082143921874999 0.6008644703125 0.80478908125 0.645591740625 0.7439827953125 0.55866893125 0.652177225 0.508878196875 0.7082143921874999
0 0.57723496875 0.6283316250000001 0.66331386875 0.7213294718750001 0.707197228125 0.6664845890625 0.6211183296875 0.58064041875 0.57723496875 0.6283316250000001