0 0.8475314375 0.3662950375 0.89113188125 0.4449238140625 0.9377920046874999 0.405609425 0.8903669609374999 0.3317750859375 0.8475314375 0.3662950375
0 0.7993414734375001 0.4008149875 0.8452366765624999 0.47944376406250006 0.8880722000000001 0.4449238140625 0.8429419171875001 0.363418375 0.7993414734375001 0.4008149875
0 0.7901624328125 0.40177387500000006 0.7519164296875 0.4353349390625 0.7970467125 0.5149226046875001 0.8414120765625 0.482320428125 0.7901624328125 0.40177387500000006
0 0.7412075484375 0.43725271406250005 0.7014317046875 0.4698548890625 0.747326909375 0.55231921875 0.7924571921875 0.5187581546875 0.7412075484375 0.43725271406250005
0 0.6945474234375 0.4727315515625 0.64865221875 0.5062926156249999 0.6930175843749999 0.5945102703125 0.7427373875 0.55711365625 0.6945474234375 0.4727315515625
0 0.64482761875 0.5110870546874999 0.595872734375 0.54560700625 0.6410030171875001 0.6328657703125 0.689192984375 0.5973869328125 0.64482761875 0.5110870546874999
0 0.588988453125 0.54848366875 0.5461529296875 0.57820918125 0.58669369375 0.676015709375 0.6371784171875 0.640536871875 0.588988453125 0.54848366875
0 0.5385037296874999 0.5858802828125 0.4880190046875 0.6213591203125 0.5369738890625 0.7134123234375 0.5836340125 0.6808101468750001 0.5385037296874999 0.5858802828125
0 0.47807504375 0.6290302203125 0.4329447609375 0.661632396875 0.48036980468749996 0.7565622624999999 0.530854528125 0.7220423109375 0.47807504375 0.6290302203125
0 0.42606047968749994 0.663550171875 0.371751153125 0.7009467859375 0.4222358796875 0.7987533124999999 0.47272060312499997 0.759438925 0.42606047968749994 0.663550171875
0 0.3182067484375 0.7421789484375 0.317441828125 0.7508089359375 0.3648668734375 0.8466976890625 0.4138217578125 0.813136625 0.364101953125 0.7086178859375 0.3182067484375 0.7421789484375
0 0.30979262812499997 0.7508089359375 0.2562482234375 0.786287775 0.3036732671875 0.8888887421874999 0.3579825921875 0.852451015625 0.30979262812499997 0.7508089359375
0 0.2524236234375 0.7910822125 0.1927598578125 0.8303966015625001 0.2401849015625 0.9377920062499999 0.2983188265625 0.8946420671875 0.2524236234375 0.7910822125
0 0.7939870328125 0.19369528281249998 0.7519164296875 0.2291741203125 0.7978116328125 0.30396734687500004 0.8391173171874999 0.26752962187499996 0.7939870328125 0.19369528281249998
0 0.6547715796875 0.292460696875 0.6111711359374999 0.3250628734375 0.6555364984375001 0.40848608750000004 0.703726465625 0.371089475 0.6547715796875 0.292460696875
0 0.606581615625 0.3288984234375 0.5599214906250001 0.3595828234375 0.608876375 0.44396492656250003 0.6532417390624999 0.4123216375 0.606581615625 0.3288984234375
0 0.5094367671875 0.39602054999999997 0.55380213125 0.48040265312499997 0.599697334375 0.4478004765625 0.5553319703125 0.363418375 0.5094367671875 0.39602054999999997
0 0.4589520421875 0.43341716406249997 0.5002577265625 0.5177992671875 0.5461529296875 0.48327931562500004 0.504847246875 0.39602054999999997 0.4589520421875 0.43341716406249997
0 0.40234795625 0.4669782265625 0.4459484015625 0.55807254375 0.4918436046875 0.5177992671875 0.45283268125 0.43149938906249996 0.40234795625 0.4669782265625
0 0.34803863125 0.502457065625 0.391639075 0.5954691578125 0.4382992 0.56094920625 0.395463675 0.47081377656249995 0.34803863125 0.502457065625
0 0.342684190625 0.5082103906250001 0.29755390625 0.5408125687500001 0.34115435 0.6290302203125 0.38475479375 0.5993047078125 0.342684190625 0.5082103906250001
0 0.28608010625 0.54656589375 0.23789014218750001 0.5801269578125 0.2814905859375 0.671221271875 0.3304454703125 0.6386190968750001 0.28608010625 0.54656589375
0 0.189700178125 0.6165646828125 0.229476021875 0.7038234484375 0.2761361453125 0.6721801593750001 0.233300621875 0.5810858453125001 0.189700178125 0.6165646828125
0 0.129271490625 0.650125746875 0.1705771765625 0.7440967234375 0.2202969796875 0.7086178859375 0.1805211375 0.6165646828125 0.129271490625 0.650125746875
0 0.666672271875 0.284100359375 0.7118969328125 0.36690988281250003 0.7591541625 0.3293271 0.71443764375 0.2547985296875 0.666672271875 0.284100359375