0 0.9575147234375001 0.343636178125 0.9073106671875 0.251135634375 0.8519460593750001 0.2906995515625 0.8970373421875 0.3888154625 0.9575147234375001 0.343636178125
0 0.8933268140624999 0.3886421140625 0.846665040625 0.286940296875 0.79008803125 0.32996010625 0.83796220625 0.4282060296875 0.8933268140624999 0.3886421140625
0 0.7760092546874999 0.4686329984375 0.8330392796874999 0.4314885796875 0.7788615296875 0.33060647187500003 0.729157634375 0.3692640015625 0.7760092546874999 0.4686329984375
0 0.7120111953125 0.511306115625 0.7700637734375 0.4730386203125 0.715980946875 0.37099010312499997 0.6645167109375001 0.40839454531249997 0.7120111953125 0.511306115625
0 0.6419727281250001 0.5595512625 0.7059707859375 0.5168781484375 0.65588325625 0.4115037453125 0.5969030453124999 0.4497279015625 0.6419727281250001 0.5595512625
0 0.5750968453125 0.6032607765625 0.6370498015625 0.5628338109375 0.591790271875 0.4553432734375 0.5290046125 0.49456049375 0.5750968453125 0.6032607765625
0 0.5049634562499999 0.6526723359375 0.5696993015625 0.61237538125 0.5203711578125 0.49766969375 0.46548116562499997 0.5314015546874999 0.5049634562499999 0.6526723359375
0 0.4409653953125 0.6953454515625 0.5007783124999999 0.6583310421874999 0.455445465625 0.5402994718749999 0.39070961875 0.5805964265625 0.4409653953125 0.6953454515625
0 0.368049109375 0.744627 0.43269003125000005 0.7054964546875 0.377891021875 0.5893643328125 0.3199333671875 0.626465415625 0.368049109375 0.744627
0 0.2933724859375 0.7926554593749999 0.35848802343749997 0.7476928593750001 0.3113948359375 0.6284082046874999 0.241830984375 0.670821296875 0.2933724859375 0.7926554593749999
0 0.172815071875 0.7179433703125 0.1710331296875 0.7283977312500001 0.21905395 0.8477257249999999 0.281744684375 0.809674915625 0.23179528125 0.6797192140625 0.172815071875 0.7179433703125
0 0.140666796875 0.895580840625 0.210135725 0.854334159375 0.161756815625 0.7279643609375 0.0933104421875 0.76808796875 0.140666796875 0.895580840625
0 0.058832287500000004 0.9514708203125 0.133603834375 0.9022759468749999 0.0881976671875 0.7737033375 0.0119505484375 0.81814589375 0.058832287500000004 0.9514708203125
0 0.7978200265625001 0.2120659265625 0.8515192203125 0.1700825171875 0.8040980578125 0.0777119859375 0.7495661578124999 0.11848564843750001 0.7978200265625001 0.2120659265625
0 0.6149339109375 0.33114401875 0.6770767140625 0.28838423281250003 0.625492009375 0.1899649578125 0.569389615625 0.22715271874999998 0.6149339109375 0.33114401875
0 0.5548362250000001 0.3716576640625 0.6117713234375 0.33567965312500003 0.563444134375 0.23155833750000002 0.5038210609375 0.266239925 0.5548362250000001 0.3716576640625
0 0.5433249531250001 0.3758032609375 0.49787557812500005 0.2706455484375 0.43899029218749996 0.30770329375 0.4844396671875 0.412861009375 0.5433249531250001 0.3758032609375
0 0.47487857968749997 0.41592686875 0.433424503125 0.30744326875 0.37406459999999997 0.3503330734375 0.41580344843750006 0.4553174390625 0.47487857968749997 0.41592686875
0 0.4055995 0.4548407296875 0.3668333921875 0.34765355468750003 0.3020975453125 0.38795050937500003 0.3459548265625 0.501229765625 0.4055995 0.4548407296875
0 0.336393740625 0.5042956265625 0.29336916875 0.39222611875 0.23272354375 0.42803078125000005 0.276390971875 0.543642859375 0.336393740625 0.5042956265625
0 0.2118449734375 0.5816069921875 0.267662596875 0.54791846875 0.22566058125000002 0.43472588749999996 0.167702925 0.471826971875 0.2118449734375 0.5816069921875
0 0.13531308749999998 0.6295487796875 0.19790889843749998 0.5926643828125 0.1532189140625 0.4781753796875 0.0914558078125 0.5162695265624999 0.13531308749999998 0.6295487796875
0 0.128724740625 0.6304118296875 0.085795096875 0.5171759171875 0.0294079328125 0.5578629046875 0.069006746875 0.66625983125 0.128724740625 0.6304118296875
0 0.0182763546875 0.5573428609375 0.0032930125 0.5660208609375 0.0041031234375 0.705267090625 0.0574005515625 0.6715718390625 0.0182763546875 0.5573428609375
0 0.7484290140625001 0.240723896875 0.70157835625 0.1475323328125 0.6407517953124999 0.18046951093750002 0.6873989296875 0.2837629921875 0.7484290140625001 0.240723896875