0 0.01647409375 0.5877184953125 0.083437228125 0.5263692875 0.0071675484375 0.41062857187499996 0.0090323046875 0.5174603828125 0.0149199625 0.5852510703125 0.01647409375 0.5877184953125
0 0.1571697734375 0.46994885000000003 0.0706526078125 0.3353580671875 0.006716614062499999 0.3847945171875 0.006911618749999999 0.3959664 0.0985402796875 0.5250316015625 0.1571697734375 0.46994885000000003
0 0.1746737875 0.467050134375 0.23598315625000002 0.41361774687499997 0.1477774140625 0.274187534375 0.0777160375 0.32906927812500003 0.1746737875 0.467050134375
0 0.2469966703125 0.40900166406249994 0.31832825625 0.35414225625 0.2318261921875 0.20512251250000002 0.154701390625 0.2662930453125 0.2469966703125 0.40900166406249994
0 0.3239820203125 0.3462254265625 0.4002549859375 0.2898496578125 0.3126221734375 0.142413284375 0.23775887031249998 0.200417084375 0.3239820203125 0.3462254265625
0 0.4112685 0.28523356718750004 0.4780770703125 0.236707621875 0.3965314953125 0.0717425640625 0.31785757187499997 0.129679365625 0.4112685 0.28523356718750004
0 0.40091505468750005 0.0638034046875 0.4896635140625 0.22408537343749999 0.5683374390625 0.166148571875 0.49349819687499996 0.0431754984375 0.48253960625000003 0.0422167453125 0.43163654687499997 0.0413217015625 0.40091505468750005 0.0638034046875
0 0.6539353390625 0.10031728437500001 0.6277299953125001 0.0549192578125 0.5138594078125001 0.0449568734375 0.5837345109375 0.15359332812499998 0.6539353390625 0.10031728437500001
0 0.12245115625 0.8733566828124999 0.1871527828125 0.8151742046875 0.1000626875 0.6885895875 0.0367707234375 0.7484001015625 0.12245115625 0.8733566828124999
0 0.33926524062499996 0.712034528125 0.40692565312499995 0.65871381875 0.3211208734375 0.517722575 0.24653648281249999 0.5789377765625 0.33926524062499996 0.712034528125
0 0.4139890828125 0.6524250265625 0.4870092453125 0.6024050515625 0.3934437546875 0.45967410312499996 0.3243736765625 0.51136678125 0.4139890828125 0.6524250265625
0 0.5655437140624999 0.5428625499999999 0.47959947812500003 0.4002656125 0.4081284375 0.453519321875 0.49407267499999996 0.5961162609375 0.5655437140624999 0.5428625499999999
0 0.643938728125 0.4817143546875 0.5630753265624999 0.3392067484375 0.4918832015625 0.395671859375 0.5731649671875 0.54299655625 0.643938728125 0.4817143546875
0 0.7330532421875 0.42716763125 0.6474030203125001 0.273353125 0.577047628125 0.33945242656249996 0.6543793124999999 0.485104428125 0.7330532421875 0.42716763125
0 0.8180782125 0.36934250625 0.73214908125 0.2123165984375 0.6596867421875 0.2687593703125 0.7439272984375 0.4209458453125 0.8180782125 0.36934250625
0 0.8261329406250001 0.3598646484375 0.896333771875 0.3065886015625 0.8111019203125001 0.1575912 0.7430231421875 0.20609481562499998 0.8261329406250001 0.3598646484375
0 0.9805551515625 0.24915972812499998 0.9781810734375 0.2218245 0.9040421625 0.088682521875 0.8274902859375001 0.14184688750000002 0.9145501703125 0.2972894234375 0.9805551515625 0.24915972812499998
0 0.9765903609375 0.203508978125 0.9662575421874999 0.08453658124999999 0.9220597906249999 0.08066977812500001 0.91279416875 0.0872331625 0.9765903609375 0.203508978125
0 0.3207191046875 0.7256867984375 0.23357664687500002 0.5856981218749999 0.1605682125 0.64725230625 0.24566252031250002 0.773359328125 0.3207191046875 0.7256867984375