0 0.04563745924797792 0.43543899219545174 0.06835816351699639 0.21462798439090344
0 0.15728428737827907 0.45962551506094246 0.14195935462398895 0.22187997840045354
0 0.28385671106207644 0.4866741430985764 0.12622522721932725 0.21820934137714504
0 0.4472570121505356 0.5181300181409854 0.13274804573098148 0.2262400961864685
0 0.5931969947273404 0.541173192457755 0.12816967313564315 0.22920140507947587
0 0.7493477910064762 0.5661335308396751 0.132529790921658 0.21999009618646853
0 0.8736583102437698 0.5954440633238127 0.13129467313564333 0.22931053248413774
0 0.9716022146054556 0.6156697724869726 0.05679557078908885 0.21350199400955033
0 0.057135531472647286 0.8540798647907899 0.06014387023308558 0.1581597295815798
0 0.171289800709941 0.8830357332097769 0.1162847428284239 0.1569990228654909
0 0.32860379290539266 0.9189608534428626 0.1237698606144388 0.1478968413771451
0 0.47524317992870124 0.9310119309401916 0.113105179126093 0.13797613811961681
0 0.6109996306543406 0.9506275156939147 0.10409227767481415 0.09874496861217068
0 0.7636434810171604 0.9617584778522994 0.11755457694917482 0.07648304429540112
0 0.9078027087846419 0.9760962855641806 0.10423612141421187 0.04780742887163889