0 0.9358324146012553 0.5781658404800967 0.08991017824559719 0.19209425684847722
0 0.808253224154549 0.5567383585267287 0.10262850206691461 0.19772895020978148
0 0.68454389640429 0.5363881244987683 0.11491017824559702 0.19398864357108572
0 0.5741885932611369 0.5154817834171936 0.09921240363849115 0.19124215186945542
0 0.4310571774215367 0.49130780976219535 0.10575350206691461 0.19796574855010748
0 0.3032232758499601 0.4753490778088275 0.10277405128112634 0.20085395020978147
0 0.1668320115819365 0.45795790041956286 0.1070249036384912 0.19183414772027058
0 0.056585870349442145 0.43470780933798814 0.10433655128112632 0.20097234937994451
0 0.9351305171635078 0.18924505043814044 0.10004715756743252 0.17573555103961844
0 0.8051711894132488 0.16842121972952792 0.10317215756743252 0.1759723493799445
0 0.6791908862700955 0.14633088694632299 0.1014641083532208 0.17272895020978146
0 0.5401112696447072 0.11932791121673234 0.10727746071058561 0.1638275468904335
0 0.411277794251813 0.10799747967828285 0.09931941149637406 0.16011055103961844
0 0.29221957919800107 0.08878369316081154 0.09056084160399784 0.1392060551888033
0 0.15795374110865984 0.07625761452679147 0.1028425177826803 0.13546574855010748
0 0.05199483953708328 0.06195647095570585 0.04913532092583344 0.11894017676456467