0 0.9279082512765463 0.8375418056294682 0.13542039129415606 0.18046927088084708
0 0.9101263745185255 0.6712446399384235 0.17296584308955404 0.1884999394987581
0 0.8946746122218855 0.5072775887087596 0.20577834308955403 0.18869083703942985
0 0.8769018258229442 0.33941792301771506 0.222947662371395 0.18566583098930564
0 0.8466426749626226 0.1692872301993074 0.2181874394987581 0.17313855991206686
0 0.809111379586691 0.04328534992524525 0.22552724082661788 0.0865706998504905
0 0.4383594170657867 0.9239808380213885 0.31022949375348413 0.14867489109776422
0 0.41576277528065136 0.7795859434075829 0.31211015632127076 0.20337148145684392
0 0.3792718051384889 0.6063666120254936 0.30116356596219107 0.20174534894328672
0 0.34820413320092836 0.44092796438662585 0.3121283370394298 0.2064964814568439
0 0.31796316305876593 0.26767227156821816 0.30266243344863375 0.19081693930236626
0 0.2884489007621258 0.10378703357027072 0.2995283430895541 0.18923625858420698