0 0.18203200930548694 0.9613607846433716 0.12936149810013892 0.06283373195336779
0 0.14380335106111183 0.8656464655571211 0.1286003915268751 0.16415943361304172
0 0.10353876092100756 0.7160850960559522 0.1220230832062501 0.14962333693238977
0 0.07181336939413242 0.5635287811188866 0.12056968597979181 0.15419243776222674
0 0.052660713049618404 0.41315027282051686 0.08961062670923622 0.1643244543589663
0 0.030437608091875224 0.2653523128624731 0.05192878875333347 0.15367037427505376
0 0.6087386732494451 0.867981912018703 0.2759481702122223 0.19560145560836623
0 0.5718536562476049 0.729121244177208 0.2888482137152085 0.21373614896967047
0 0.5299901985163199 0.578115773846202 0.2791095378034029 0.1974007539486923
0 0.4922330125365281 0.43540805558978857 0.2744220378034029 0.19704555643820315
0 0.4574917237831947 0.2877760389930491 0.28892094889756964 0.2168611489696704
0 0.41477428086954876 0.1337047682471247 0.282561846124028 0.21170005228901828
0 0.3972756967133681 0.04101331846155053 0.2789263934267362 0.08202663692310105
0 0.9860537880877434 0.7509413190630285 0.0278924238245132 0.15655857593472752
0 0.9671206437110765 0.6038062099348218 0.06575871257784698 0.1622883576783142
0 0.9536016979476389 0.4437567037110444 0.09279660410472204 0.15156434523075962
0 0.936594402877587 0.2966807941679192 0.1268111942448261 0.16127123195336796
0 0.8947897424005558 0.14507167259215786 0.14099128875333342 0.1604191269743461