0 0.1 0.21953125 0.084375 0.159375
0 0.1984375 0.221875 0.0859375 0.1625
0 0.2953125 0.221875 0.0859375 0.1625
0 0.3953125 0.21953125 0.0859375 0.1625
0 0.4953125 0.21953125 0.078125 0.1578125
0 0.5984375 0.21953125 0.08125 0.16875
0 0.7 0.21953125 0.0890625 0.171875
0 0.8 0.21953125 0.0828125 0.16875
0 0.9015625 0.21484375 0.0828125 0.175
0 0.096875 0.559375 0.084375 0.165625
0 0.196875 0.55234375 0.0859375 0.165625
0 0.3 0.5546875 0.0859375 0.159375
0 0.3984375 0.5546875 0.0890625 0.165625
0 0.5 0.5546875 0.078125 0.1640625
0 0.596875 0.55234375 0.078125 0.159375
0 0.696875 0.5546875 0.090625 0.165625
0 0.8 0.5546875 0.0890625 0.1640625
0 0.9046875 0.56328125 0.0859375 0.175
0 0.0921875 0.896875 0.08125 0.16875
0 0.1921875 0.890625 0.08125 0.175
0 0.2953125 0.8921875 0.0828125 0.165625
0 0.39375 0.8921875 0.084375 0.16875
0 0.5 0.896875 0.078125 0.1578125
0 0.5984375 0.89921875 0.084375 0.1578125
0 0.7 0.89453125 0.0828125 0.159375
0 0.909375 0.8921875 0.084375 0.1765625