0 0.057650181550856716 0.8694503369581383 0.03874147642635144 0.09515067391627667
0 0.06825373366055255 0.7622745069200823 0.07188361621110373 0.1370490138401644
0 0.0740777404849781 0.6361895093915402 0.09532111621110376 0.13800401878308044
0 0.07815731079163901 0.5061345948668038 0.11556084160399789 0.13726918973360752
0 0.08763285649119405 0.37474001482874764 0.1306764193542569 0.1269683596955513
0 0.11031687758364325 0.24232410425834386 0.1387800177826803 0.1335366946765233
0 0.13080269789030416 0.11293769319364852 0.14234166542531543 0.1430390286689121
0 0.15016481989237615 0.026392698136564384 0.1347046397847523 0.04603669467652327
0 0.41125252460259665 0.9512507766917457 0.2331464478903042 0.09749844661650861
0 0.4178042774980808 0.85059549657714 0.24306941149637407 0.16273871642535304
0 0.4412695485905299 0.7182114195048334 0.23681941149637406 0.16248404844057554
0 0.4595207808078497 0.5910732579458464 0.24485023531769162 0.1674898834215476
0 0.47915257650740467 0.46009251338305396 0.2410702638537389 0.1533000494291588
0 0.4951328333318303 0.33442135132977535 0.23474748924663302 0.15148288144438116
0 0.5172175409420441 0.20587985726127442 0.2449230099247975 0.16905238342154752
0 0.5350513961948931 0.08652236220419031 0.24197779238978612 0.13930121642535312
0 0.8564002047102205 0.9399153231551548 0.24597608767505647 0.12016935368969044
0 0.8799382504097757 0.8280983444468741 0.23823636228216225 0.15942271543677008
0 0.8891086384394541 0.7001789328878874 0.22178272312109187 0.16104888243296428
0 0.9059375926374551 0.5630436888193863 0.1881248147250897 0.14915637749004845
0 0.9161623091390091 0.4362411082870386 0.16767538172198188 0.1558865385547438
0 0.9224807756405632 0.304591860264205 0.15503844871887368 0.15356003460041112