0 0.1 0.21953125 0.0859375 0.1609375
0 0.1984375 0.22109375 0.0875 0.1640625
0 0.2953125 0.22109375 0.0875 0.1640625
0 0.39609375 0.21875 0.0875 0.1640625
0 0.49609375 0.21875 0.0796875 0.159375
0 0.5984375 0.21875 0.08125 0.1703125
0 0.69921875 0.21953125 0.0890625 0.171875
0 0.79921875 0.21875 0.084375 0.1703125
0 0.90078125 0.215625 0.084375 0.175
0 0.09609375 0.55859375 0.0859375 0.1671875
0 0.19609375 0.553125 0.0875 0.1671875
0 0.29921875 0.55546875 0.0875 0.1609375
0 0.39765625 0.55546875 0.0890625 0.1671875
0 0.5 0.55390625 0.0796875 0.1640625
0 0.596875 0.553125 0.0796875 0.1609375
0 0.69609375 0.55546875 0.090625 0.1671875
0 0.80078125 0.55390625 0.0890625 0.1640625
0 0.9046875 0.5625 0.0875 0.175
0 0.0921875 0.8953125 0.08125 0.1703125
0 0.19140625 0.88984375 0.08125 0.175
0 0.2953125 0.89140625 0.084375 0.1671875
0 0.39375 0.89296875 0.0859375 0.1703125
0 0.5 0.8953125 0.0796875 0.159375
0 0.5984375 0.8984375 0.0859375 0.159375
0 0.70078125 0.89375 0.0828125 0.1609375
0 0.909375 0.89140625 0.0859375 0.178125