0 0.07551838828925292 0.26209662540538947 0.10939982576804841 0.1814875535707224
0 0.18238594718226037 0.2592773628234878 0.10950895317271012 0.18461255357072248
0 0.28688247422410235 0.2556359399331605 0.10950895317271012 0.18461255357072243
0 0.39598465571244806 0.2497325876596843 0.10950895317271012 0.18461255357072243
0 0.5036061827542901 0.24614571184725778 0.1030406983633867 0.17825345941492107
0 0.6143254279449667 0.2418321331127319 0.10347720798203355 0.19075345941492108
0 0.7235367368379741 0.23905378083925574 0.11296133538669526 0.1940421006486231
0 0.8319122320286507 0.23469929179630436 0.10660220798203354 0.19080800649282176
0 0.9409325679635001 0.22645218952282814 0.10682046279135697 0.19705800649282174
0 0.10396585833700404 0.6295568607948928 0.10961808057737184 0.18773755357072233
0 0.21058788056952263 0.6197063482129911 0.10961808057737184 0.18773755357072233
0 0.3229514713136955 0.6177637930174156 0.10939982576804841 0.1814875535707225
0 0.4290104983555375 0.6141496436660387 0.11274308057737184 0.18779210064862326
0 0.5397024616950487 0.6090548149315129 0.10325895317271012 0.18450345941492116
0 0.6441717068857252 0.6046321420411858 0.1031498257680484 0.18137845941492117
0 0.7518750794810635 0.6033890162287591 0.11430558057737183 0.18781937418757338
0 0.8648835109694092 0.5975538478026587 0.11263395317271012 0.18466710064862307
0 0.961664219414779 0.6033556087597074 0.076671561170442 0.19694891233702042
0 0.1268701673148295 0.9488466030842551 0.09735120435383648 0.10230679383148988
0 0.23443713065434063 0.942756290178042 0.09784227767481415 0.11448741964391615
0 0.346964412505506 0.9445057508107789 0.10091271397248339 0.1109884983784422
0 0.4531052851008443 0.9422944143656153 0.10425596878180662 0.1154111712687694
0 0.5687575669520097 0.9441120588457281 0.09795140507947586 0.11177588230854382
0 0.675679689547348 0.9442376540158272 0.10409227767481415 0.11152469196834573
0 0.7863170891845284 0.9393601264180393 0.10118553248413757 0.12127974716392131
0 0.9787674177781657 0.9262027735323599 0.042465164443668615 0.13562958279171583