0 0.20936709172016937 0.08664438263845584 0.16876936525911973 0.0925704026893626
0 0.2142512349824663 0.18738926997136499 0.17194891233702042 0.09573176535645347
0 0.2175456047058129 0.2865898386378195 0.17194891233702042 0.09573176535645356
0 0.21934565827653532 0.38971483863781947 0.17194891233702042 0.09573176535645356
0 0.22269457507778262 0.4920404073042741 0.16553527110331834 0.08628404002227157
0 0.22608440218745537 0.5967097259707286 0.1780625446422687 0.0879919906906352
0 0.23022820575817785 0.6998074539704104 0.17822618587597072 0.09736699069063519
0 0.23356348578994993 0.8013517726368651 0.17811709172016937 0.0911169906906352
0 0.23381467613014753 0.9052762039704104 0.18124209172016936 0.09115335335772627
0 0.5560784504864673 0.07323312659136709 0.17501936525911965 0.09264312802354438
0 0.5539586172877147 0.17562232992523072 0.1750739123370204 0.09576812802354437
0 0.5597058311668626 0.2810456265913671 0.1688239123370204 0.09569540268936265
0 0.5638087244291594 0.3817996045910489 0.1750739123370204 0.09576812802354437
0 0.5656360515388322 0.4864871045910489 0.17178527110331832 0.08635676535645338
0 0.5681491712621789 0.5856967639242763 0.16866027110331833 0.08632040268936265
0 0.5738145645244759 0.6864325605904126 0.17512845941492117 0.09889312802354429
0 0.5764640519425741 0.7934547199236399 0.17194891233702042 0.09573176535645356
0 0.588461265821722 0.8988052912555944 0.18132391233702042 0.09584085335772627
0 0.8988699224832901 0.059086073878141965 0.17806254464226862 0.08799199069063526
0 0.8975177025150621 0.16068493654523286 0.18118754464226897 0.08802835335772614
0 0.9024973031636854 0.266898573878142 0.1749920917201692 0.09108062802354437
0 0.9073814464259822 0.36764346121105107 0.17814436525911964 0.09267949069063527
0 0.913964457383031 0.47618266721041475 0.16553527110331814 0.08628404002227175
0 0.9187944590078839 0.5769093732097784 0.1624110819842322 0.09253404002227175
0 0.9173780093321955 0.6816332358768693 0.16524398133560894 0.08944540268936266
0 0.916100791596081 0.8948963045433238 0.16779841680783783 0.09275221602481701