0 0.8982165513383326 0.7393052426336583 0.10892794515850959 0.19249313861970413
0 0.8127733878526318 0.7561160481977556 0.14512053667377883 0.19813113342392405
0 0.7099514057304792 0.7740687366815736 0.14512053667377883 0.19813113342392405
0 0.6053118320930576 0.79503716452173 0.14512053667377883 0.19813113342392405
0 0.5000823270920878 0.8136072120400554 0.13692539940087514 0.19289733020561534
0 0.3908827992123006 0.8326853579492266 0.14406821970431682 0.20427187278026224
0 0.2848720442113308 0.8512007751457211 0.15226335697722054 0.20950567599857095
0 0.17964253921036097 0.8697708226640467 0.1440682197043169 0.20427187278026224
0 0.07318537405767025 0.8937549898605412 0.14614090273485505 0.21063113342392406
0 0.860508096806103 0.3830991652780346 0.14537562818904776 0.20125613342392407
0 0.7569846130169605 0.40964560376185266 0.14537562818904776 0.20125613342392407
0 0.6472589266524424 0.425544119349193 0.14330294515850958 0.19489687278026224
0 0.5435919216514726 0.44422342751118016 0.14850062818904775 0.2014746547112475
0 0.4367999166505028 0.46268421438584395 0.13887053667377885 0.19769409084927717
0 0.33528534301308116 0.48387116351332377 0.13692539940087514 0.19289733020561534
0 0.22952967952738038 0.49926158070981846 0.15175317394668236 0.20325567599857094
0 0.12111140164759329 0.5183943569408205 0.14850062818904783 0.2014746547112475
0 0.04209254984052046 0.528370654459146 0.08418509968104092 0.2098663089182919
0 0.8050064933320403 0.090862752773117 0.12748701333591947 0.07727233020561533
0 0.701195967119243 0.10167493061327337 0.1319830657615139 0.11331909084927708
0 0.5948981696946186 0.10445608716610624 0.13207866061076282 0.1335223302056153
0 0.49068903075472503 0.11052613468443173 0.1373719384905499 0.16030335149293878
0 0.3795124146936487 0.11532325930627943 0.12888975879399175 0.17058528763096842
0 0.2767542054503135 0.1324946977900975 0.13657471303635713 0.16956909084927707
0 0.17048835893407457 0.1541351149865921 0.13552239606689528 0.17570983020561534
0 0.010315875603973994 0.20103797611478652 0.02063175120794799 0.180200952229573