0 0.9335927829653459 0.618106629401991 0.13281443406930826 0.21333821406423076
0 0.8041430451779064 0.6537005752676246 0.17582840273485517 0.21177571406423076
0 0.650188868815328 0.6918385302325566 0.18064344849248962 0.21363860271317864
0 0.5078896695739323 0.7284442635751188 0.16581567394668237 0.20336243676633484
0 0.3646816745749022 0.7635375616925056 0.16894067394668238 0.20356269586563336
0 0.21866754396995836 0.8027373689091913 0.17126844849248962 0.213037825415283
0 0.8598044031938971 0.2676746352620872 0.16543303667377884 0.19867493676633483
0 0.6921065912254051 0.31062000617386315 0.17557331121958591 0.20865071406423077
0 0.5239623691051921 0.3480966270856392 0.161255719704317 0.20462454811738678
0 0.35873585289433463 0.3924543036729412 0.17012053667377885 0.1989753254152827
0 0.18850297228939078 0.43320611890919125 0.17232076546195146 0.20688795496493206
0 0.06547993153272606 0.46543523288113686 0.06922771637033702 0.18162953423772626