0 0.13125 0.14765625 0.078125 0.1125
0 0.21796875 0.14921875 0.075 0.1109375
0 0.3140625 0.146875 0.0734375 0.1109375
0 0.40625 0.14609375 0.071875 0.115625
0 0.5 0.14609375 0.071875 0.109375
0 0.59453125 0.146875 0.0671875 0.1109375
0 0.6875 0.14609375 0.071875 0.1125
0 0.7796875 0.1453125 0.0765625 0.1140625
0 0.87265625 0.14453125 0.071875 0.115625
0 0.125 0.37109375 0.0796875 0.1125
0 0.2203125 0.371875 0.0796875 0.1109375
0 0.31796875 0.37109375 0.0828125 0.1125
0 0.40859375 0.3703125 0.075 0.1078125
0 0.49921875 0.3703125 0.0765625 0.1078125
0 0.59296875 0.36796875 0.0765625 0.1140625
0 0.6890625 0.36796875 0.071875 0.1078125
0 0.78125 0.3671875 0.0765625 0.10625
0 0.87890625 0.3671875 0.0765625 0.109375
0 0.12734375 0.59296875 0.075 0.1046875
0 0.23359375 0.5921875 0.0796875 0.109375
0 0.33984375 0.59375 0.071875 0.109375
0 0.4453125 0.59140625 0.078125 0.1046875
0 0.553125 0.5921875 0.078125 0.109375
0 0.659375 0.5921875 0.0703125 0.10625
0 0.765625 0.5921875 0.075 0.109375
0 0.87421875 0.59375 0.075 0.109375