0 0.6894417917531942 0.11857255977906773 0.08474543836009243 0.06013116943775674
0 0.7344780555611566 0.36476559817972753 0.09384703628657398 0.05727895407749282
0 0.769622618049536 0.5337058147936327 0.09343693317629623 0.05259145407749273
0 0.7824048735161562 0.6171404404204532 0.09384703628657398 0.05727895407749273
0 0.7991617295011559 0.7012426557807172 0.09343693317629623 0.05259145407749273
0 0.8160552865229151 0.7869073711409811 0.09384703628657398 0.05727895407749273
0 0.5288644596609254 0.22584916534762867 0.08392523213953709 0.05075616943775678
0 0.5468420630540272 0.30599966660126987 0.08732363421305553 0.053972097651002124
0 0.6081956854388876 0.640223902415505 0.08548773213953709 0.0508016335443795
0 0.33222461404351816 0.16264578635559573 0.08365183006601846 0.047631169437756735
0 0.348981470028518 0.24674800171585964 0.08521433006601846 0.04767663354437941
0 0.3677403234216197 0.3268757709161895 0.07699172695574061 0.042761813011266005