0 0.22014361917396602 0.16377219494010592 0.10022922896477811 0.07697739926336586
0 0.153492442671192 0.44330687563025395 0.11105746832111633 0.07617972376899793
0 0.10322537285713684 0.6344892505042031 0.10927644703379284 0.0729454631253363
0 0.08322459327194015 0.7296542850330784 0.10960422896477809 0.07763296312533612
0 0.058536313686743446 0.8244915376309685 0.11083894703379286 0.07305472376899794
0 0.04505169397013702 0.9186021705506893 0.09010338794027405 0.07305472376899828
0 0.3976844751063803 0.3080788418576833 0.09957366510280767 0.06760239926336578
0 0.3724334668085071 0.3997364641337424 0.10302644703379293 0.0725084205506894
0 0.2815474787895511 0.7788505277436113 0.1012454257464694 0.0692741599070276
0 0.6278907811746806 0.2605857548668039 0.09935514381548423 0.06447739926336578
0 0.6030932409458222 0.35698550746469404 0.10102690445914604 0.06614915990702759
0 0.5764436236134415 0.4461901190970915 0.08954310124083734 0.05757183540139543