0 0.06554354491074017 0.2916618775441913 0.09199059330833306 0.1448012449116174
0 0.1920869210652773 0.24892774366842194 0.11087729434509233 0.14734639077317438
0 0.33055409877495323 0.20792320612917936 0.1110139953818516 0.14890889077317437
0 0.4636208770030089 0.16798652363289096 0.10931479434509228 0.1472645036180446
0 0.601883003157546 0.12463823609364841 0.10917809330833314 0.1457020036180446
0 0.7405162762018053 0.076561504976841 0.1055062891612959 0.13928822930778512
0 0.8767764049482405 0.05580742820087525 0.10788899538185177 0.1116148564017505
0 0.14091185768194342 0.5341492706922149 0.10761559330833306 0.14562011646291495
0 0.2753360843548601 0.4917869510407968 0.10577969123481452 0.14241322930778502
0 0.4137349115461565 0.4500011635015541 0.10761559330833297 0.1456201164629149
0 0.5451024887374529 0.40858386816039555 0.11087729434509228 0.1473463907731743
0 0.6853372180022678 0.36984119346602323 0.10945149538185142 0.14882700361804463
0 0.8235993441568048 0.32649290592678065 0.10890469123481453 0.14257700361804462
0 0.9534995107918285 0.27853900554266786 0.09300097841634311 0.1424132293077851
0 0.2260652735634244 0.7808328409094599 0.10577969123481452 0.14241322930778502
0 0.3621203507547208 0.739169884102912 0.10734219123481452 0.14249511646291496
0 0.4989566779460171 0.6974659837187993 0.10945149538185159 0.14882700361804452
0 0.6330781082475913 0.6606133576449459 0.10890469123481453 0.14257700361804454
0 0.7686547318102303 0.6134816508383981 0.10931479434509228 0.14726450361804452
0 0.9056961105566655 0.5741215004542852 0.11243979434509228 0.14742827792830404
0 0.9951435705468977 0.5349627459317294 0.009712858906204502 0.1466160504295413
0 0.43981328968046113 0.9454331722079814 0.10160074769092571 0.07687011646291494
0 0.5777138308680074 0.9248639654014335 0.09767466531583313 0.10310506784239593
0 0.7114641142798593 0.8927397829051451 0.10468608294074037 0.12991322930778537
0 0.850780892507915 0.8524755517883378 0.10087757775694399 0.12193695499752559
0 0.9682327656695595 0.8115119578266601 0.06353446866088105 0.12210072930778501