0 0.9482307973468072 0.32482735292765136 0.10353840530638578 0.23546574855010755
0 0.8271479950627544 0.33867452014444643 0.14480706199704735 0.245764631123531
0 0.6821056053340724 0.3440104477342037 0.14566865514950217 0.23494553029369403
0 0.5470890576781109 0.36021302034493907 0.1405806369509051 0.22834033278320492
0 0.4023470565983767 0.37023644793469634 0.14380576650055427 0.230139631123531
0 0.25989874074381786 0.37965622427969814 0.14889378469915152 0.23674482863402008
0 0.138844563538207 0.39536188942190076 0.14833258019564477 0.25225142946385704
0 0.04853973858434951 0.4056230379673639 0.059430766500554275 0.2237460759347277
0 0.6152640545957919 0.06528087387406842 0.11802810919158375 0.046261538592063764
0 0.4767022023440385 0.06255584772955929 0.11590440468807692 0.06164974025173773
0 0.33879119216500564 0.06998707158505016 0.10546755243632351 0.06863344606059658
0 0.1966432649593948 0.08409434793005195 0.11690570018457014 0.07727474025173771