0 0.3622192086481803 0.9823983269491748 0.4175899143918581 0.035203346101650365
0 0.3482337913608381 0.9237971755827139 0.40276974317557446 0.14042168039203737
0 0.3317441122866715 0.807408283750082 0.38699919396136273 0.13675104336872898
0 0.328499295908952 0.6922644333872623 0.3867080955329393 0.1305010433687288
0 0.31431697953123255 0.5767386371081266 0.3869991939613627 0.13675104336872881
0 0.3073114623677248 0.4583333774894798 0.38053087014004516 0.1318452885594054
0 0.2929472094722407 0.34671383121034405 0.38053087014004516 0.1318452885594054
0 0.28114503039807415 0.2304886304847046 0.3870719685684686 0.1383135433687288
0 0.26845243941324876 0.11657989790789977 0.38074919396136275 0.13653278855940543
0 0.9321957225019194 0.8690675909986268 0.0621062018192454 0.09420635698624195
0 0.9398884061241997 0.7543056865521232 0.05705482878371626 0.08623016587924912
0 0.9358259524429273 0.639915804338138 0.07580482878371626 0.08688493030721922
0 0.9272215479758665 0.5222372310171604 0.10422092721213971 0.09411707694917482
0 0.9193256189017001 0.4061484395473481 0.11330482878371625 0.08819445916315996
0 0.9129921898275335 0.2901142117798666 0.11039815260503402 0.09277283175849815
0 0.9025341869320493 0.1786310747565581 0.11544952564056317 0.10074902286549077
0 0.8950920221259064 0.06960081513791125 0.10981595574818712 0.0802728317584982