0 0.0515625 0.34375 0.0515625 0.2734375
0 0.1296875 0.33359375 0.0515625 0.2671875
0 0.2046875 0.33359375 0.05 0.2515625
0 0.2796875 0.328125 0.0484375 0.2421875
0 0.3546875 0.328125 0.046875 0.2421875
0 0.4296875 0.328125 0.0484375 0.2421875
0 0.5078125 0.328125 0.046875 0.2375
0 0.5796875 0.3234375 0.046875 0.2375
0 0.65625 0.3234375 0.0515625 0.2421875
0 0.7296875 0.31796875 0.0515625 0.2375
0 0.80625 0.3234375 0.0484375 0.2375
0 0.88125 0.328125 0.0484375 0.2421875
0 0.95625 0.3234375 0.046875 0.2421875
0 0.0515625 0.81328125 0.05 0.221875
0 0.13125 0.8234375 0.046875 0.2265625
0 0.20625 0.81328125 0.0515625 0.2328125
0 0.2796875 0.828125 0.0484375 0.2375
0 0.3546875 0.828125 0.0484375 0.2421875
0 0.43125 0.8234375 0.05 0.246875
0 0.50625 0.81328125 0.046875 0.2421875
0 0.58125 0.8234375 0.0484375 0.253125
0 0.6546875 0.81796875 0.053125 0.2515625
0 0.7296875 0.828125 0.05 0.2578125
0 0.8046875 0.8234375 0.053125 0.23125
0 0.878125 0.8234375 0.05 0.2375
0 0.95625 0.828125 0.0515625 0.2421875