0 0.0515625 0.34140625 0.0515625 0.275
0 0.13046875 0.334375 0.0515625 0.26875
0 0.2046875 0.33046875 0.0515625 0.253125
0 0.28046875 0.325 0.05 0.2421875
0 0.35546875 0.32890625 0.046875 0.2421875
0 0.43046875 0.325 0.05 0.2421875
0 0.50703125 0.3265625 0.0484375 0.2390625
0 0.5796875 0.32265625 0.0484375 0.2390625
0 0.65546875 0.32109375 0.0515625 0.2421875
0 0.7296875 0.31875 0.0515625 0.2390625
0 0.80546875 0.32265625 0.05 0.2390625
0 0.88203125 0.325 0.05 0.2421875
0 0.95546875 0.32109375 0.046875 0.2421875
0 0.05078125 0.81015625 0.0515625 0.2234375
0 0.13203125 0.82109375 0.0484375 0.23125
0 0.20546875 0.81171875 0.053125 0.234375
0 0.27890625 0.825 0.0484375 0.2390625
0 0.35390625 0.825 0.0484375 0.2453125
0 0.43125 0.81953125 0.0515625 0.25
0 0.50625 0.81171875 0.046875 0.2421875
0 0.58125 0.82109375 0.05 0.253125
0 0.6546875 0.81796875 0.0546875 0.253125
0 0.7296875 0.8234375 0.0515625 0.2578125
0 0.8046875 0.81953125 0.0546875 0.234375
0 0.87890625 0.82109375 0.0515625 0.2390625
0 0.95546875 0.8234375 0.0515625 0.2421875