0 0.9255599227212509 0.8678353435803745 0.0562271287323469 0.2643293128392511
0 0.8440531966064644 0.8753805228321279 0.11440026165206803 0.24923895433574436
0 0.7313511008135087 0.8825646768764219 0.1085108945717888 0.23487064624715615
0 0.6179059598480161 0.8775802563356347 0.1043696977900975 0.24483948732873068
0 0.5055316459860457 0.8798993116246843 0.1085108945717888 0.24020137675063147
0 0.38963349437689143 0.8786731421211931 0.10662061264080354 0.24265371575761385
0 0.2830557124459062 0.8793350703356502 0.1059650487788332 0.2413298593286995
0 0.16877469115858273 0.8780793010396184 0.10865300620418625 0.24384139792076312
0 0.05661889858393578 0.8800669309137495 0.10934142105489242 0.23986613817250096
0 0.9491755553119956 0.22978754006517824 0.08289888937600871 0.3186800676363579
0 0.8531528611281944 0.23272144068523376 0.1218192777436112 0.3418341477202705
0 0.7433243930591795 0.21968679918874057 0.11335121388164086 0.3318671518694554
0 0.6312232308063634 0.21669000852208437 0.11255353838727303 0.34268625269929237
0 0.515778547266224 0.21658141951510207 0.12156790546755207 0.36046574855010755
0 0.402841504691577 0.21430667926336439 0.11430170868586079 0.3676862526992924
0 0.2908496030824227 0.20974738859670813 0.1186614267548756 0.3633539502097814
0 0.181709549864114 0.20933114627037802 0.12680170868586077 0.36863344606059656
0 0.06899102857679053 0.20393140601864027 0.12178642675487558 0.36359074855010753
0 0.00928216485070612 0.19764459460605965 0.01856432970141224 0.3452891892121193