0 0.88046875 0.15741474110415063 0.1234375 0.2385616939613627
0 0.78203125 0.15517369085648164 0.1203125 0.24310364474715102
0 0.6828125 0.16070875330525966 0.11875 0.26334337014004516
0 0.58515625 0.16553534036114362 0.1203125 0.282166144747151
0 0.48359375 0.16939874089926285 0.1171875 0.2992080955329393
0 0.3890625 0.1774958771693585 0.115625 0.29913532092583345
0 0.290625 0.19322357692168948 0.1234375 0.3041866939613627
0 0.1953125 0.20128432588823214 0.1203125 0.293103644747151
0 0.09453125 0.22080911372990436 0.11875 0.30084337014004514
0 0.02890625 0.24040883023145837 0.0578125 0.30581766046291675
0 0.9671875 0.7348912317985258 0.065625 0.3202440334984459
0 0.90546875 0.7695166348178444 0.1234375 0.32762419396136283
0 0.8078125 0.7844994718737283 0.125 0.3339469685684687
0 0.70703125 0.7923055097154005 0.128125 0.34034251778268027
0 0.60625 0.7938615475570726 0.1234375 0.33387419396136264
0 0.51171875 0.8214899338271684 0.1265625 0.3480822431755744
0 0.41484375 0.8272549936923032 0.1328125 0.34549001261539375
0 0.31875 0.8394884931755744 0.13125 0.3210230136488512
0 0.2203125 0.8520762303552928 0.128125 0.2958475392894144
0 0.12421875 0.8568878548385642 0.1265625 0.2862242903228715