0 0.9740207305458692 0.915619393090223 0.033795386696362326 0.168761213819554
0 0.8809792552116875 0.9184284715616398 0.08054311736154389 0.1631430568767204
0 0.7660355078771874 0.9240538121881862 0.07721812269254417 0.15189237562362762
0 0.6488480078771875 0.9210239874483854 0.07409312269254435 0.15795202510322923
0 0.5340042578771875 0.9179736909198024 0.07721812269254436 0.16405261816039526
0 0.4121201672104148 0.9159929104473068 0.07405676002545328 0.16801417910538632
0 0.3011372138765512 0.9166015414402006 0.07398403469127164 0.16679691711959882
0 0.18395880454332386 0.9126471641789227 0.08181471602481709 0.17470567164215467
0 0.07061391987591481 0.9151475048054692 0.08168744668999892 0.16970499038906156
0 0.9816932533020468 0.2820576577317437 0.03532261871417965 0.35163774310259505
0 0.8862080306333653 0.2919062912688288 0.08386920671545255 0.3635512449116174
0 0.7724182506365468 0.26249102894435694 0.07927261338317955 0.3711180834462281
0 0.6567932506365468 0.2564313794647553 0.07936352005090672 0.37893058344622804
0 0.5387335939688196 0.258061399252459 0.08256124538508854 0.3853443577564876
0 0.42214553063336513 0.26758580619529254 0.07623852005090673 0.3787668091359686
0 0.30670234396881957 0.24590115671569085 0.07954533338636124 0.3945555834462281
0 0.19253984663431967 0.248517144391219 0.08577715205281575 0.39332063206674717
0 0.07710575063654683 0.22605124491161735 0.08276124005408843 0.40253185775648753