0 0.972750684407664 0.8445845807565302 0.05449863118467206 0.1988659683433749
0 0.9157975065472737 0.868674871341609 0.12767794515850994 0.18790119480442452
0 0.8027393971541571 0.8885452662287591 0.1308029451585096 0.18795574188232536
0 0.6894899691245888 0.904470883317898 0.13443812818904774 0.191058233364204
0 0.5718241080644824 0.9124256822225227 0.1321103536432407 0.17514863555495452
0 0.46503197412555863 0.9239847451287361 0.13006962152108806 0.1520305097425279
0 0.35010847579254856 0.9315284638791479 0.1380416181871082 0.1369430722417043
0 0.2418176147324421 0.9438687767853612 0.1327483403073211 0.11226244642927767
0 0.9820625562186163 0.45517720737973555 0.035874887562767556 0.1870557150969639
0 0.9154321341081015 0.47235897889009104 0.14043303667377885 0.19124438311602726
0 0.8060889560785333 0.48995380762461693 0.14170849425012405 0.20686938311602726
0 0.6984358238065995 0.5091384098980931 0.13638326546195145 0.19897506249917604
0 0.5863502830499348 0.5313661915547183 0.13093049091614423 0.189518241882325
0 0.4742647422932701 0.5535939732113435 0.13093049091614423 0.1895182418823252
0 0.36342283714251905 0.571942778406919 0.13638326546195145 0.19897506249917604
0 0.24945593199176802 0.5902370365245939 0.13896613152302778 0.21150233603812651
0 0.13842270820456518 0.6062420917201694 0.13169576546195144 0.19889324188232518
0 0.8816801768216204 0.1066657950427152 0.13523535364324069 0.18491256249917618
0 0.7703280886403311 0.11876460023829072 0.1380733112195859 0.20056483603812653
0 0.6570148877319456 0.13550999512544074 0.13584113152302776 0.21144778896022584
0 0.5504618698540982 0.15861448416839213 0.1387110400077587 0.20837733603812653
0 0.4327800333397989 0.17918430843869113 0.1384559484924896 0.2052523360381265
0 0.3233730824314133 0.19599788717321698 0.13638326546195145 0.19897506249917618
0 0.21213256455356588 0.2190205555993173 0.13482076546195146 0.19894778896022586
0 0.09113440940281484 0.23719208279171564 0.130260811219586 0.2004284683433748