0 0.9235956585773678 0.5981352884090047 0.13997266136218017 0.22131140036914018
0 0.7793729439051862 0.6479722069767421 0.14144425469445315 0.21359902991878954
0 0.6321797705681409 0.6847281346437784 0.1494749306969986 0.23284967766703613
0 0.4809712592298229 0.7311093861849378 0.1476760733609078 0.21243704811738678
0 0.340700247891505 0.7767897308785521 0.1461135733609078 0.2123369185677376
0 0.19186275855350518 0.8206770380952376 0.13661130402608973 0.20079864126984148
0 0.9201375879615018 0.2244171861572512 0.11784312269254435 0.19803458667404977
0 0.7884694172899567 0.2687655683277942 0.1287624413589988 0.19717299352159506
0 0.6318012466184113 0.3147160232927263 0.1445510733609078 0.21223678901808823
0 0.486951823281366 0.35132175663528853 0.14771243602799872 0.21556204811738686
0 0.3420751279440026 0.3902712399778507 0.1476760733609078 0.21243704811738687
0 0.1767495726050483 0.44224115746585413 0.14144425469445326 0.2135990299187896