0 0.014377469329960924 0.20969517504614252 0.028754938659921847 0.09751535009228504
0 0.019471707897215543 0.32264575801956447 0.038943415794431085 0.10154151603912895
0 0.02367556905980845 0.43398377621816175 0.0473511381196169 0.08984255243632351
0 0.031031712073566788 0.5486470535160577 0.062063424147133575 0.08791910703211539
0 0.03410462101290783 0.6657542103636029 0.06820924202581566 0.09094397748246622
0 0.03716388902666616 0.7790552467607975 0.07432777805333232 0.08439358883351815
0 0.04713281707607389 0.892506477482466 0.07939981252120451 0.08615634793281686
0 0.06034709048971883 0.9806585171188631 0.08116071996293313 0.03868296576227372
0 0.2327876742319516 0.19500732109634614 0.15467263103285875 0.09877506631598414
0 0.23968746025946824 0.31133322794389134 0.15667164065150557 0.11137519586563353
0 0.2491219692451429 0.4223405791159106 0.15667164065150557 0.11137519586563353
0 0.2668823550025071 0.6536802166851243 0.15483632213985138 0.10346256631598401
0 0.2793873002858509 0.7664503269564422 0.1674454495445131 0.10738860271317882
0 0.28863083631336756 0.8829264281284616 0.15343751324684388 0.10804993676633501
0 0.29454104121535823 0.969829243521595 0.15267362141421187 0.060341512956809853
0 0.5149726916551467 0.23109951958287325 0.15343751324684404 0.10804993676633483
0 0.5251338869384906 0.3437194355297172 0.15354664065150558 0.11117493676633483
0 0.532088236668338 0.4584828423772624 0.14702382213985138 0.10296191856773759
0 0.5360539956540127 0.5691397401255089 0.14211806733052795 0.09641152991878954
0 0.5482861224257023 0.6897223503968268 0.15176588584218215 0.10482480721668566
0 0.5624081314113769 0.801030090217794 0.15656251324684387 0.10825019586563336
0 0.5742136722482171 0.9114063857142873 0.15349207694917483 0.109612436766335
0 0.5807414360432152 0.9947162268641572 0.14684028366526397 0.010567546271685657