0 0.5501445467316639 0.9299486019472116 0.18009656615858277 0.081827398209672
0 0.5277741221618248 0.8461941656423022 0.1850022347764936 0.11962778685861997
0 0.5084241584625699 0.7442707202380939 0.1896988251355733 0.12149067550756776
0 0.4929713544042357 0.6405344509597625 0.20533291549465282 0.12405447100406111
0 0.47674639070498087 0.5384107464562558 0.19751132513557326 0.12199132325581452
0 0.4495793818261863 0.4362066988002941 0.19752041549465282 0.12355382325581452
0 0.4294663488450907 0.33745831817091065 0.19279655405833437 0.11700343460686646
0 0.4093078640685971 0.2308974375415272 0.20223518657189174 0.1285417119047624
0 0.38527949072842194 0.130836880786267 0.1928329154946528 0.12325343460686651
0 0.3636085029268662 0.046907673504983045 0.19282382513557322 0.09381534700996609
0 0.7862446314334027 0.6741039104005149 0.1975113251355733 0.12199132325581452
0 0.7637605773750684 0.5708182240956052 0.2037522347764936 0.12082934145441157
0 0.7389509540348933 0.47080773211516974 0.19752950585373252 0.1251163232558145
0 0.7258328096174793 0.3653587685123643 0.2100113251355733 0.12279235965300898
0 0.6994652314568439 0.2662296560815781 0.19747496369925485 0.11574132325581452
0 0.6777624273985096 0.16289390500184395 0.19909200585373252 0.12521645280546378