0 0.596114733960871 0.04159515195328649 0.26402053207825793 0.08319030390657298
0 0.6023974074658541 0.16416385609728631 0.27287390036914017 0.14518343401923312
0 0.6201787854743439 0.3125869842313894 0.29611114126984167 0.14274039561857332
0 0.6301476634828338 0.46123743289860586 0.28673614126984165 0.1424676109788372
0 0.6289287176172003 0.6141123803121811 0.28703652991878953 0.1471551109788372
0 0.6349412808508654 0.7636577392459543 0.2738356230712444 0.13585389812585583
0 0.6442791031838293 0.9099871699664821 0.2895607526208936 0.13787103919208263
0 0.9165693314322624 0.11681251682606145 0.09637195712440061 0.11665395407749282
0 0.9208692003414537 0.26874708986645734 0.1008591980251019 0.11366534639736088
0 0.9244378840254696 0.4199231449601645 0.10145997532299766 0.12304034639736088
0 0.9239000586101866 0.5743378603204284 0.0819089389258032 0.10999477711788863
0 0.9222002513935011 0.7225480397873151 0.0660836798265045 0.10641513605166182
0 0.9205505089516404 0.8699769692542016 0.05075906847545255 0.11064799498543501