0 0.9703125 0.41864178978731503 0.059375 0.17047763605166186
0 0.88046875 0.42125597591811914 0.08125 0.17111413354437946
0 0.778125 0.4297026249019048 0.0828125 0.17428459765100218
0 0.678125 0.44589357772575633 0.0796875 0.1913811694377568
0 0.57734375 0.45663851260291927 0.0796875 0.18513116943775673
0 0.475 0.4603976615867049 0.0828125 0.18522209765100217
0 0.37421875 0.46801759646386787 0.0765625 0.17722774122451135
0 0.27109375 0.47883072750096484 0.0875 0.18692098997087006
0 0.16875 0.4818086264847505 0.084375 0.17745506175762477
0 0.06640625 0.48791152546853606 0.090625 0.18232441818411543
0 0.79609375 0.703398537675744 0.0796875 0.1851311694377568
0 0.69375 0.7110639366595295 0.078125 0.19133570533113406
0 0.59140625 0.7148230856433152 0.084375 0.18526756175762493
0 0.4890625 0.7303009846271008 0.0765625 0.19597774122451134
0 0.38828125 0.7340146695042638 0.075 0.18655727711788864
0 0.284375 0.7425067825946721 0.084375 0.18683006175762476