0 0.07109375 0.4640625 0.06875 0.15625
0 0.16640625 0.459375 0.06875 0.15625
0 0.26171875 0.46015625 0.06875 0.159375
0 0.35625 0.465625 0.0671875 0.175
0 0.45 0.46953125 0.0671875 0.1671875
0 0.54609375 0.4640625 0.06875 0.1671875
0 0.63828125 0.4640625 0.0640625 0.1625
0 0.73671875 0.465625 0.0734375 0.1703125
0 0.83046875 0.46171875 0.0703125 0.1625
0 0.9265625 0.46015625 0.0765625 0.1640625
0 0.259375 0.715625 0.0671875 0.1671875
0 0.35546875 0.7140625 0.065625 0.175
0 0.45 0.71015625 0.0703125 0.1671875
0 0.5453125 0.7171875 0.0640625 0.1796875
0 0.6390625 0.71171875 0.0625 0.16875
0 0.73515625 0.71171875 0.0703125 0.16875