0 0.8829253646538925 0.1492798976444604 0.23414927069221497 0.1925535504177419
0 0.8681878352552503 0.3016064015987931 0.2636243294894992 0.19095655832640723
0 0.8571501769556502 0.4632442385569314 0.2856996460886997 0.19360139726171188
0 0.8410553629564118 0.6163347464655968 0.3027575870642728 0.18384439528454558
0 0.8056987963572115 0.7782736723590398 0.3193652329258298 0.20323106524648954
0 0.7811225995002863 0.9068907622829275 0.3019453595655097 0.13859556228074013
0 0.5154412935321364 0.07874312943003377 0.3246325870642728 0.15748625886006754
0 0.4914349847348521 0.21954856566641903 0.3127876843053107 0.19672639726171193
0 0.44945992593756773 0.37471090954463954 0.3297295228399214 0.19273923421985026
0 0.4279611414505429 0.532170582472333 0.31213258706427266 0.18422639726171183
0 0.39716924411864785 0.6915747573771928 0.3159126843053107 0.19685373125410077