0 0.9515857467785462 0.3632899190383881 0.09682850644290752 0.3016206616279072
0 0.817366324644594 0.381376189857879 0.13917262607064976 0.29631140036914017
0 0.6612617703898678 0.4163891448228112 0.14543171642972935 0.29827441856773756
0 0.505883923980664 0.4419770350129186 0.1312874031980126 0.2833107526208936
0 0.3442424420328407 0.4656216934016234 0.1485748971478885 0.30159967766703627
0 0.18735209259857483 0.4999034631413801 0.1453589935570923 0.2857744185677376
0 0.054657767266609834 0.5287269748615724 0.10475217427525159 0.2862960502768551
0 0.9184323583130606 0.051751355647839406 0.09311471662612121 0.10350271129567881
0 0.778647695647078 0.06711434222960411 0.13854539129415605 0.13422868445920821
0 0.6200903070833965 0.07822062538759618 0.12455561416679295 0.15644125077519236
0 0.4646715540583344 0.09177078809523757 0.12309310811666876 0.18354157619047515
0 0.3053829124695907 0.10572146900147625 0.13874537919390767 0.2114429380029525