0 0.2171875 0.36640625 0.0390625 0.1515625
0 0.2875 0.375 0.040625 0.1640625
0 0.3578125 0.375 0.0390625 0.159375
0 0.4265625 0.375 0.0390625 0.1640625
0 0.5 0.375 0.0390625 0.1640625
0 0.56875 0.375 0.040625 0.16875
0 0.640625 0.3703125 0.0390625 0.16875
0 0.7109375 0.3703125 0.0390625 0.1640625
0 0.9234375 0.3703125 0.040625 0.1640625
0 0.0765625 0.76328125 0.0390625 0.16875
0 0.14375 0.75859375 0.0390625 0.159375
0 0.215625 0.75859375 0.040625 0.159375
0 0.2875 0.75859375 0.0390625 0.159375
0 0.3578125 0.75859375 0.0390625 0.1640625
0 0.428125 0.75859375 0.040625 0.1734375
0 0.4984375 0.75859375 0.040625 0.1734375
0 0.56875 0.75859375 0.0390625 0.15625
0 0.640625 0.75859375 0.040625 0.16875
0 0.7109375 0.75859375 0.0390625 0.18125
0 0.78125 0.76328125 0.0421875 0.16875
0 0.853125 0.76328125 0.0390625 0.1640625
0 0.9234375 0.76328125 0.0390625 0.15625