0 0.21640625 0.36484375 0.0390625 0.153125
0 0.2875 0.3734375 0.040625 0.1640625
0 0.3578125 0.375 0.040625 0.159375
0 0.42734375 0.3734375 0.040625 0.1640625
0 0.49921875 0.375 0.040625 0.1671875
0 0.56953125 0.3734375 0.0421875 0.1703125
0 0.640625 0.36953125 0.040625 0.1703125
0 0.71171875 0.36953125 0.040625 0.1640625
0 0.9234375 0.36953125 0.0421875 0.1640625
0 0.07578125 0.75859375 0.040625 0.1703125
0 0.14375 0.753125 0.040625 0.159375
0 0.215625 0.753125 0.040625 0.159375
0 0.28671875 0.75703125 0.040625 0.159375
0 0.35859375 0.75546875 0.0390625 0.1640625
0 0.428125 0.75703125 0.0421875 0.1734375
0 0.4984375 0.753125 0.0421875 0.1734375
0 0.56875 0.75546875 0.040625 0.15625
0 0.63984375 0.75546875 0.0421875 0.1703125
0 0.7109375 0.753125 0.0390625 0.1796875
0 0.78125 0.75859375 0.04375 0.1703125
0 0.853125 0.75859375 0.040625 0.1640625
0 0.92421875 0.75859375 0.040625 0.15625