0 0.177851365587422 0.833621541958086 0.08630568114108117 0.07548178903121965
0 0.14517364453775405 0.6686323462128121 0.07961903349844598 0.0660704275949012
0 0.11494883539874487 0.5060005360061577 0.07976458271265771 0.0691954275949012
0 0.08148986434907692 0.3410067950813439 0.07656680810555187 0.06761474687674199
0 0.2941655703021517 0.8155533188890572 0.08296235731976358 0.07077610831306061
0 0.2625238103773543 0.6560374183233233 0.07991013192686944 0.0723204275949012
0 0.23460636393479212 0.4926379936552882 0.08318068114108117 0.0754636083130606
0 0.20419961827801836 0.32609993344863375 0.08616013192686944 0.07235678903121974
0 0.4129690742310931 0.8006237313586482 0.08801373035529285 0.07861587939029926
0 0.38170830396721345 0.6325186259724538 0.08318068114108117 0.0754636083130606
0 0.34984822022109846 0.4683152254067197 0.07976458271265771 0.0691954275949012
0 0.32004078804656 0.2978754603796051 0.08630568114108117 0.07548178903121974
0 0.5286111908564817 0.7848947131100795 0.08303513192686936 0.0723386083130606
0 0.49802250868194325 0.6144504029034252 0.08318068114108108 0.0754636083130606
0 0.4699959003287223 0.44870722823539005 0.08801373035529281 0.07861587939029935
0 0.43557374276128974 0.2798026921310366 0.08005568114108112 0.07544542759490129
0 0.6470508217498938 0.7621526255796703 0.0817637303552928 0.07857951795398091
0 0.6147540903611436 0.5885742250139362 0.0817637303552928 0.07857951795398073
0 0.5835660947043697 0.42203161962774194 0.08630568114108109 0.07548178903121969
0 0.5516332363511489 0.25626571906200796 0.08801373035529281 0.07861587939029935
0 0.7691976495001527 0.7519287187674204 0.08623290653397522 0.07391928903121965
0 0.7367018649682494 0.5908457730221464 0.08303513192686936 0.0723386083130606
0 0.7063678939185815 0.425870212815492 0.08303513192686936 0.07233860831306042
0 0.6729260394943021 0.2444747670702181 0.08303513192686936 0.07233860831306052
0 0.8856937907326472 0.7377667456983916 0.08318068114108143 0.0754636083130606
0 0.8560319077723204 0.570451980671277 0.0848887303552928 0.07859769867214013