0 0.22578125 0.103125 0.0625 0.071875
0 0.39140625 0.1015625 0.0546875 0.065625
0 0.55234375 0.1015625 0.05625 0.065625
0 0.7171875 0.1 0.05625 0.0625
0 0.228125 0.2203125 0.059375 0.0703125
0 0.38671875 0.21875 0.0609375 0.0671875
0 0.55 0.221875 0.0625 0.06875
0 0.71484375 0.221875 0.0609375 0.0734375
0 0.22578125 0.3390625 0.065625 0.071875
0 0.3953125 0.3390625 0.0625 0.0703125
0 0.55859375 0.3375 0.059375 0.0671875
0 0.728125 0.340625 0.0640625 0.071875
0 0.22578125 0.4546875 0.0609375 0.0703125
0 0.39765625 0.45625 0.0640625 0.0703125
0 0.5609375 0.459375 0.065625 0.071875
0 0.73046875 0.45625 0.0640625 0.0671875
0 0.2328125 0.575 0.065625 0.065625
0 0.40625 0.575 0.065625 0.0671875
0 0.57421875 0.575 0.0640625 0.0734375
0 0.7390625 0.575 0.0671875 0.071875
0 0.22578125 0.696875 0.0609375 0.071875
0 0.3890625 0.69375 0.059375 0.0703125
0 0.55234375 0.6953125 0.0609375 0.06875
0 0.7328125 0.6953125 0.0609375 0.06875
0 0.22578125 0.8125 0.0625 0.0703125
0 0.39375 0.8140625 0.0671875 0.0703125