0 0.225 0.10234375 0.0640625 0.0734375
0 0.390625 0.10078125 0.05625 0.0671875
0 0.55234375 0.10078125 0.0578125 0.0671875
0 0.7171875 0.09921875 0.0578125 0.0640625
0 0.22734375 0.2203125 0.0609375 0.071875
0 0.3875 0.21875 0.0625 0.06875
0 0.54921875 0.22109375 0.0640625 0.0703125
0 0.715625 0.221875 0.0625 0.075
0 0.2265625 0.3390625 0.0671875 0.0734375
0 0.39453125 0.33984375 0.0640625 0.071875
0 0.5578125 0.33828125 0.059375 0.06875
0 0.72734375 0.340625 0.0640625 0.0734375
0 0.2265625 0.45546875 0.0625 0.071875
0 0.396875 0.45703125 0.0640625 0.071875
0 0.5609375 0.459375 0.0671875 0.0734375
0 0.7296875 0.45703125 0.0640625 0.06875
0 0.2328125 0.575 0.0671875 0.0671875
0 0.40625 0.57578125 0.0671875 0.0671875
0 0.57265625 0.57578125 0.0640625 0.075
0 0.7375 0.575 0.06875 0.0734375
0 0.2265625 0.696875 0.0625 0.0734375
0 0.38828125 0.69453125 0.0609375 0.0703125
0 0.55234375 0.6953125 0.0625 0.0703125
0 0.7328125 0.6953125 0.0625 0.0703125
0 0.225 0.81328125 0.0640625 0.071875
0 0.3921875 0.81484375 0.06875 0.071875