0 0.8245337193299609 0.022615239181111302 0.04182540145127902 0.03721577673520511
0 0.2078918563532695 0.0577526978285348 0.06379465988879932 0.1155053956570696
0 0.29680802341364493 0.07042820641694687 0.0651934687818068 0.12613616510280767
0 0.2520411604369535 0.060492608656355085 0.06363096878180681 0.12098521731271017
0 0.43060018085537355 0.1000396607402068 0.06691965988879929 0.1309329257464694
0 0.5182812301297341 0.11105393437331876 0.06190477767481415 0.12123014381548418
0 0.6075247794040947 0.121958947362769 0.06691965988879929 0.1309329257464694
0 0.9698883370311577 0.34600954449310695 0.03566965988879929 0.12874771287323467
0 0.9390475647986392 0.33647600736634165 0.07015378729346118 0.13427644703379293
0 0.8919642336731133 0.3234022069980246 0.07015378729346082 0.13427644703379285
0 0.8431547114405946 0.3151251672733692 0.06859128729346117 0.13416718639013112
0 0.7924825888452564 0.31555113819237557 0.06848215988879928 0.13104218639013113
0 0.7444815984639032 0.3064382181458894 0.0700446598887993 0.13115144703379283
0 0.699414635124392 0.30257552681207966 0.06691965988879929 0.1309329257464694
0 0.8761779986492376 0.507651520859995 0.07382442431676957 0.15011996832111638
0 0.7481993315888621 0.49010302396208816 0.07031747840045348 0.13896394703379294
0 0.3293277913001763 0.6121351051761097 0.06848215988879928 0.13104218639013113
0 0.8284150773276929 0.6925781779170309 0.06379465988879929 0.13071440445914603
0 0.5537374811412245 0.8364802692705112 0.06691965988879929 0.1309329257464696
0 0.3252875881274661 0.794783714210617 0.06691965988879929 0.1309329257464693
0 0.4592707185273527 0.8189264185338769 0.0651934687818068 0.1261361651028075
0 0.14238580809039922 0.7654889701627017 0.06848215988879933 0.13104218639013113
0 0.09592003585788064 0.7570480394725538 0.06519346878180676 0.12613616510280767
0 0.05020823177419663 0.7493337284605751 0.060451405079475905 0.12424588317182242
0 0.019450599370952427 0.7367680264831036 0.038901198741904855 0.13071440445914603
0 0.10303067532825991 0.575743409150723 0.06379465988879933 0.13071440445914587
0 0.24024793313280823 0.5965425921866594 0.06185021397248329 0.11966764381548423
0 0.14919382488062222 0.9052945153352386 0.040481156260602266 0.04335651609154354
0 0.1931521560061482 0.9185868369908793 0.03390377404661713 0.03354447351689629
0 0.24134411934565936 0.9222310070373656 0.04366071996293312 0.04513753737886681
0 0.6022519145284868 0.4738110244662912 0.06379465988879929 0.13071440445914587