0 0.1265625 0.1375 0.0921875 0.11875
0 0.225 0.1375 0.0890625 0.1171875
0 0.3203125 0.1390625 0.0828125 0.1203125
0 0.4109375 0.140625 0.0765625 0.1265625
0 0.5 0.140625 0.0796875 0.125
0 0.5953125 0.1390625 0.078125 0.125
0 0.6890625 0.1453125 0.078125 0.128125
0 0.7828125 0.1421875 0.0796875 0.13125
0 0.8765625 0.140625 0.075 0.1265625
0 0.125 0.36875 0.0765625 0.1234375
0 0.21875 0.365625 0.0859375 0.1234375
0 0.309375 0.3671875 0.0734375 0.1140625
0 0.40625 0.365625 0.0828125 0.1171875
0 0.5 0.365625 0.08125 0.11875
0 0.59375 0.365625 0.08125 0.11875
0 0.6890625 0.3640625 0.0796875 0.11875
0 0.78125 0.365625 0.08125 0.11875
0 0.875 0.3640625 0.08125 0.1234375
0 0.128125 0.59375 0.084375 0.1171875
0 0.2296875 0.590625 0.0828125 0.1171875
0 0.3375 0.59375 0.0859375 0.121875
0 0.446875 0.59375 0.084375 0.1234375
0 0.5546875 0.5921875 0.0859375 0.125
0 0.659375 0.590625 0.08125 0.121875
0 0.765625 0.590625 0.084375 0.125
0 0.871875 0.590625 0.0875 0.121875