0 0.33351138665659136 0.07421875 0.2373192813494538 0.11875
0 0.36840236529282 0.2984375 0.21695223734881744 0.1140625
0 0.38403590861713865 0.36484375 0.22307496801399934 0.103125
0 0.4339433599220491 0.57421875 0.21533519334818116 0.109375
0 0.4557996312460494 0.64296875 0.22630905601527193 0.1125
0 0.2692963205363242 0.96015625 0.22436474801081766 0.0796875
0 0.5839295573281366 0.03828125 0.25089088534372694 0.0765625
0 0.6075937766550006 0.0859375 0.23424882535009015 0.1234375
0 0.6253614373010924 0.2375 0.243532918682363 0.115625
0 0.6472540712921837 0.303125 0.2246738306810901 0.10625
0 0.6581182986155478 0.3765625 0.23570223734881743 0.1140625
0 0.6870330919398665 0.44296875 0.2514545066836355 0.125
0 0.7250394325668682 0.73515625 0.24356928134945388 0.11875
0 0.7539178632240959 0.8046875 0.22472837468172652 0.1109375
0 0.7710775438813237 0.87421875 0.23259541868236297 0.115625
0 0.782196309874324 0.92578125 0.21815111067790874 0.0828125
0 0.8581199406429102 0.175 0.155796561346272 0.0953125
0 0.8767239426320925 0.2546875 0.15583292401336307 0.0984375
0 0.8907495326225474 0.325 0.16044769867918127 0.0921875
0 0.9078910319462299 0.39609375 0.162046561346272 0.0953125
0 0.9281478932606853 0.53515625 0.132359061346272 0.0953125
0 0.959122983887687 0.82734375 0.06357269867918128 0.0921875