0 0.17885235182361114 0.028296178285345024 0.17332970364722228 0.05659235657069005
0 0.17454997758291685 0.20476094386304866 0.1765638064207639 0.07840200956072393
0 0.17849390159486136 0.2733607495385747 0.1875376740119445 0.08066541640826923
0 0.16979235524208364 0.3365115916112953 0.1890274388295834 0.07764054595791858
0 0.15945688012770873 0.4639251927833145 0.18906380642076398 0.07920304595791841
0 0.15940363516170183 0.5288690723329639 0.18114220364722225 0.074014898209672
0 0.15931402260451438 0.5922504518826132 0.18902743882958334 0.07764054595791858
0 0.15150282902527834 0.6600387291805091 0.1968399388295834 0.07814119370616517
0 0.39869403276940985 0.08633590916389708 0.18895470364722228 0.07451554595791854
0 0.3973153303564585 0.1951799830380204 0.19215243882958344 0.0778408050572172
0 0.398008274220035 0.3257989273624944 0.19527743882958334 0.07804106415651582
0 0.39326752925402814 0.3910431955610917 0.20319904160312507 0.0832292119047624
0 0.3575041347804522 0.9386784616002206 0.19538654160312507 0.08272856415651582
0 0.629259580640799 0.37826738356404416 0.19854790919430557 0.08449132325581443
0 0.6293699898351045 0.45024251311369345 0.18739220364722228 0.07441541640826924
0 0.625301392095556 0.5107492165374661 0.18281380642076392 0.07880252775932117
0 0.891759580640799 0.3614456192229582 0.21406380642076392 0.0808051187523077
0 0.8847478208571532 0.4299650817460295 0.19843880642076392 0.07980382325581452
0 0.8801889138470491 0.5030218499446267 0.19840243882958325 0.07824132325581452
0 0.8810442054501741 0.5733844147194513 0.2236570119678472 0.09078089605020345
0 0.8713282858066327 0.7946481454411201 0.21420927678548624 0.08705511875230769