0 0.7990323976388678 0.002964253724977617 0.06443520472226431 0.005928507449955234
0 0.4627767350710812 0.061004664517502694 0.06485336123992677 0.12200932903500539
0 0.29301822609409073 0.1035222060093515 0.06481699980360833 0.134541865976684
0 0.20696709660559556 0.1295654103683178 0.06639768052176746 0.13778526514684702
0 0.16318073516927706 0.13913058713288246 0.06329086123992678 0.14067346680652096
0 0.8748949399897373 0.08598101512362506 0.058557909444528634 0.13250576929603192
0 0.8349966478352595 0.09837519396278219 0.06327268052176756 0.13754846680652094
0 0.7950983556807818 0.1107693728019393 0.0632363190854491 0.13129846680652096
0 0.7520977894240032 0.11949409998142246 0.06167381908544911 0.13118006763635792
0 0.3319165787498105 0.26300302717019436 0.06325449980360824 0.13442346680652095
0 0.11680466315696181 0.32537666306761015 0.06169199980360829 0.1343050676363579
0 0.03387853366846659 0.3511830690862504 0.06007495764913057 0.12481166846619489
0 0.9083609040817755 0.23962623338003852 0.06011131908544911 0.13106166846619488
0 0.8715921571068375 0.2510023638788696 0.05853972872636959 0.12938076929603187
0 0.4115308349963264 0.4037804699067987 0.06011131908544907 0.13106166846619485
0 0.7759564284786641 0.4480092636737325 0.06009313836728989 0.12793666846619484
0 0.1930752299047198 0.638206704559459 0.05691359621281209 0.11832487012586874
0 0.9338274949318344 0.5602104979021856 0.05853063836729007 0.12781826929603196
0 0.852468410622879 0.5851172547506629 0.06167381908544911 0.13118006763635784
0 0.6451326335937118 0.6531488947972635 0.05535109621281222 0.11820647095570572
0 0.5238798023098186 0.6896685804848979 0.05535109621281222 0.11820647095570588
0 0.4401724228213233 0.7155341860886197 0.05693177693097127 0.12144987012586891
0 0.9626559559988106 0.7056171636690882 0.06637040944452863 0.13309776514684693
0 0.7208860916356258 0.7864098354592753 0.06167381908544911 0.13118006763635784
0 0.558949173017715 0.8361641495711485 0.05849427693097127 0.12156826929603204
0 0.35080487491130896 0.9089424892028305 0.06324540944452864 0.1328609668065212
0 0.18817760988419435 0.9431310028997849 0.059865879390299345 0.08887416846619516