0 0.9754320660891445 0.8192112639209818 0.04913586782171109 0.04674359604505716
0 0.9678779760284246 0.532492513920982 0.06424404794315067 0.049868596045057244
0 0.9648105297373263 0.38410964424281274 0.07037894052534739 0.04663433540139543
0 0.9627805006215977 0.3379612639209818 0.07443899875680451 0.049868596045057154
0 0.9527941293532137 0.10331311231182749 0.09441174129357251 0.04572739926336582
0 0.8016377431025952 0.08719144955480833 0.1302540660333734 0.049584372780262245
0 0.8245993668015992 0.376800252773117 0.1298446302577247 0.041771872780262245
0 0.8243204850735364 0.5200039495548083 0.13625840456798421 0.04533391535490914
0 0.8268999304601236 0.5692226995548083 0.14250840456798422 0.04577095792955603
0 0.8551156201925011 0.8996750240604404 0.13979284034363318 0.05336493664223276
0 0.854324404113699 0.943987752773117 0.14587906603337367 0.05067697921687966
0 0.856658188034897 0.9796371315823386 0.14628850180902225 0.04072573683532284
0 0.6723850073476308 0.8884540287520174 0.13683161465389268 0.056271415354909496
0 0.6707605523501053 0.7980475500393409 0.14916784034363317 0.05402050050420311
0 0.6682629941186479 0.750391300039341 0.1490040660333735 0.050895500504203106
0 0.6656835487320606 0.701172550039341 0.14275406603337365 0.05045845792955621
0 0.6454242011523383 0.4631262468210323 0.13321529172311397 0.046677894067585865
0 0.6428038121881864 0.41312624682103233 0.13634029172311415 0.04689641535490918
0 0.6319814196059896 0.2660327255337088 0.14571529172311398 0.04755197921687966
0 0.621421298620519 0.04968110585553967 0.13659259724103806 0.02200567599857094
0 0.44247410504295415 0.03638951215627101 0.1411982100859083 0.020770957929556143
0 0.4543300531430748 0.15864692440908706 0.13650406603337348 0.05002141535490923
0 0.46639512041964376 0.44827215312176366 0.13650406603337348 0.050021415354909136
0 0.47688996438132136 0.5891156744090871 0.13650406603337367 0.050021415354909136
0 0.47642629692303834 0.6396784031217636 0.15212906603337348 0.051114021791526555
0 0.4821716858871904 0.6898969244090871 0.1493316146538927 0.05714550050420293
0 0.48458735696351807 0.7359906744090872 0.1493316146538925 0.05714550050420293
0 0.49177241519497555 0.7839747063400722 0.14587906603337367 0.05067697921687966
0 0.4895005862713032 0.8297406744090872 0.133542840343633 0.05292789406758587
0 0.49660375734763085 0.8761622063400722 0.13666784034363316 0.05314641535490949
0 0.49906037200152353 0.9230372063400722 0.14275406603337365 0.050458457929556035
0 0.3264041220015234 0.9109639052154506 0.14275406603337348 0.050458457929556035
0 0.2842919493433161 0.3896134291006641 0.12712906603337357 0.049365851492938796
0 0.2728520810713789 0.24559027749150975 0.1268834045679843 0.04467835149293879
0 0.2741788856847917 0.1966446791006641 0.14275406603337357 0.050458457929556125
0 0.09223948891872355 0.14111095507956456 0.14275406603337354 0.050458457929556125
0 0.09406866180407353 0.23542368379224107 0.13354284034363306 0.05292789406758569
0 0.11916931761525325 0.5212901279760424 0.13305151741285454 0.04355289406758587
0 0.12349604873206066 0.6632591066887189 0.14283595318850328 0.052020957929556036
0 0.13098872342643295 0.8062278566887189 0.13305151741285454 0.04355289406758587
0 0.13644750734763086 0.8509776279760424 0.14275406603337357 0.050458457929556035
0 0.1559997687675916 0.9418593540908289 0.13650406603337353 0.050021415354909136