0 0.0734375 0.09375 0.0359375 0.11875
0 0.20625 0.096875 0.034375 0.128125
0 0.3859375 0.1078125 0.0375 0.125
0 0.5609375 0.11484375 0.034375 0.125
0 0.8484375 0.13203125 0.03125 0.121875
0 0.20625 0.25703125 0.0359375 0.125
0 0.296875 0.2640625 0.0359375 0.128125
0 0.3421875 0.2671875 0.0328125 0.121875
0 0.3875 0.2671875 0.0359375 0.121875
0 0.43125 0.2671875 0.0328125 0.115625
0 0.4734375 0.27109375 0.034375 0.125
0 0.7296875 0.28125 0.0328125 0.11875
0 0.159375 0.42734375 0.0375 0.121875
0 0.3421875 0.434375 0.0359375 0.121875
0 0.475 0.43046875 0.034375 0.1171875
0 0.6453125 0.4375 0.0328125 0.11875
0 0.6875 0.4375 0.0328125 0.11875
0 0.15625 0.60078125 0.0375 0.125
0 0.25 0.60078125 0.034375 0.1328125
0 0.340625 0.60078125 0.034375 0.121875
0 0.384375 0.60390625 0.034375 0.121875
0 0.7296875 0.60390625 0.03125 0.1140625
0 0.0640625 0.7671875 0.03125 0.121875
0 0.340625 0.7671875 0.034375 0.121875
0 0.3859375 0.7671875 0.034375 0.11875
0 0.475 0.7640625 0.0328125 0.11875
0 0.6046875 0.7640625 0.0359375 0.125
0 0.6890625 0.7671875 0.0296875 0.11875
0 0.0671875 0.934375 0.034375 0.121875
0 0.1109375 0.934375 0.0328125 0.125
0 0.1578125 0.9375 0.0328125 0.125
0 0.2015625 0.9375 0.0328125 0.125
0 0.4734375 0.934375 0.03125 0.121875
0 0.5609375 0.92734375 0.0328125 0.11875
0 0.6484375 0.9234375 0.03125 0.121875
0 0.93125 0.91640625 0.0296875 0.11875