0 0.8285044567160892 0.05625 0.19658731252120454 0.08125
0 0.83055554083684 0.109375 0.1854315577118811 0.075
0 0.8450793431064255 0.16328125 0.19486112141421189 0.0765625
0 0.8492559224178532 0.22265625 0.17772818511654273 0.078125
0 0.8494716880269497 0.28359375 0.19039187622353532 0.0828125
0 0.6412995455613455 0.428125 0.20294643992586625 0.084375
0 0.6375817793192767 0.48984375 0.20116568511654281 0.078125
0 0.67980641862002 0.95859375 0.18472222958158008 0.0546875
0 0.39680553421341813 0.15859375 0.1996577488188737 0.0796875
0 0.39791167722717646 0.21640625 0.20122024881887368 0.0796875
0 0.4132142402965352 0.3375 0.18214286660488846 0.0703125
0 0.4167459788637897 0.39296875 0.19658731252120454 0.08125
0 0.422993489663563 0.46015625 0.18877481252120454 0.08125
0 0.42886648903059077 0.5828125 0.1840327488188736 0.0796875
0 0.4338516001931837 0.64140625 0.18704862141421189 0.0765625
0 0.4350370995602114 0.7640625 0.19982143992586612 0.084375
0 0.17217012196236609 0.12578125 0.17600199400955024 0.0734375
0 0.17330354682728985 0.1828125 0.18074405771188107 0.075
0 0.17513637613871735 0.2421875 0.19173612141421192 0.0765625
0 0.1848908328548065 0.2984375 0.19976687622353534 0.0828125
0 0.014496520418420044 0.14140625 0.028993040836840088 0.0640625
0 0.016612091925299215 0.19765625 0.03322418385059843 0.0609375
0 0.20266857677953873 0.55 0.1966418762235354 0.0828125
0 0.20835309238863536 0.6109375 0.1966418762235354 0.0828125
0 0.04713530627630069 0.8203125 0.07238592068857252 0.059375