0 0.23949665288685923 0.9359153566887188 0.06272323320977699 0.12816928662256225
0 0.30096986622637034 0.9309600589182919 0.0679018065307547 0.1380798821634162
0 0.3626613343752049 0.9323640217915266 0.06639387023308556 0.1352719564169469
0 0.42340786141704695 0.9290258543429303 0.06677581614940156 0.14194829131413939
0 0.49280270216121985 0.9274687081816577 0.07173613466105593 0.14506258363668464
0 0.6154862340123852 0.9337103134453809 0.0715178798517325 0.13257937310923823
0 0.6755606384588889 0.9355868468013618 0.062033752447070614 0.12882630639727638
0 0.7987526017984001 0.9354965065823386 0.06839287985173251 0.12900698683532283
0 0.8587178788402422 0.9342753550992351 0.05756450725639439 0.1314492898015299
0 0.15201646713734424 0.7377563621366006 0.07104665389834955 0.20447968639013112
0 0.04716527603035168 0.7257483990112643 0.040124036112334685 0.2116694735168963
0 0.34479424417918625 0.7457813016288248 0.06882938947037927 0.1856204257464693
0 0.4051042616023814 0.7320737167316326 0.07104665389834963 0.20447968639013112
0 0.4694122982628703 0.7435846531217637 0.06932046279135698 0.19968292574646931
0 0.7866171564302382 0.7439441941069267 0.06441470798203355 0.19310514381548421
0 0.8458830290255765 0.7449710985660726 0.06419645317271012 0.18685514381548424
0 0.9121528697697494 0.7457084259216964 0.06570438947037935 0.18540190445914587
0 0.972113135294028 0.7526957532773201 0.05577372941194412 0.1856204257464693
0 0.1889807206807233 0.5018624208027909 0.06932046279135698 0.19968292574646931
0 0.3182589929132419 0.4992123042267148 0.07573415389834955 0.20480746832111638
0 0.4486458973597456 0.5059918179724697 0.06915677168436432 0.1949954257464693
0 0.5096652429132419 0.5125967330752774 0.06646828130301116 0.20727690445914604
0 0.8320759562527531 0.5281278059914257 0.05972720798203355 0.19277736188449895
0 0.8937847825689555 0.5098419817378951 0.07589784500534194 0.2094949683211164
0 0.9598636503549705 0.5051105590935189 0.07244546279135697 0.19990144703379292
0 0.16341769237293693 0.26081680372251176 0.06882938947037927 0.1856204257464694
0 0.22637156015895182 0.25586685979081203 0.07206351687504098 0.18896394703379285
0 0.29253227349846295 0.2534791871464358 0.06285220798203354 0.19299588317182242
0 0.3566220553496284 0.2587401235365669 0.06581351687504097 0.18852690445914594
0 0.4252356460938012 0.2596413418576832 0.06932046279135698 0.1996829257464694
0 0.5533060823914704 0.2670382146379455 0.07228177168436431 0.19521394703379286
0 0.6170684820286507 0.26292415102807665 0.0720635168750409 0.1889639470337929
0 0.6832291953681617 0.2605364783837004 0.07746034500534212 0.2096042289647781
0 0.9477182813030112 0.2688999074843645 0.065704389470379 0.1854019044591459
0 0.020205861795565088 0.06531899740210996 0.0387748125212045 0.08376299480421992
0 0.07400298439090339 0.06596348960843981 0.06533731252120449 0.0856204257464694
0 0.20425347958157997 0.06883675335419467 0.06539187622353533 0.0871829257464694
0 0.27046875662342196 0.06801158070981843 0.06522818511654283 0.0824954257464694
0 0.6085317518140986 0.08541651006258405 0.0576885036281972 0.08976162252816071
0 0.6709226244094368 0.08666193580905346 0.05747024881887377 0.08351162252816073
0 0.7370014921954517 0.08193051316467719 0.05837798439090349 0.06487088317182246
0 0.8051066514512788 0.09058960116396267 0.06646330290255768 0.07322968639013114
0 0.9400446466419554 0.09379064684070275 0.06446429328391083 0.0606204257464694