0 0.055210879691897904 0.23409373667249972 0.03812852103089916 0.13161362667090887
0 0.08518498473485203 0.23990793200986316 0.06781602103089916 0.13195907200827237
0 0.12864505766563056 0.24978291868236288 0.06666295680654791 0.13975339067472686
0 0.17823229986371442 0.2573868806890444 0.07126856965141819 0.1382454346753632
0 0.26260397783744704 0.2732033320337257 0.07973616689245615 0.15083634134309049
0 0.3536350915868285 0.2969050087125888 0.07291295680654794 0.13982611600890865
0 0.40486672094004206 0.30608965205281574 0.07135045680654781 0.1398079346753632
0 0.5365637782669884 0.33104529340386035 0.06838923111680746 0.14289657200827238
0 0.7222489727490645 0.3581906907622229 0.07702060266810484 0.15861247867599956
0 0.29179243159177726 0.1150459340388164 0.06617163387576941 0.1303783906747269
0 0.2005156563770066 0.08665675735995333 0.06617163387576941 0.1303783906747269
0 0.24442610866099876 0.10512549403245305 0.06649918249628843 0.1366283906747269
0 0.33459408525525036 0.1272555800445434 0.06312852103089917 0.13190452800763602
0 0.3788763517635938 0.13792090738381585 0.07135045680654795 0.1398079346753632
0 0.4253385939616776 0.14548850672340646 0.06962418249628843 0.1366647533418178
0 0.4691295375392426 0.14677883406267894 0.06477290818602892 0.13348520934118144
0 0.5144387155129752 0.1621407520687241 0.06649918249628843 0.1366283906747269
0 0.5591337398232347 0.1657839200747693 0.06822545680654794 0.13977157200827234
0 0.8749944352098218 0.21864802745063097 0.06773413387576924 0.1303965720082724
0 0.917468540252776 0.22460767345635796 0.07315861827193722 0.14451361600890866
0 0.8135700135676673 0.3725264581078587 0.07315861827193722 0.14451361600890866
0 0.768793102102278 0.3673207901018135 0.07027927973732631 0.14916475334181775
0 0.8594966672311404 0.38477246678067656 0.07702060266810484 0.15861247867599956
0 0.9073985786965297 0.39001449745381267 0.07661116689245624 0.15079997867599956
0 0.9530795708946137 0.39757300612663055 0.06617163387576923 0.13037839067472684
0 0.05780469244591111 0.40277101133831794 0.07052494120271569 0.1538522533418178
0 0.10401795115233839 0.42048577001113585 0.07389560266810494 0.15857611600890867
0 0.1504392497728574 0.4272721193507264 0.07529432835784541 0.15546929734245407
0 0.28661908921197926 0.44837605470240743 0.06822545680654794 0.1397715720082724
0 0.38180543645301734 0.46197602538190685 0.07094102103089917 0.1319954346753633
0 0.564816010288307 0.4976788100731785 0.0651823439616777 0.1412977093411815
0 0.7938351249421995 0.5471901034372679 0.07027927973732631 0.14916475334181775
0 0.8874589721832375 0.5607718927832219 0.07356805404758582 0.15232611600890866
0 0.12573025610443547 0.5964124706794994 0.0697879568065479 0.13978975334181776
0 0.16910844188008423 0.6047249573519992 0.07151423111680741 0.1429329346753633
0 0.264376676276252 0.6198874280314985 0.07545810266810501 0.15859429734245403
0 0.6381693803692665 0.690602654081769 0.07167800542706679 0.1460579346753633
0 0.7805173326532586 0.7102168147676318 0.07989994120271575 0.15396134134309047
0 0.8747143899802048 0.7347361041135857 0.07356805404758618 0.15232611600890883
0 0.9639894154221181 0.7412684621259942 0.07202116915576369 0.15548747867599957
0 0.059082745927670155 0.754914766669318 0.047087441202715685 0.15357953333863605
0 0.09563439959114328 0.7670516873408634 0.07480300542706693 0.14609429734245402
0 0.28551244911617346 0.7997112880330894 0.07340427973732648 0.14920111600890884
0 0.3353044092020817 0.8112215000397709 0.07989994120271575 0.1539613413430903
0 0.3850554257104251 0.8219504620464523 0.07216932835784542 0.1554329346753632
0 0.6175304110111041 0.8629134587444055 0.07472111827193721 0.14453179734245403
0 0.6663364032091879 0.8705083300843143 0.07496677973732649 0.1492192973424543
0 0.8581863885098668 0.9109986121100858 0.07553998982323477 0.16015679734245403
0 0.07188039631178295 0.8948221513367273 0.05179487336031983 0.0646261213399086
0 0.17237171924256145 0.9053607566836355 0.06355124491161734 0.08037839067472703
0 0.4110114953618432 0.9596686380489977 0.05475609905006031 0.061537484006999675
0 0.4590362375599272 0.9672544187221337 0.056482373360319825 0.06468066534054487
0 0.5093637861804462 0.9712681146960442 0.05483798620519007 0.057463770607911614
0 0.6537688834214842 0.9846044560391345 0.05352779172311415 0.03079108792173102