0 0.837954488794652 0.8852956520930846 0.05323671561506984 0.1410998438782208
0 0.7568317753637839 0.883137585895193 0.052873039703263916 0.1254748438782208
0 0.6315233040491313 0.8679502790888416 0.05298214247680555 0.13016234387822045
0 0.5877914878447215 0.8689517049822845 0.05454464247680555 0.13022601087441502
0 0.5456949068226729 0.8667644638795331 0.054617377659166876 0.133351010874415
0 0.5051062744138534 0.8668573057805873 0.052873039703263916 0.12547484387822044
0 0.461465377187395 0.8639524816740302 0.05443553970326391 0.125538510874415
0 0.3313057517124298 0.8559874258562619 0.05141964247680564 0.13009867688202625
0 0.28911825171242983 0.8577064347535105 0.051237804520902853 0.12228617688202625
0 0.43795840805694386 0.700222904107432 0.04662303970326391 0.12522017589344295
0 0.6078708645539577 0.7104707015222435 0.04967530452090294 0.12222250988583169
0 0.6943714090068743 0.7163121832334547 0.053054877659166874 0.13328734387822044
0 0.7356685562333327 0.7193125078343033 0.052873039703263916 0.12547484387822044
0 0.7777651372553812 0.7214997489370548 0.051237804520902944 0.12228617688202625
0 0.8182810344818396 0.7245319070360006 0.051310539703263915 0.12541117688202624
0 0.8588878506862493 0.7236578151349464 0.05756053970326391 0.12566584486680377
0 0.8962969317082979 0.726036057226281 0.04662303970326391 0.12522017589344295
0 0.9553297056439926 0.5706508788613801 0.05141964247680555 0.13009867688202625
0 0.919483124621944 0.568208969773851 0.04662303970326391 0.12522017589344295
0 0.8805115435998954 0.5658943946787108 0.051310539703263915 0.12541117688202624
0 0.7145235208984717 0.5547061797734136 0.04655030452090294 0.12209517589344294
0 0.5447201671749996 0.5397708823586023 0.04974803970326391 0.1253475098858317
0 0.3716099754956245 0.5327754189361797 0.05149237765916679 0.13322367688202608
0 0.158165724545694 0.5149352974148114 0.04844011284152785 0.1362213428896375
0 0.7353841476077079 0.39619334281527524 0.04655030452090294 0.12209517589344294
0 0.8592937730826733 0.4044130666178211 0.05123780452090258 0.12228617688202607
0 0.9395625013311802 0.4097279663138099 0.04967530452090294 0.12222250988583175
0 0.7570805757037151 0.23530492235903977 0.04655030452090294 0.12209517589344294
0 0.6277931192067012 0.22340178304317426 0.04655030452090294 0.12209517589344294
0 0.5848607367978816 0.22359012543852003 0.04655030452090294 0.12209517589344294
0 0.24123867657739567 0.1985661980993833 0.05294577488562506 0.12859984387822054
0 0.15706369832888872 0.19341046589388047 0.051310539703264005 0.12541117688202613
0 0.07223475664951373 0.1828178171864748 0.04669577488562511 0.12834517589344294
0 0.0378052052627429 0.18656224110275144 0.03895601006798623 0.13115184091247095
0 0.05753908985576385 0.044484829049472915 0.038046820288472304 0.08896965809894583
0 0.13482828846899303 0.0453960716350991 0.05221842306201396 0.0907921432701982
0 0.1761618032866319 0.04766156718647482 0.050801393426736216 0.09532313437294963
0 0.26120895051309023 0.050630058289226246 0.05258209897381949 0.10126011657845249
0 0.3470918991263194 0.05122296589388048 0.052691201747361215 0.10244593178776096
0 0.4352094949660069 0.05290816475329172 0.04956620174736113 0.10581632950658344
0 0.5208378704409722 0.05779794735794595 0.0495662017473613 0.1155958947158919
0 0.6051037676674305 0.05842268846069739 0.0495662017473613 0.11684537692139478
0 0.7344639593468054 0.0668560112943444 0.04800370174736131 0.11747134288963734
0 0.9400411589099651 0.08735821779668475 0.051310539703263915 0.12541117688202613
0 0.9765780709540625 0.09367454338611654 0.043498039703263915 0.12509284190105419