0 0.029389069657932754 0.20538531701165802 0.05877813931586551 0.16110436597668398
0 0.23319054889768606 0.14510697737997583 0.06704953163466157 0.15461756763635798
0 0.2820100508748524 0.13206160310492207 0.07036553262324477 0.159541865976684
0 0.33692038536153285 0.12244888214921623 0.07530770060802236 0.16614706348717306
0 0.3881473043348936 0.10766340911891796 0.07323586463846717 0.15352866431701004
0 0.4417498068063515 0.09191908733337514 0.07011086463846716 0.15329186597668398
0 0.09011041646472176 0.38804260642891436 0.07425453657757748 0.17852866431700995
0 0.1412736684418881 0.3748196333986161 0.07744320357377185 0.1803279626573361
0 0.3564649283277198 0.3117831466713633 0.07100220258518863 0.175166865976684
0 0.017644485399807654 0.6071846153519841 0.03528897079961531 0.15582487012586874
0 0.05433078946896489 0.5971458419067673 0.06854836463846718 0.15317346680652086
0 0.10464912444993683 0.5855445684615506 0.06905770060802233 0.16567346680652087
0 0.21328929540046393 0.5570625257203019 0.07218270060802237 0.16591026514684692
0 0.32280621684528266 0.5261775333939717 0.07530770060802236 0.16614706348717298
0 0.3770308018262546 0.5142802620233473 0.07737953657757748 0.178765462657336
0 0.6424130627006696 0.4427675018508778 0.07361786661563344 0.16290366431701014
0 0.746111065666419 0.42089065662011826 0.07062020060802236 0.16579186597668388
0 0.12459291543895754 0.7841946333986162 0.07568970258518867 0.17552206348717297
0 0.17891300091422108 0.7699536120279917 0.07763420456235504 0.185015462657336
0 0.3413785088228865 0.7202584975012003 0.07530770060802236 0.16614706348717298
0 0.45248976376580236 0.688473856004707 0.07856003460041112 0.16950886182749905
0 0.5603486847163295 0.66005101284854 0.07349053262324468 0.15977866431700996
0 0.6137920196973013 0.6482129410629971 0.07438187056996633 0.18165366431700997
0 0.8221284431192863 0.6004938010163965 0.07568970258518855 0.17552206348717297
0 0.137693798823324 0.9405271437715783 0.06938135277546911 0.09716026514684692
0 0.6383914771882249 0.8472890584895737 0.07243736859279988 0.17216026514684693
0 0.6912127296596828 0.8316039362891123 0.06931236859280006 0.17192346680652087
0 0.7431572316368491 0.8183217636737325 0.07450920456235507 0.18477866431700996
0 0.7956919826254324 0.8096678914732713 0.07431820357377195 0.18009116431701022
0 0.8494536525873763 0.7900173196877285 0.07737953657757757 0.178765462657336