0 0.259375 0.08359375 0.0375 0.125
0 0.303125 0.08359375 0.034375 0.1109375
0 0.4734375 0.08671875 0.040625 0.125
0 0.5546875 0.09375 0.0375 0.128125
0 0.215625 0.2359375 0.0375 0.125
0 0.2578125 0.23984375 0.0328125 0.125
0 0.3015625 0.23984375 0.0359375 0.11875
0 0.2140625 0.39609375 0.0375 0.125
0 0.2578125 0.403125 0.0328125 0.125
0 0.3453125 0.403125 0.0375 0.125
0 0.43125 0.39921875 0.0359375 0.125
0 0.4734375 0.39921875 0.034375 0.121875
0 0.515625 0.39921875 0.034375 0.121875
0 0.559375 0.403125 0.0375 0.125
0 0.7296875 0.39609375 0.0359375 0.1171875
0 0.771875 0.39609375 0.0375 0.121875
0 0.8171875 0.3921875 0.0375 0.125
0 0.9046875 0.38515625 0.0359375 0.11875
0 0.95 0.378125 0.0375 0.128125
0 0.2578125 0.5625 0.034375 0.125
0 0.4328125 0.565625 0.034375 0.1359375
0 0.475 0.56953125 0.034375 0.146875
0 0.5171875 0.5625 0.0359375 0.1390625
0 0.5578125 0.559375 0.0359375 0.125
0 0.6015625 0.55546875 0.0375 0.128125
0 0.2125 0.721875 0.0375 0.125
0 0.25625 0.721875 0.034375 0.128125
0 0.2984375 0.71875 0.0375 0.121875
0 0.2984375 0.88515625 0.0328125 0.1328125
0 0.34375 0.88515625 0.0359375 0.125
0 0.384375 0.8890625 0.0375 0.128125