0 0.25866442333557593 0.9557808343929892 0.08123671189493056 0.06483803218308673
0 0.4723241316124619 0.9032028655676697 0.08829229534115868 0.14005655347041
0 0.7770725073476309 0.7932880081226463 0.08277927973732649 0.1536820108957631
0 0.9258099004956545 0.7287834756874579 0.08812187697836435 0.16650979282674855
0 0.40879614088471605 0.7233786077739996 0.08771244120271571 0.15869729282674855
0 0.8087441519659924 0.5597599601001176 0.08458744120271575 0.1584787715394249
0 0.9564408480319779 0.5094271883085911 0.08711830393604422 0.15557229282674853
0 0.08012118498267926 0.631097180690148 0.0913287641334942 0.16829081411407198
0 0.12971507123329787 0.6048899597711415 0.08952060266810494 0.16349405347041035
0 0.18440589325956522 0.58616745692115 0.08771244120271567 0.15869729282674855
0 0.3444083350281078 0.5271480999803295 0.08458744120271566 0.1584787715394249
0 0.8397983208946137 0.32941154239941994 0.0792448439616777 0.14565098960843983
0 0.970918888228983 0.2781718344698638 0.05816222354203404 0.14208894703379293
0 0.5810297512431954 0.20950250602895934 0.08984815128862386 0.1697440534704102
0 0.6813639439162491 0.17896306419094654 0.08771244120271575 0.15869729282674844
0 0.8747144742194024 0.1129071034113988 0.07760045680654812 0.14397922896477805
0 0.02729391960598964 0.22156364356338268 0.039193054047585926 0.1537477128732347
0 0.21431588478028055 0.13948384503665096 0.0913287641334942 0.16829081411407193
0 0.31752941598794504 0.10403838191131473 0.08458744120271566 0.158478771539425
0 0.4173722857302202 0.07050978792150722 0.08434177973732648 0.14101957584301444
0 0.7185762596109384 0.0176966903254035 0.0809025192218769 0.035393380650807