0 0.0921875 0.10078125 0.034375 0.125
0 0.30625 0.09375 0.0328125 0.125
0 0.6921875 0.10078125 0.0359375 0.125
0 0.7296875 0.10078125 0.0375 0.121875
0 0.815625 0.10078125 0.034375 0.125
0 0.98125 0.25703125 0.0375 0.125
0 0.653125 0.253125 0.0375 0.121875
0 0.39375 0.25703125 0.0375 0.115625
0 0.3515625 0.253125 0.0375 0.115625
0 0.1296875 0.26015625 0.0421875 0.11875
0 0.090625 0.2640625 0.0359375 0.125
0 0.125 0.4234375 0.0359375 0.1328125
0 0.1703125 0.4234375 0.0375 0.128125
0 0.39375 0.5796875 0.0375 0.11875
0 0.74375 0.5765625 0.0328125 0.121875
0 0.871875 0.57265625 0.0375 0.125
0 0.4828125 0.73984375 0.0359375 0.128125
0 0.259375 0.75 0.0375 0.125
0 0.165625 0.75703125 0.0375 0.1328125
0 0.078125 0.9203125 0.0359375 0.128125
0 0.1203125 0.9234375 0.040625 0.1390625
0 0.25625 0.9234375 0.0375 0.1390625
0 0.35 0.91640625 0.0390625 0.1390625
0 0.390625 0.91640625 0.040625 0.1390625
0 0.4375 0.91640625 0.0375 0.1390625
0 0.484375 0.91328125 0.0390625 0.1421875
0 0.571875 0.909375 0.0390625 0.1359375
0 0.6609375 0.903125 0.0375 0.1390625
0 0.7046875 0.90625 0.0359375 0.1359375
0 0.7484375 0.90625 0.0359375 0.1328125
0 0.7921875 0.903125 0.0390625 0.1359375
0 0.8375 0.903125 0.0421875 0.1421875
0 0.878125 0.89921875 0.0375 0.153125