0 0.0515625 0.22890625 0.0375 0.128125
0 0.1015625 0.08359375 0.040625 0.121875
0 0.225 0.0796875 0.0359375 0.1109375
0 0.3015625 0.0765625 0.0359375 0.115625
0 0.346875 0.0796875 0.0328125 0.1046875
0 0.3875 0.0796875 0.034375 0.121875
0 0.428125 0.0796875 0.034375 0.121875
0 0.5125 0.0765625 0.0375 0.128125
0 0.1734375 0.22890625 0.0390625 0.128125
0 0.215625 0.22890625 0.0421875 0.125
0 0.259375 0.22578125 0.0375 0.121875
0 0.3 0.221875 0.0328125 0.121875
0 0.0390625 0.371875 0.0390625 0.128125
0 0.0796875 0.378125 0.0421875 0.128125
0 0.125 0.375 0.040625 0.128125
0 0.2515625 0.371875 0.0375 0.128125
0 0.2953125 0.36796875 0.0359375 0.128125
0 0.334375 0.378125 0.0328125 0.125
0 0.378125 0.378125 0.0390625 0.128125
0 0.4265625 0.375 0.0421875 0.1390625
0 0.0296875 0.534375 0.0453125 0.128125
0 0.2921875 0.534375 0.040625 0.1359375
0 0.5578125 0.52109375 0.0484375 0.1328125
0 0.7265625 0.534375 0.053125 0.1421875
0 0.0625 0.69453125 0.034375 0.125
0 0.8203125 0.528125 0.0328125 0.1171875
0 0.865625 0.53125 0.0375 0.128125
0 0.90625 0.52421875 0.0375 0.128125
0 0.1046875 0.69453125 0.0375 0.1328125
0 0.1953125 0.69765625 0.0328125 0.1328125
0 0.2375 0.7015625 0.0359375 0.121875
0 0.421875 0.690625 0.040625 0.1359375
0 0.5109375 0.69453125 0.0421875 0.1390625
0 0.55625 0.690625 0.0390625 0.1359375
0 0.6484375 0.69765625 0.04375 0.15
0 0.6921875 0.69765625 0.0359375 0.1421875
0 0.7375 0.69765625 0.0328125 0.125
0 0.784375 0.690625 0.0390625 0.1359375
0 0.91875 0.7015625 0.04375 0.1421875
0 0.0546875 0.86796875 0.040625 0.146875
0 0.2359375 0.86796875 0.0390625 0.146875
0 0.278125 0.871875 0.0359375 0.1421875
0 0.5578125 0.86484375 0.0359375 0.1390625
0 0.6015625 0.86796875 0.0390625 0.1359375