0 0.5946406739664083 0.03828125 0.07013082973421944 0.0703125
0 0.7287746445090442 0.07109375 0.06856832973421945 0.0703125
0 0.35428338911037327 0.1765625 0.11075343460686646 0.1921875
0 0.42252224938169114 0.19296875 0.11271645280546387 0.1984375
0 0.49237367442783364 0.21015625 0.11115395280546388 0.1984375
0 0.6305140245201187 0.24453125 0.11075343460686646 0.1921875
0 0.7646479950627546 0.27734375 0.10919093460686646 0.1921875
0 0.8340989019102999 0.28828125 0.10420304595791867 0.1875
0 0.07150207895902709 0.628125 0.07471580505721716 0.190625
0 0.32845178824289584 0.7 0.11115395280546378 0.1984375
0 0.39590939851421375 0.71640625 0.11321710055371037 0.20625
0 0.9460213606543014 0.840625 0.10795727869139711 0.1984375
0 0.3572636104189762 0.91796875 0.08307092072720579 0.1015625
0 0.4961351457364366 0.9515625 0.08277053207825791 0.096875
0 0.700812153756001 0.97578125 0.07966651603912886 0.0484375