0 0.4150972190194782 0.3748097337187992 0.10359639077317442 0.10359639077317437
0 0.554495075194086 0.7625100503179997 0.0996525192218769 0.08780761646291495
0 0.7080804206261018 0.7902997783825894 0.12086577792830404 0.1060596494796016
0 0.29133989371385044 0.23871950474969839 0.0934025192218769 0.08748006784239584
0 0.2604927696761621 0.7529867226375228 0.07054487336031982 0.06758364767057934
0 0.5681259644969223 0.4875509938955645 0.10968261646291495 0.10079893939369348
0 0.5766898162605162 0.3538753567404348 0.11650582654882306 0.11206398801421233
0 0.5896512409548885 0.21062000169748069 0.11593261646291494 0.10112648801421235
0 0.4273293826325739 0.09680756445149385 0.10639384215265539 0.09751016508343388
0 0.28474025441101414 0.5133100689740496 0.09315685775648763 0.08279256784239593
0 0.42057701436063677 0.24051662087392897 0.10655761646291495 0.10063516508343388
0 0.28878038048486737 0.3767550932843091 0.0963637449116174 0.08451884215265534
0 0.5956256812530929 0.08175469527504553 0.11626016508343398 0.10737648801421237
0 0.25867024084334683 0.8769598111721335 0.08592421189493056 0.0637150192218769
0 0.2776536934660232 0.6336635125516145 0.09151247060135788 0.081148180687266
0 0.5548558440772787 0.9042881145423509 0.10639384215265543 0.09751016508343398
0 0.29410744685692525 0.11158047263752277 0.09701884215265535 0.09701884215265535
0 0.4026017045472997 0.7619002979431505 0.10038950361804458 0.10187011646291495
0 0.4153318351437088 0.5041287415207153 0.10326884215265539 0.09734639077317446
0 0.40623239484550416 0.63315782225341 0.10294129353213637 0.09109639077317447
0 0.5600567576903744 0.6266544374731294 0.10038950361804452 0.10187011646291495
0 0.3911585142490951 0.8910522094085398 0.0911030348257091 0.073335680687266
0 0.77997364375 0.6071461765625 0.6587057703125 0.6089844249999999 0.650989178125 0.7129497140625001 0.7753071078125 0.7168033281249999 0.77997364375 0.6071461765625
0 0.78814364375 0.46853120625000005 0.6667983734375 0.472583534375 0.6567743593750001 0.5772396328125 0.7784065640625 0.58075095625 0.78814364375 0.46853120625000005
0 0.7896949281250001 0.3292738734375 0.6723556390625001 0.33746403593749996 0.6636831234375 0.4429833515625 0.7843124031250001 0.4356678921875 0.7896949281250001 0.3292738734375
0 0.7980973109375 0.1840164640625 0.6727261078125 0.208228359375 0.67216555 0.3152175140625 0.7984239796875 0.29332517812500003 0.7980973109375 0.1840164640625