0 0.8248118876881725 0.9877058113041748 0.05666489926336595 0.02458837739165034
0 0.755843366400849 0.9883516567573979 0.059243596045057245 0.023296686485204176
0 0.6874211483318342 0.9804037522106208 0.06313342055068923 0.03919249557875837
0 0.48169567221704773 0.9869251415249675 0.05949496832111638 0.026149716950065027
0 0.903132901686029 0.8264317307935183 0.06579923466476104 0.18558655575957417
0 0.8387972500768747 0.8251086047305025 0.06601775595208466 0.18871155575957416
0 0.6311650665367351 0.8168025418439264 0.06921916560701077 0.2122766015172089
0 0.5639229362149042 0.8120993242656415 0.06801729852673173 0.19508910151720862
0 0.4911574255712424 0.8077309465356356 0.07078166560701078 0.2124041472748434
0 0.42593126331842635 0.8079065475938023 0.07390666560701079 0.21265923879011234
0 0.9274109078902152 0.5691294138240565 0.07325110174504026 0.20328423879011231
0 0.8577157669247226 0.5657973776093197 0.06798444753799586 0.21683655575957417
0 0.7872393759592301 0.5624015685157656 0.06398536238870207 0.2040814642443051
0 0.7169268759592301 0.5566620094222114 0.07089092625067259 0.21396664727484324
0 0.6453414530627521 0.5578899274498401 0.06954694753799603 0.21696410151720863
0 0.5024983892007817 0.5556582635050974 0.06842149011264294 0.22308655575957417
0 0.9439146189218646 0.29940684518760474 0.07078166560701078 0.21240414727484325
0 0.7339386853817249 0.29090946366457693 0.0755455752619369 0.23609673879011234
0 0.665150480554262 0.2970799732074747 0.08092149011264294 0.22410692182065048
0 0.5957831215197545 0.28906043699273787 0.06976546882531949 0.2200891015172087
0 0.5227990895887693 0.28781705926273193 0.0688913836760257 0.20758910151720872
0 0.678010385517611 0.09070242744984014 0.06272922896477802 0.07503169303247784
0 0.6083152445521184 0.08737039123510332 0.06774451089576328 0.08010183030538143
0 0.5308076035866257 0.08340062623219383 0.07265053218308673 0.08360946757828502
0 0.461604135517611 0.073037340017457 0.06429172896477801 0.07515923879011235
0 0.13444860366350037 0.8076843095525961 0.07023536238870207 0.20459164727484308
0 0.06112036430716208 0.800127158943773 0.0733603623887021 0.20484673879011234
0 0.21490555405148792 0.5447536169791601 0.07023536238870207 0.20459164727484325
0 0.1430305540514879 0.5388865121279716 0.0677659262506725 0.21371155575957418
0 0.0697569450169805 0.5305481115191484 0.08259325075630464 0.22579696757828494
0 0.018226204071158374 0.5279335524255944 0.03645240814231675 0.22047173879011234
0 0.31016732165564054 0.07010417440572433 0.06861859604505716 0.09260183030538141
0 0.23533121262113316 0.06163822803926664 0.06527507475773371 0.08922173879011233