0 0.8633981186616666 0.004641789850768299 0.14072203628657398 0.009283579701536598
0 0.8694327966541666 0.025667285904514413 0.14072203628657398 0.051334571809028826
0 0.883348325165046 0.062409308725436374 0.1409954383600926 0.06572995776545087
0 0.8935626552310645 0.10735778767874897 0.13800713939685175 0.06711044724210717
0 0.9077515858154627 0.15286000347788195 0.14126884043361088 0.06885495776545088
0 0.9376731774036106 0.43527068507614786 0.12465364519277884 0.06654900512049763
0 0.9510466827288189 0.5266846403519372 0.09790663454236218 0.06747446828879458
0 0.9756204654103696 0.7756835824735469 0.0487590691792608 0.06785389988706055
0 0.9828854527337029 0.8763283245810392 0.03422909453259422 0.04414338410204479
0 0.6982611342130555 0.021161067403958338 0.13603453628657397 0.042322134807916675
0 0.704159111168796 0.05164465592519124 0.13888613421305535 0.05938895250377903
0 0.723151701885231 0.1879538822476679 0.12964783524981485 0.0604054209337479
0 0.7378771661643049 0.2844648612009805 0.1377337373233333 0.06398544724210717
0 0.7480914962303233 0.3294133401542931 0.14072203628657398 0.06260495776545091
0 0.7797207879835175 0.466557024383395 0.137597036286574 0.062422947242107264
0 0.8522074000007855 0.7834946244257474 0.11999943317629622 0.056734389363716886
0 0.5244620492460647 0.04405050575578203 0.14214783524981467 0.06113346302712273
0 0.5413556062678238 0.12944197418575093 0.11999943317629622 0.056734389363716844
0 0.5515015858154626 0.17360920313906353 0.12794863421305536 0.05875191567207607
0 0.561607900612916 0.2711744478773917 0.12496033524981484 0.060132405148732374
0 0.6044378239872676 0.45556485842897027 0.12496033524981484 0.06013240514873246
0 0.6830855445814334 0.8608747137329944 0.12496033524981467 0.06013240514873246
0 0.35613171427907386 0.07662632927801358 0.13107363421305546 0.058933926195419775
0 0.36230309330833305 0.12023982138550582 0.13787043836009244 0.06554794724210718
0 0.37913857026407377 0.1600912766612951 0.11999943317629622 0.056734389363716796
0 0.3827317534403699 0.210136779292131 0.1409954383600925 0.06572995776545083
0 0.38982108350638833 0.2552672687687873 0.14126884043361104 0.06885495776545092
0 0.41377457629634173 0.39442847930624847 0.14425713939685175 0.06747446828879458
0 0.4320064579174991 0.44126568195120175 0.129784536286574 0.06196792093374803
0 0.43817783694675827 0.48487917405869396 0.13304623732333315 0.06371243145709152
0 0.19040826093324043 0.15694940806191698 0.14099543836009248 0.06572995776545083
0 0.24551259184773064 0.42778555282847996 0.14072203628657398 0.06260495776545091
0 0.27636063360092483 0.5649747396884178 0.12509703628657398 0.06169490514873246
0 0.296271175354119 0.7028009633800586 0.13576113421305544 0.05920694198043534
0 0.3344532634786558 0.8340663739316373 0.12781193317629622 0.05718941567207594
0 0.34679602153717415 0.9212933581466217 0.13277283524981467 0.06058743145709187
0 0.05211744901050898 0.14694361845820375 0.0831829383600925 0.062362763083592475
0 0.05878640551388844 0.2321453710890397 0.08121033524981472 0.05758425782192056