0 0.0008573020653036631 0.8422700680258309 0.0017146041306073262 0.16266513605166183
0 0.02916572851751837 0.854616955331134 0.05833145703503674 0.17410274122451136
0 0.06792975475066286 0.8601144490629279 0.08489890871793263 0.1739663489046432
0 0.22607321885789142 0.8913370199917526 0.08705340456874777 0.18182431301126628
0 0.27835776927281 0.8936413175636126 0.0785305095477696 0.17222199247815267
0 0.3334829771562612 0.910121775402029 0.08681660622842173 0.17869931301126626
0 0.6541972962425117 0.9443998355103013 0.08182053029369403 0.11120032897939751
0 0.7108024937530008 0.9405079573761981 0.08565592531467203 0.11898408524760384
0 0.020035199785574172 0.6459179052519918 0.040070399571148343 0.16298338479802066
0 0.05195324770169295 0.6576426669304742 0.07829371120744358 0.16909699247815269
0 0.1601442560000627 0.676450154394062 0.08250761452679142 0.16298338479802066
0 0.32387486927745435 0.7062693496960661 0.08165550954776961 0.17231292069139795
0 0.15202779314223397 0.4632454607414104 0.0785305095477696 0.17222199247815267
0 0.2575198539301147 0.48667225204506404 0.08215241701630242 0.15829588479802065
0 0.31204141056881046 0.5007862278301692 0.07902741701630242 0.1582049565847754
0 0.3691910597389735 0.5008831677218971 0.0898232070582587 0.17722774122451135
0 0.42328656388815833 0.510286911453691 0.08693500539858476 0.18026181301126593
0 0.4793706205268542 0.5244463513454188 0.0913857070582587 0.17727320533113405
0 0.5896685804848978 0.5464470349689405 0.1026550937808672 0.2025459899708702
0 0.6454449838042458 0.554333742807357 0.09053360207923689 0.18660274122451134
0 0.7009253891981861 0.5661267006457736 0.09569469875988901 0.1929891335443795
0 0.9226577566247627 0.6054632999461284 0.0808034045687478 0.1816424565847754
0 0.03553383568298997 0.22652304757185981 0.07106767136597994 0.1829321719450392
0 0.0840277674219321 0.22402618487716291 0.09171759378086708 0.20222774122451134
0 0.4157145526900036 0.3002299498543507 0.08932629958972593 0.19124477711788873
0 0.4686736093286994 0.3142984615328332 0.09342180373891082 0.18356866943775668
0 0.6403351217762541 0.3427824773679508 0.0913857070582587 0.17727320533113405
0 0.7565637730210095 0.34851330331134056 0.09569469875988883 0.1929891335443795
0 0.8126478296597053 0.3626727432030684 0.09881969875988901 0.19308006175762485
0 0.8729933338088902 0.372258343361353 0.10000369046151932 0.20870506175762477
0 0.4045322894172564 0.0861530779884538 0.09406042116548723 0.15084709765100207
0 0.5215538460559521 0.1020856180384662 0.09751730788809568 0.17589256175762474
0 0.6271643060139959 0.12394990934211988 0.09365860207923689 0.18669366943775673
0 0.9253524296643498 0.17725573192029734 0.09162250539858477 0.18039820533113407
0 0.9652670346433716 0.18781279869248707 0.05881000539858476 0.17944345909205778