0 0.05234375 0.0984375 0.0328125 0.134375
0 0.25625 0.075 0.0328125 0.1203125
0 0.29765625 0.07578125 0.034375 0.121875
0 0.3421875 0.07421875 0.0328125 0.125
0 0.38671875 0.07421875 0.0390625 0.125
0 0.47734375 0.07265625 0.0390625 0.1203125
0 0.51796875 0.0703125 0.034375 0.121875
0 0.56328125 0.06796875 0.0359375 0.121875
0 0.65078125 0.06796875 0.0375 0.121875
0 0.34453125 0.2359375 0.0359375 0.13125
0 0.43203125 0.23828125 0.0359375 0.1375
0 0.56015625 0.2328125 0.0375 0.1375
0 0.60859375 0.23359375 0.0359375 0.13125
0 0.696875 0.2328125 0.0375 0.1296875
0 0.7421875 0.22734375 0.0390625 0.1421875
0 0.25703125 0.2328125 0.03125 0.1375
0 0.16875 0.5703125 0.0375 0.1390625
0 0.2125 0.5703125 0.034375 0.121875
0 0.2546875 0.57421875 0.0375 0.1296875
0 0.2984375 0.571875 0.034375 0.1296875
0 0.3421875 0.56796875 0.0359375 0.134375
0 0.38828125 0.57109375 0.0390625 0.1359375
0 0.4734375 0.5671875 0.0390625 0.1328125
0 0.51796875 0.5671875 0.0375 0.1328125
0 0.61015625 0.5640625 0.0390625 0.1375
0 0.7453125 0.559375 0.0390625 0.1359375
0 0.0828125 0.740625 0.0375 0.1296875
0 0.12265625 0.7390625 0.0328125 0.1328125
0 0.1640625 0.7421875 0.0390625 0.1375
0 0.2078125 0.73515625 0.0375 0.1359375
0 0.253125 0.74140625 0.0390625 0.146875
0 0.43125 0.73671875 0.0390625 0.1484375
0 0.475 0.73515625 0.0375 0.146875
0 0.5640625 0.73671875 0.0390625 0.1484375
0 0.61015625 0.734375 0.034375 0.1390625
0 0.6546875 0.74140625 0.0375 0.1359375
0 0.69921875 0.73828125 0.0390625 0.1421875
0 0.29453125 0.90859375 0.0359375 0.13125
0 0.3390625 0.90625 0.0390625 0.1328125
0 0.38203125 0.90390625 0.0390625 0.140625
0 0.428125 0.90859375 0.040625 0.1375
0 0.5203125 0.9078125 0.0375 0.146875
0 0.7046875 0.9078125 0.0359375 0.146875
0 0.75078125 0.91796875 0.04375 0.1453125
0 0.84296875 0.90390625 0.040625 0.140625