0 0.9668997192273604 0.7614452337606589 0.031287674011944586 0.06944098423243066
0 0.9576546186380203 0.6218924244901033 0.05610583605604162 0.062210365691319505
0 0.9384539430105552 0.44040668835781166 0.10301720364722229 0.06486389342673622
0 0.9348392869503815 0.3944220411313534 0.10447060087368029 0.060212761017916706
0 0.9210138295034372 0.3510175332475686 0.11239220364722229 0.06508209897381949
0 0.9135656586256248 0.30199880499906173 0.10770470364722229 0.06497299620027785
0 0.8596464505130903 0.035430207259513166 0.10447060087368029 0.06021276101791675
0 0.8495272213146527 0.01102058045336772 0.10407055737069441 0.02204116090673544
0 0.8657716706903813 0.8457858258006242 0.1422251740119446 0.07202308320625014
0 0.855089397039027 0.8015273327344785 0.13753767401194433 0.07191398043270851
0 0.8514747409788536 0.7555426855080201 0.14854790919430555 0.07529355357097227
0 0.8423549673274995 0.7112478248506937 0.13433993882958326 0.06871624525034736
0 0.8278028112673258 0.6655177507624993 0.14545927678548623 0.07678331838861112
0 0.8182843005337496 0.5712592576963534 0.13590243882958353 0.06875261284152785
0 0.807638394473576 0.5254382646302076 0.1423706443766668 0.07827308320625015
0 0.789943054617812 0.4805621757243744 0.14218880642076392 0.07046058320625015
0 0.7793516999444093 0.43239743265822855 0.1548706443766667 0.07856402393569457
0 0.7710131762930552 0.3880843882053119 0.13590243882958344 0.06875261284152794
0 0.7635650054152429 0.33906565995680493 0.13906380642076394 0.070387848023889
0 0.6627765701010411 0.7107425978364578 0.15011040919430557 0.07532992116215294
0 0.6506227154276383 0.6626142223614926 0.1453865416031249 0.07365831838861112
0 0.6407580593674648 0.6167750454997564 0.14545927678548623 0.0767833183886113
0 0.6179582986338884 0.5228256769586453 0.15011040919430557 0.07532992116215294
0 0.6151612601648955 0.4752603459365966 0.14545927678548623 0.07678331838861112
0 0.5864394609623261 0.3338183815557981 0.15011040919430557 0.07532992116215294
0 0.5718327535153817 0.2904320574676037 0.14854790919430555 0.07529355357097237
0 0.5545744779641665 0.19323040235736064 0.14073540919430555 0.07511171561506957
0 0.5430927705172222 0.14977134308680512 0.15011040919430557 0.07532992116215294
0 0.5363531144570486 0.1038594310427079 0.14862064437666672 0.07841855357097235
0 0.51262663335875 0.022997169643541482 0.1466217332825 0.045994339287082964
0 0.5191674679930894 0.9428673796559369 0.15799564437666672 0.07863675911805572
0 0.5092118929549645 0.9009344527942009 0.1611206443766667 0.07870949430041704
0 0.49780292069038123 0.8543503935236455 0.1486206443766669 0.07841855357097245
0 0.4848678160169785 0.8062402018442704 0.15952177678548624 0.07711062670923638
0 0.4729873714878119 0.7128175101648955 0.14382404160312506 0.07362195079743081
0 0.46477613440558974 0.6630357157119787 0.15323540919430562 0.07540265634451408
0 0.4565648973233675 0.6132539212590621 0.1548706443766667 0.07856402393569457
0 0.4506428588543745 0.5657613254193746 0.1517456443766667 0.07849128875333342
0 0.4214658115516663 0.4774261772429858 0.15944904160312506 0.07398562670923639
0 0.3983036813270483 0.3319506762930552 0.15803201196784739 0.08019925911805573
0 0.3546855403688541 0.09247125541524276 0.15639677678548614 0.07703789152687512
0 0.3463833843086805 0.0465957109623261 0.14218880642076392 0.07046058320625012
0 0.294607145139166 0.7614764817638886 0.15803201196784727 0.08019925911805573
0 0.2876687737482634 0.657007187310972 0.14545927678548623 0.07678331838861112
0 0.26999161768808977 0.6113498484051387 0.16112064437666673 0.0787094943004167
0 0.2593457116279162 0.5655288553389928 0.15011040919430566 0.07532992116215294
0 0.2373272008943399 0.4715613030022915 0.15181837955902783 0.08161628875333342
0 0.22017802811666637 0.3696721478920484 0.15810474715020834 0.08332425911805572
0 0.20722473964767332 0.3223432062126734 0.14862064437666672 0.07841855357097235
0 0.1867869127096873 0.2275580362847915 0.1737297471502084 0.0836879350298613
0 0.17852112424069427 0.18011999183187485 0.15639677678548622 0.07703789152687515
0 0.15931783577170128 0.1329365205172221 0.1737297471502084 0.08368793502986124
0 0.14491235040190892 0.9531399177436803 0.1533081443766667 0.07852765634451372
0 0.07614813891616296 0.6096457973027083 0.1522962778323259 0.08168902393569458
0 0.07077972639710048 0.5645878704409721 0.14155945279420096 0.07540265634451408
0 0.05241321913045125 0.3666595167174999 0.1048264382609025 0.07918096656500015
0 0.040295732048229074 0.26618739124253465 0.08059146409645815 0.07700021751493065