0 0.829046629684887 0.10050196188736882 0.03976245764913067 0.12076703333863614
0 0.44002451541989807 0.23236377327341184 0.04761131908544911 0.12710794000636333
0 0.7241949823406066 0.2642110205681409 0.04458631303532492 0.1442590773392724
0 0.9865359010567133 0.2885003065325062 0.02412836729005079 0.1190227200031817
0 0.09770013915285672 0.3941488946530915 0.04765677088084712 0.13492044000636333
0 0.14221320843469748 0.3967557266470464 0.04765677088084717 0.1349204400063634
0 0.18985127771653826 0.3993261959739103 0.04771131303532483 0.1442954400063634
0 0.37727400966436153 0.4104256859484569 0.04925563231716561 0.14118862133990878
0 0.5662183349963265 0.4285382445894581 0.04772949375348397 0.1474204400063634
0 0.6979445370863122 0.6137115812380953 0.04290563836728971 0.12392839600572714
0 0.0690786728213233 0.7483642273233642 0.05077268052176751 0.13339430267345415
0 0.11359174210316407 0.7509710593173189 0.05077268052176751 0.13339430267345415
0 0.15964458548730578 0.7574659599777283 0.05236245159900639 0.1380999840069997
0 0.5399587993829523 0.7796013052594125 0.04764768052176756 0.13335794000636342
0 0.5867974379466337 0.7853058652530491 0.04921018052176755 0.13337612133990878
0 0.6383099409716959 0.7932996312460494 0.04765677088084708 0.1349204400063634
0 0.7327821036376785 0.8023559105665502 0.05089085518980241 0.1537068026734544
0 0.9623741548673423 0.8160895045353695 0.03040563836728971 0.12378294533736352
0 0.38042874239775165 0.942384210614275 0.050554511903856715 0.09589430267345449
0 0.4757185165000526 0.945181399268003 0.044322692622015936 0.09894657733927233
0 0.7717349984478759 0.9550172865611412 0.04573065651766246 0.07240225867281787
0 0.9162253418320176 0.9603667632081876 0.04408634328594587 0.058321577339272325