0 0.855711797460262 0.09510943091072094 0.14911211179556502 0.07004719764227281
0 0.8644196201482675 0.20421251688027606 0.1476041754978959 0.07154603064607841
0 0.8680332042690185 0.25756035136695643 0.15854167549789588 0.07199169961943915
0 0.8951041026402544 0.5129309422794275 0.15379961179556503 0.07023819863085592
0 0.9060614168907396 0.7144443627356629 0.1429166754978958 0.0713550296574951
0 0.9152131836809623 0.8556423657014125 0.11457342068857272 0.06395902372599593
0 0.6727579098039813 0.22613264334456035 0.15067461179556502 0.07011086463846719
0 0.6907117577197303 0.3841188982874762 0.13801092068857254 0.06491402866891197
0 0.6935986555428121 0.4358723992760593 0.1443154843909035 0.06673119665368965
0 0.7177826560909663 0.6394894891999472 0.1349404843909033 0.06634919467652338
0 0.7246576494675443 0.6890584076790164 0.13801092068857254 0.06491402866891213
0 0.7283803609929569 0.7392812421656967 0.13806548439090333 0.06647652866891214
0 0.44672866706037545 0.04480309440969316 0.14404266587924913 0.058918696653689616
0 0.4821204969199571 0.3083363538012333 0.13806548439090333 0.06647652866891204
0 0.5373634913928435 0.7651394521280782 0.14442461179556504 0.06985619665368965
0 0.5504686374018266 0.8603392055881193 0.1426438569862416 0.0635425296574951
0 0.5559869727037039 0.9826028888587549 0.12836310217691818 0.03479422228249014
0 0.29032237731984367 0.33416273026551757 0.1411904843909034 0.06660386266130089
0 0.2867360750502582 0.2800336457788372 0.14124504809323427 0.0681663626613009
0 0.3267682756910796 0.5899153231551549 0.13801092068857254 0.06491402866891213
0 0.32892848721649226 0.6400744906456408 0.13801092068857254 0.06491402866891213
0 0.339471628416152 0.7414287436113904 0.14442461179556512 0.06985619665368965
0 0.07639877577589764 0.2542511012925943 0.14447917549789593 0.07141869665368965
0 0.16217746371802927 0.8672060405319101 0.14431548439090341 0.06673119665368965