0 0.02859260430207109 0.1497233104705813 0.05718520860414218 0.2275716209411626
0 0.3285362828744412 0.16125074025747207 0.07086942775829588 0.21211026217486464
0 0.7033862784102143 0.17639013960555366 0.06607283360249454 0.2057784415580136
0 0.028427188718639813 0.42945172077900684 0.05685437743727963 0.21202844155801367
0 0.10114807386655719 0.4284580109570486 0.0755569277582959 0.21219208279171564
0 0.7056173855549545 0.4515128705308302 0.06607283360249454 0.20577844155801356
0 0.77753329586338 0.4504237033225459 0.06607283360249454 0.20577844155801356
0 0.92284579586338 0.45296014244492744 0.06278419236879244 0.19634889448011297
0 0.3343837191607443 0.7216797256469756 0.06763533360249455 0.20580571509696383
0 0.48750871916074434 0.7243525324641087 0.06637284253094826 0.22296594155801372
0 0.6391666765470705 0.7215293157422918 0.07399442775829605 0.21216480925276535
0 0.02657476786020277 0.9469840941558013 0.05314953572040554 0.10603181168839733
0 0.8594580369382216 0.9487905606708045 0.06120232710967279 0.10241887865839097
0 0.9352938340161222 0.9478962623750877 0.05963982710967279 0.10420747524982446