0 0.19921875 0.2390625 0.0359375 0.1296875
0 0.23984375 0.240625 0.034375 0.125
0 0.28203125 0.24140625 0.0390625 0.11875
0 0.328125 0.246875 0.034375 0.1265625
0 0.3734375 0.2546875 0.0359375 0.1234375
0 0.4140625 0.2546875 0.0359375 0.1234375
0 0.5359375 0.2640625 0.03125 0.1109375
0 0.5765625 0.26171875 0.03125 0.11875
0 0.61640625 0.26640625 0.03125 0.1171875
0 0.32578125 0.396875 0.0359375 0.11875
0 0.3671875 0.4 0.0359375 0.125
0 0.4109375 0.40234375 0.0328125 0.115625
0 0.45234375 0.403125 0.0359375 0.1265625
0 0.49453125 0.4046875 0.0359375 0.109375
0 0.5375 0.4078125 0.0375 0.121875
0 0.321875 0.5484375 0.0359375 0.121875
0 0.36484375 0.553125 0.0375 0.1203125
0 0.53984375 0.55859375 0.0375 0.125
0 0.62421875 0.559375 0.0359375 0.1359375
0 0.66484375 0.55859375 0.0375 0.125
0 0.27109375 0.7109375 0.0375 0.121875
0 0.315625 0.7171875 0.0359375 0.125
0 0.3625 0.71875 0.0390625 0.125
0 0.40625 0.71875 0.0375 0.125
0 0.45 0.71796875 0.0375 0.1234375
0 0.1296875 0.88828125 0.040625 0.1390625
0 0.17265625 0.89375 0.040625 0.1375
0 0.2203125 0.88828125 0.040625 0.1421875
0 0.628125 0.89140625 0.0390625 0.1421875
0 0.58125 0.7234375 0.0359375 0.125
0 0.58125 0.56015625 0.0390625 0.1234375
0 0.6546875 0.125 0.03125 0.1125
0 0.69375 0.12421875 0.0328125 0.1140625
0 0.7359375 0.12421875 0.0328125 0.1109375
0 0.77734375 0.12734375 0.034375 0.1171875
0 0.81640625 0.1265625 0.034375 0.1140625
0 0.8953125 0.12734375 0.0328125 0.1140625
0 0.7828125 0.26875 0.0359375 0.109375
0 0.86171875 0.2703125 0.0375 0.121875
0 0.7046875 0.4109375 0.0328125 0.1125
0 0.74609375 0.4109375 0.034375 0.1125
0 0.8734375 0.41171875 0.0390625 0.125
0 0.91328125 0.41640625 0.034375 0.1234375
0 0.95234375 0.41640625 0.0328125 0.1171875
0 0.70859375 0.56328125 0.0359375 0.121875
0 0.834375 0.56875 0.03125 0.121875
0 0.87734375 0.56796875 0.0421875 0.1203125
0 0.96484375 0.5671875 0.0390625 0.121875
0 0.7578125 0.725 0.0375 0.11875
0 0.92734375 0.72734375 0.0359375 0.121875
0 0.96875 0.7265625 0.0375 0.1234375
0 0.7609375 0.88671875 0.0359375 0.1203125
0 0.809375 0.89140625 0.0375 0.11875
0 0.93671875 0.89140625 0.0390625 0.134375