0 0.2671875 0.08671875 0.03125 0.096875
0 0.378125 0.090625 0.028125 0.096875
0 0.190625 0.21875 0.03125 0.1046875
0 0.228125 0.21875 0.0296875 0.1015625
0 0.3046875 0.21875 0.0296875 0.090625
0 0.4140625 0.22578125 0.0296875 0.096875
0 0.634375 0.22890625 0.028125 0.1015625
0 0.03125 0.34375 0.034375 0.1046875
0 0.0703125 0.34375 0.03125 0.1109375
0 0.2640625 0.3578125 0.03125 0.1015625
0 0.3015625 0.3578125 0.03125 0.1015625
0 0.3375 0.3609375 0.028125 0.103125
0 0.3765625 0.3609375 0.03125 0.103125
0 0.4140625 0.3609375 0.0296875 0.103125
0 0.028125 0.48984375 0.0296875 0.115625
0 0.0671875 0.48984375 0.03125 0.1109375
0 0.3734375 0.496875 0.03125 0.096875
0 0.4125 0.496875 0.028125 0.096875
0 0.5234375 0.503125 0.0296875 0.1046875
0 0.559375 0.503125 0.0296875 0.1046875
0 0.596875 0.503125 0.0296875 0.1015625
0 0.634375 0.503125 0.03125 0.1015625
0 0.0609375 0.621875 0.0265625 0.0859375
0 0.103125 0.63515625 0.034375 0.1015625
0 0.2609375 0.63203125 0.0328125 0.090625
0 0.446875 0.6421875 0.03125 0.096875
0 0.5625 0.6421875 0.03125 0.096875
0 0.6734375 0.64609375 0.0328125 0.1015625
0 0.3328125 0.78125 0.0328125 0.1046875
0 0.3703125 0.78125 0.028125 0.1046875
0 0.446875 0.784375 0.0296875 0.1078125
0 0.559375 0.78828125 0.028125 0.1015625
0 0.8234375 0.7953125 0.0328125 0.1078125
0 0.05625 0.9203125 0.03125 0.1109375
0 0.134375 0.9234375 0.028125 0.1015625
0 0.33125 0.92734375 0.0296875 0.1078125
0 0.4453125 0.93046875 0.0328125 0.1078125
0 0.521875 0.93046875 0.03125 0.1078125