0 0.25308973201781737 0.15031226639624684 0.0914260733609078 0.20987375269929237
0 0.39009029268777173 0.18489094378551146 0.09135334802672608 0.20362375269929234
0 0.6626380020289532 0.26330489939387763 0.09449652936027153 0.20542305103961844
0 0.7981396973663167 0.30323392761297924 0.09149879869508962 0.21612375269929238
0 0.9350038980346802 0.32609385500224375 0.08662948535963508 0.20014355518880328
0 0.9776079266788631 0.35212448135188995 0.044784146642273724 0.20042697510489074
0 0.1457152260502704 0.3810276248997536 0.09602266669318062 0.20241645020978147
0 0.2796453307208612 0.4200570039486922 0.09594994135899881 0.19616645020978146
0 0.4150106660566338 0.4482672821677938 0.08655676002545327 0.1938935551888033
0 0.6217515620623608 0.506083472629313 0.08811926002545327 0.19401195435896632
0 0.7587521227323151 0.5406621500185775 0.08481244668999892 0.17815015601864026
0 0.8910560927354968 0.5741043798973531 0.08179653469127146 0.1872883576783142
0 0.9537469967377241 0.595246596703874 0.08343176002545363 0.19365675684847722
0 0.03910378874917802 0.610239682988342 0.06624426002545337 0.1923543659766839
0 0.09869696475172336 0.6334888514545369 0.08979084802672603 0.20350535352912935
0 0.43538899009385934 0.723788423039587 0.08662948535963513 0.20014355518880328
0 0.5035486440960865 0.7453450369416785 0.08343176002545345 0.19365675684847722
0 0.5770861414305865 0.7595035479393408 0.08662948535963508 0.20014355518880328
0 0.6459725014321773 0.7764318614265138 0.08642949069063519 0.18295605518880328
0 0.7140776114337681 0.7933009753286052 0.08811926002545327 0.19401195435896632
0 0.4702019841263123 0.9463934383869267 0.07974313868554468 0.10721312322614658