0 0.9552152049228535 0.6893288535202343 0.08956959015429292 0.06389444198043534
0 0.9554720811323907 0.9131303745669218 0.08905583773521855 0.06462248407380997
0 0.714705055035793 0.19824664014017568 0.19059417889684288 0.06404563140062187
0 0.7289312389119591 0.5501731611868631 0.20015118942018653 0.06771666297065301
0 0.7254022334385256 0.7722224664344175 0.20961719468185827 0.06982519454068417
0 0.7249464781062666 0.8451517322194331 0.20364021046687403 0.07414867349399686
0 0.7231102332973512 0.9212970032661204 0.20024219468185844 0.06927916297065302
0 0.4480643156297238 0.14244177410104633 0.1935371683734992 0.06110264192396562
0 0.4522050550357929 0.21353552410104631 0.1888496683734992 0.060829626138950044
0 0.4539635180629157 0.35139954514773375 0.19353716837349916 0.06110264192396562
0 0.4603702256871921 0.6363660793486007 0.18930469468185845 0.06864212613895013
0 0.4582154624624254 0.7070426003952882 0.17653167889684288 0.06322658404557516
0 0.46029171488149984 0.9311171372269911 0.20015118942018653 0.06771666297065301
0 0.18800052893919517 0.005727084257336755 0.17912605787839034 0.01145416851467351
0 0.19499179451244922 0.22538088964606554 0.18076415258848363 0.055687099830590746
0 0.19895052339517463 0.29334963964606553 0.19996917889684288 0.06459166297065302
0 0.20304576017040782 0.36366213964606553 0.18746917889684286 0.06386362087727822
0 0.19296843601289176 0.8635935211878618 0.20336719468185843 0.06946117349399686