0 0.0296767673058649 0.48194781701165806 0.0593535346117298 0.16422936597668394
0 0.10885354793923008 0.43901311057809933 0.07213063335454448 0.16157796265733607
0 0.1620694546069573 0.42717503879255647 0.07518290802036268 0.1555647609976621
0 0.21070694927595718 0.40631716451750266 0.08790108402290801 0.17526195435896633
0 0.2563012599459116 0.378664838582775 0.07674540802036267 0.1556831601678251
0 0.10545254388132363 0.8654572114079363 0.07521927068745358 0.15868976099766208
0 0.14796730788514165 0.8341354338135346 0.08001585868872625 0.16841995850815117
0 0.1988485552196416 0.8216937107832363 0.07843517735518084 0.16673905933798813
0 0.2992849072247323 0.7766161638928027 0.07994313335454448 0.16216995850815116
0 0.35178319855986856 0.7593685416923416 0.07838063335454448 0.16205155933798815
0 0.4027098992282321 0.7430205686620432 0.08321358402290802 0.17490675684847723
0 0.45374568789786834 0.7172975956317449 0.08321358402290802 0.17490675684847723
0 0.6051087405713226 0.6558720757110131 0.08784654002227174 0.17057445435896632
0 0.6560990759070953 0.6340553526807148 0.0846669960216353 0.16565015601864025
0 0.7101598672422315 0.6166893313100905 0.08633858402290802 0.17514355518880328
0 0.8638757605824583 0.5543049626341141 0.0846669960216353 0.16565015601864025
0 0.9140212112508219 0.5380161891888974 0.0815419960216353 0.1654133576783142
0 0.9571990465865945 0.5167914620094143 0.07371131468809011 0.16325886182749905
0 0.983843362587549 0.5077474261166428 0.02067722135581711 0.16704579004195635
0 0.24100768853441518 0.9550972840186717 0.07091248400699968 0.056890462657336015
0 0.2941872325350515 0.9463842122331287 0.07102157200827239 0.06626546265733602
0 0.34505029853600605 0.9355049892028304 0.06962270401018138 0.08020956348717334
0 0.3936423398711423 0.9185533649277768 0.0730567866804539 0.1070088618274994