0 0.90390625 0.28151151431877897 0.1921875 0.10871708511458981
0 0.890625 0.41627295922507174 0.21875 0.10948997492717538
0 0.8828125 0.48681277975818515 0.2265625 0.10502979546028879
0 0.86953125 0.5598554746644779 0.2171875 0.10163201082055266
0 0.79765625 0.9080405735691214 0.203125 0.09497283386094857
0 0.784375 0.9560832684754141 0.20625 0.048188762074194
0 0.53515625 0.8711472934817316 0.2078125 0.09979672618081636
0 0.57578125 0.665277726709542 0.2078125 0.09979672618081654
0 0.584375 0.5900276741231172 0.228125 0.10351275956691133
0 0.6015625 0.5176525689502677 0.228125 0.11288775956691133
0 0.61328125 0.4501240881505977 0.228125 0.11288775956691137
0 0.63203125 0.3800472688711255 0.2203125 0.10328543903379801
0 0.6375 0.3111381444979461 0.2046875 0.10283079796757119
0 0.65625 0.24418632521847394 0.2078125 0.10604672618081656
0 0.66796875 0.17665784441880383 0.2171875 0.10163201082055266
0 0.415625 0.13946904763836682 0.2171875 0.10163201082055266
0 0.26015625 0.9010239762473237 0.19375 0.09782504922121263
0 0.07265625 0.6510109190420452 0.1453125 0.08547816191590947
0 0.09296875 0.4441698856559505 0.1859375 0.09603522868809904
0 0.12578125 0.2330588894168742 0.178125 0.08643290815498564
0 0.14375 0.16847355219071333 0.1921875 0.09621708511458982
0 0.17421875 0.044289557600989675 0.2078125 0.08857911520197935