0 0.781848156408843 0.28646553133911884 0.1556047425071295 0.07718579952888867
0 0.778284367530371 0.34519598237587806 0.14853453628657398 0.0672639953818516
0 0.7385890060787508 0.51097751578773 0.15818293836009262 0.07120920160240711
0 0.7254157713473157 0.5625694100855541 0.14826113421305537 0.0641389953818516
0 0.712174186097501 0.6149425543833782 0.14812443317629623 0.06257649538185159
0 0.674442574363057 0.857257193497406 0.14513613421305535 0.06386559330833279
0 0.6611429090472238 0.9552845903871283 0.14839783524981484 0.06570149538185177
0 0.6616610274260666 0.985064524458379 0.139159536286574 0.02987095108324205
0 0.5762044576811579 0.34247364915231365 0.15831963939685173 0.07277170160240712
0 0.5664590193210655 0.39987604604203586 0.16015554147037037 0.07603340263916643
0 0.558276080960973 0.4574151439685174 0.16443293836009243 0.07175600574944418
0 0.5458157457111582 0.5098566387847211 0.15818293836009262 0.07120920160240711
0 0.5425253589062047 0.5654620898214804 0.1533587373233331 0.06923659849212935
0 0.5125857062670383 0.7187142289355082 0.13888613421305535 0.06331878916129607
0 0.5132405256826402 0.7652180820457859 0.13888613421305535 0.06331878916129607
0 0.5041102419879644 0.8155892289355082 0.145409536286574 0.06699059330833315
0 0.5005854093300479 0.8648763294538877 0.13447203628657398 0.06603368605101849
0 0.37830419990546355 0.33696806852064737 0.1533587373233333 0.06923659849212935
0 0.37731718982069495 0.2762650143736104 0.15349543836009244 0.07079909849212936
0 0.3442149980202325 0.5646440091898141 0.1486712373233332 0.0688264953818516
0 0.31705044792569603 0.8661381586714345 0.13433533524981467 0.0644711860510185
0 0.30980600150708526 0.9919024104148608 0.12896433006601846 0.01619517917027835
0 0.14268260084768633 0.618650129594907 0.14513613421305543 0.06386559330833315
0 0.14428476559787162 0.672321933741944 0.1449994331762962 0.06230309330833315
0 0.1293071486796314 0.9244995884073607 0.1449994331762962 0.062303093308332794
0 0.1268178442497704 0.9947745492460648 0.13173801555138884 0.01045090150787047
0 0.016036520169537268 0.27185516762490736 0.032073040339074536 0.06246033524981467
0 0.015782950471111397 0.32987271918004624 0.031565900942222794 0.059745438360092426
0 0.0162422802543059 0.38952112125356475 0.0324845605086118 0.0571672425071295
0 0.01663325951912078 0.4515132733270833 0.03326651903824156 0.05615154665416657
0 0.003768310650023768 0.6720991754006018 0.007536621300047536 0.04982363421305536