0 0.937714748773822 0.8170371227033876 0.055850026144509 0.14223105866619018
0 0.8935503516782515 0.8085090746808591 0.05092572780418294 0.138778276735205
0 0.8496227529230069 0.8031060266583305 0.05644202199532415 0.15004355866619043
0 0.8056951541677625 0.7977029786358021 0.053672219505813246 0.1545125373788668
0 0.7126080049975994 0.7896394703379286 0.053577131123531 0.13274679802252862
0 0.6216278074871104 0.7786148530055481 0.05405072780418294 0.13899679802252862
0 0.5337726099766213 0.767808756960491 0.05092572780418294 0.13877827673520518
0 0.44880561412580616 0.7540961822027572 0.053340332783204936 0.12962179802252863
0 0.4033155153705616 0.7485838735365669 0.05717572780418312 0.13921531930985206
0 0.8501644367365415 0.6461676118076245 0.053340332783204755 0.12962179802252863
0 0.756781289640971 0.6341978535097512 0.058264631123530995 0.1330745799535137
0 0.7112911908857265 0.6286855448435609 0.053577131123531 0.13274679802252862
0 0.6638125396409709 0.6276968452118779 0.060537526144509 0.14255884059717552
0 0.5763833946199928 0.6122578794886516 0.05717572780418312 0.13921531930985206
0 0.4846219471095038 0.6011786318344402 0.058975026144509 0.1424495799535137
0 0.4388950500139332 0.5925413231682498 0.055850026144509 0.14223105866619043
0 0.3957487012586886 0.5871929054675521 0.05620522365499818 0.14691855866619044
0 0.3518211025034441 0.5817898574450235 0.05585002614450918 0.14223105866619026
0 0.9769325820582587 0.48596172134633486 0.04613483588348259 0.14223105866619043
0 0.9402063284335274 0.48072256428929894 0.05045213112353082 0.132528276735205
0 0.8965747276036904 0.4792257662667703 0.058975026144509 0.1424495799535137
0 0.8489301329976306 0.46579169695691824 0.05705732863401991 0.13765281930985207
0 0.8016882800932013 0.4679279973252354 0.05308022365499818 0.1467000373788668
0 0.7089563284335274 0.4645519890273621 0.06340241701630234 0.15985560124083734
0 0.6158216350722232 0.4456056110513197 0.059567021995324335 0.15026207995351376
0 0.5283216350722232 0.43948701500626264 0.05644202199532433 0.15004355866619026
0 0.4338020404661636 0.4227751263865585 0.059567021995324154 0.1502620799535137
0 0.34457359710485935 0.4041019000196705 0.05644202199532424 0.1500435586661904
0 0.30045674420042995 0.406456721675311 0.05116252614450918 0.14190327673520517
0 0.9778129029067516 0.31434344746112136 0.044374194186496754 0.14223105866619026
0 0.9419669701305132 0.3091042904040854 0.049600026144509 0.14179401609154335
0 0.8941331213752687 0.30342809077240246 0.055850026144509 0.14223105866619026
0 0.7559110709603502 0.29453977380833896 0.056205223654998096 0.14691855866619036
0 0.7088584722051057 0.28891820449848693 0.05393232863402009 0.13743429802252863
0 0.6142088230349427 0.2807454355569519 0.05873822780418312 0.1393245799535138
0 0.3362847325780679 0.2434375516288248 0.059567021995324244 0.1502620799535138
0 0.8488887085081511 0.13707111725550605 0.0531035344428787 0.12649679802252853
0 0.8026765593379881 0.13228542826748485 0.056346933613042084 0.12827781930985202
0 0.7543574585081512 0.1304608483139711 0.06006392946385706 0.13630884059717552
0 0.5158510655617655 0.10057198047738733 0.058264631123530995 0.1330745799535138
0 0.4688576663916025 0.0957316611675353 0.05646533278320494 0.12984031930985204
0 0.22730912242417595 0.7230654314464526 0.054050727804183116 0.13899679802252862
0 0.18188987864795322 0.7082327531020931 0.058975026144509134 0.1424495799535137
0 0.14023517491368684 0.7123139657232264 0.053340332783204936 0.12962179802252863
0 0.19010788819572286 0.8782174711711079 0.05646533278320494 0.12984031930985224
0 0.07654229566425563 0.856288204827463 0.03373822780418308 0.13757640965492604
0 0.0653652294777902 0.6985303351492939 0.035537526144509134 0.14081067029858776
0 0.21847580623771048 0.5654714527337761 0.05717572780418312 0.13921531930985206
0 0.1731157620465693 0.5514200243894166 0.05933022365499818 0.14713707995351372
0 0.08874076204656932 0.5455199496316829 0.05620522365499821 0.14691855866619044
0 0.054436617025591175 0.5337958457929556 0.039017723654998206 0.14571669158591122
0 0.20748799420042996 0.3999557133774378 0.058619828634020064 0.1377620799535138
0 0.12168054876453331 0.38540725829787326 0.053577131123531 0.13274679802252862
0 0.24573058755708974 0.22778006461827505 0.059567021995324244 0.1502620799535138
0 0.19945923880184518 0.2222131256302539 0.059567021995324244 0.1502620799535138
0 0.07043458963168218 0.21163662252816073 0.061129521995324246 0.15037134059717552
0 0.03666324087643765 0.2069437686894334 0.03132362282516123 0.1467328883676025