0 0.9478022166261211 0.3601962576022483 0.10439556674775793 0.07249314441741399
0 0.9348164032962085 0.4593377395500716 0.13036719340758296 0.06796018052176755
0 0.7952408188890573 0.26086790241244584 0.15823974687674217 0.07435562626704133
0 0.7295395925985748 0.5159457669720222 0.14415906615858276 0.07114881303532491
0 0.704326490041051 0.6134520260472086 0.14256929508134383 0.06645222267624522
0 0.6554718752850828 0.8100361345566608 0.1441954275949012 0.07739881303532492
0 0.6134135810875015 0.16059467075921013 0.15822156615858277 0.07123062626704138
0 0.6027715177575892 0.2113122882456528 0.1613738372358217 0.07593630698520064
0 0.5744834121750031 0.31739411660267985 0.1598204275949012 0.07748971662612103
0 0.5508782614128773 0.42272196603694584 0.1566954275949012 0.07747153590796177
0 0.5209731136758137 0.5194197040348932 0.1519806565176623 0.07275676483072288
0 0.5134560503459011 0.5701555022394953 0.15511474687674215 0.07433744554888229
0 0.49811739665690913 0.6192833486486989 0.14729315651766228 0.07272949375348396
0 0.4728997489198455 0.7160083577238853 0.15823974687674197 0.07435562626704133
0 0.46147189041039327 0.7659401800307882 0.15823974687674197 0.07435562626704151
0 0.45003948672140126 0.815090752337691 0.15195338544042353 0.06806926483072288
0 0.4326343389843375 0.9118612132082754 0.15195338544042353 0.06806926483072288
0 0.42120193529534544 0.9610117855151785 0.1598113372358217 0.0759272166261212
0 0.43237668364502546 0.0618884842855143 0.14415906615858276 0.07114881303532483
0 0.4079902828828996 0.1672117885402404 0.1535613372358217 0.07589085518980254
0 0.3560879361791083 0.37705896633153346 0.15823974687674208 0.07435562626704133
0 0.25995484220579135 0.7725800237095175 0.16295451795398092 0.07907039734428026
0 0.23786673964826743 0.870104463502863 0.1582215661585828 0.07123062626704132
0 0.223295700420656 0.9168931050916067 0.15977497579950314 0.06967721662612085
0 0.20847155103327228 0.11449026775758915 0.15195338544042353 0.06806926483072293
0 0.1841033309893057 0.2229385720123153 0.1550874757995032 0.06964994554888211
0 0.16049818022717993 0.3282664214465812 0.14256020472226433 0.06488972267624522
0 0.11715322208707002 0.5319135962128121 0.14729315651766242 0.07272949375348396
0 0.06291673662320535 0.8776800932859459 0.11607042759490127 0.07723518657189174