0 0.07360051323005715 0.8425874893379998 0.048664440032421305 0.13955339600572714
0 0.16077302749808078 0.8365743940165448 0.06181941149637402 0.15376134667409067
0 0.25855555603412805 0.8236573180299077 0.0580394400324213 0.13966248400699968
0 0.31313389412346926 0.8219499147039983 0.0580394400324213 0.13966248400699968
0 0.45339502108794 0.8157737347230883 0.05364303846084475 0.1458579400063634
0 0.6517597464808341 0.8165202640833599 0.059058284531903385 0.1615374840069997
0 0.18507316831629037 0.971784640674727 0.04488016046291676 0.05643071865054594
0 0.08774440404826674 0.9782613600015908 0.039537688998963996 0.043477279996818295
0 0.13347428101273745 0.9706943080044542 0.04807793507002258 0.05861138399109152
0 0.22856845719141985 0.9665704293443632 0.045389582712657806 0.06685914131127361
0 0.2783501333701023 0.9621647400143175 0.0489512303552929 0.07567051997136502
0 0.3267876333701023 0.9624465506842718 0.0489512303552929 0.07510689863145643
0 0.37384456988786696 0.9666346113542265 0.04546235731976358 0.06673077729154712
0 0.4212097214594436 0.9606664220241807 0.0444820541766104 0.07866715595163853
0 0.4696836087629965 0.9617203920273625 0.04753427956950453 0.07655921594527512
0 0.8060020984239141 0.9596446501034045 0.045607906533975395 0.07392839600572713
0 0.8496065492097025 0.9570287274426768 0.050368181141081436 0.0755454400063634
0 0.7470358591772812 0.8168480754296319 0.05847608767505648 0.14903748400699968
0 0.7000880845701754 0.8147401354232686 0.05244441149637406 0.15365225867281787
0 0.7967083734453049 0.8103986281030862 0.059058284531903385 0.1615374840069997
0 0.8475623980524107 0.8125520214433131 0.06181941149637389 0.15376134667409067
0 0.895890736141752 0.810771892783222 0.049935841603997846 0.1333215773392724
0 0.05318519768090718 0.6557323793364089 0.04328773531769159 0.15823067067154534
0 0.18972201116314252 0.6534169960216353 0.053351940032421295 0.1396079400063634
0 0.2912481238595896 0.6538175327020893 0.05633139081820957 0.13651930267345413
0 0.48608758891340154 0.6459339493952699 0.04895553846084475 0.14580339600572714
0 0.7296363817174725 0.627685578095132 0.053788587675056475 0.14898294000636342
0 0.8311261071103665 0.6273048647755859 0.05869441149637424 0.1537249840069997
0 0.03455070595307479 0.47358295066836364 0.031695263853738886 0.14404090133672726
0 0.07019710752465136 0.46775112133990876 0.055132763853738886 0.14431362133990877
0 0.1709055829175455 0.46736131735359 0.05593328453190329 0.16150112133990877
0 0.5683970130251693 0.4516850574076784 0.055351087675056476 0.14900112133990878
0 0.7207771503287222 0.4542389874283592 0.061819411496374065 0.15376134667409058
0 0.8201221788647697 0.44134009277526776 0.05869441149637415 0.1537249840069997
0 0.9189235519002988 0.45029801678863074 0.05891273531769166 0.15841248400699967
0 0.981063929071912 0.7985724321291758 0.037872141856176 0.14896475867281786
0 0.017296777707477763 0.2875454533338636 0.014653313067950596 0.1469659066677272
0 0.19811013006484263 0.28027948802513525 0.055351087675056435 0.14900112133990878
0 0.24952708085063086 0.2777544720321349 0.06338191149637407 0.15377952800763595
0 0.3031422324222075 0.27213172803945274 0.054225235317691654 0.15835794000636338
0 0.5519243347795724 0.2656566507399512 0.05847608767505648 0.14903748400699968
0 0.6025964228689136 0.26390379408017817 0.05847608767505648 0.14903748400699968
0 0.807373814101408 0.25145088944140415 0.05593328453190338 0.16150112133990877
0 0.07749576137253952 0.10475168200986318 0.062328833746115045 0.16469884667409057
0 0.33116441687305753 0.08584023937777067 0.05691358767505648 0.14901930267345423
0 0.38101886765884585 0.08329704205122493 0.06003858767505647 0.14905566534054512
0 0.43414386765884583 0.08391520739177002 0.05869441149637389 0.1537249840069997
0 0.5885766565339753 0.08024640941276909 0.058403313067950616 0.14747498400699968
0 0.8491502834984459 0.07547019211485836 0.060800566996891806 0.13188634667409055