0 0.8149592943746997 0.9822138510523649 0.05828734387822045 0.03557229789527021
0 0.6835328808385464 0.9662109756469753 0.061059516805913816 0.06757804870604929
0 0.5956336328157128 0.9560586797868907 0.06338602076024671 0.08788264042621848
0 0.5085156347928791 0.9459200206962812 0.06415002471457924 0.10815995860743755
0 0.4633941357814623 0.9420430213051892 0.05652852570316256 0.11591395738962156
0 0.8908599025873762 0.8731908218280765 0.05053319368794007 0.12891593262955964
0 0.4169050908381089 0.7625013689092724 0.0645320266917457 0.12759889448011297
0 0.37165625783430334 0.7601479362797126 0.06628552768032892 0.13231366801906325
0 0.33157242730195563 0.7461575742670037 0.058218359695551315 0.12592730032431163
0 0.24155226376580236 0.729731959007884 0.06628552768032892 0.13231366801906325
0 0.07733189076155923 0.5196869829538715 0.06453202669174571 0.1275988944801128
0 0.15713213730151812 0.537497820209814 0.0645320266917457 0.1275988944801128
0 0.37275979589475555 0.5795700921239112 0.06134335969555131 0.12598184740221222
0 0.4145652939175892 0.5896814776755703 0.06641286167271758 0.13543866801906326
0 0.45640262543852 0.5990116132272295 0.06284219269935694 0.12444662094116268
0 0.5429476204956042 0.6239764314084486 0.06127969269935694 0.12441934740221221
0 0.6298746175298546 0.6395662495896677 0.06440469269935693 0.12447389448011296
0 0.9329876886706622 0.7027107264544591 0.05034219269935676 0.12422843262955982
0 0.9674157212939068 0.5485141501555651 0.026841025703162557 0.12225682954530477
0 0.941521724753948 0.5316442499934094 0.06296952669174587 0.12757162094116267
0 0.6749364026245572 0.47382820129395087 0.06765702669174586 0.12765344155801372
0 0.585697489088404 0.4574162228043064 0.06596719269935694 0.12450116801906326
0 0.4114442469970695 0.4168479496723931 0.0645320266917457 0.12759889448011283
0 0.36882566547613854 0.40750417735125877 0.06654019566510652 0.13856366801906325
0 0.19428592190192923 0.37396715421934557 0.06778436068413449 0.13077844155801355
0 0.3198973700384936 0.22683482994904658 0.07103669467652321 0.1339579886359143
0 0.5376777776431478 0.27363551217156934 0.06609452669174587 0.12762616801906326
0 0.6696626066926207 0.2962662629823482 0.06465936068413462 0.13072389448011296
0 0.8470090152858581 0.33767033319216216 0.06453202669174588 0.12759889448011297
0 0.8919395133086919 0.347836265821722 0.06609452669174587 0.12762616801906326
0 0.937746761825817 0.35567208522075705 0.06440469269935675 0.12447389448011296
0 0.7555894723196712 0.14453221346881556 0.06472302768032882 0.13228639448011287
0 0.49275123269979443 0.09069059861673294 0.06284219269935694 0.12444662094116259
0 0.4493832346769608 0.08055193952612341 0.06127969269935694 0.12441934740221224
0 0.2360847386312935 0.058065464689926835 0.06533052273741298 0.10887616801906326
0 0.12308999011416825 0.0490568831160272 0.06319501977166349 0.09478639448011292