0 0.4962865883159761 0.6703227058877828 0.12730790944452863 0.13623549352159509
0 0.6476865036142373 0.4393101426541176 0.15875789734428025 0.1726130845145814
0 0.14345143804482968 0.8665435572166855 0.13048745159900635 0.14581075262089377
0 0.25220583197126434 0.4428836165928393 0.16345448770335985 0.17447597316352947
0 0.4569569644848217 0.44506308759690044 0.15564198770335977 0.1739753254152827
0 0.30944511846840134 0.6794509747046888 0.13055108411256366 0.1567482526208936
0 0.495779611730906 0.22012244678848408 0.16667039129415606 0.19030123226282802
0 0.07710233460354302 0.44797522748246604 0.15420466920708603 0.1928254549649321
0 0.8501120668459539 0.4382144193337047 0.14149767447164335 0.1590116594684389
0 0.241901684375 0.3166081984375 0.3959831546875 0.3071644453125 0.35808463437500004 0.1334782015625 0.2018699828125 0.14663873593750001 0.241901684375 0.3166081984375
0 0.6268336921875 0.29947618125000003 0.773306034375 0.29845000312500003 0.7636883578125 0.1263088765625 0.6149272375 0.1242999609375 0.6268336921875 0.29947618125000003
0 0.9687793640625 0.249260575 0.955969059375 0.11936780312499999 0.80977325625 0.1217169765625 0.8148143187500001 0.2998772453125 0.9675393609375 0.293864353125 0.9687793640625 0.249260575
0 0.966446375 0.8936221359375001 0.9951703843749999 0.89422321875 0.99590315625 0.7682705640624999 0.9647988953125 0.7680221421875 0.966446375 0.8936221359375001
0 0.9374361828125 0.8962384734375 0.9321792015625 0.7639544015624999 0.806991509375 0.76503279375 0.8093026328124999 0.897361953125 0.9374361828125 0.8962384734375
0 0.7692844578125 0.8930004921875 0.758327559375 0.761622809375 0.628455334375 0.7696496234375 0.6484607921875 0.8999020312500001 0.7692844578125 0.8930004921875
0 0.58033795 0.9058123796875 0.5718069390625 0.776025778125 0.43797103125000003 0.780161253125 0.4490630984375 0.91077918125 0.58033795 0.9058123796875
0 0.2678906546875 0.9249628921875 0.3932110734375 0.9252302765625 0.3852861828125 0.7904287515624999 0.24583705312499998 0.7920918593749999 0.2678906546875 0.9249628921875
0 0.9313302734375 0.7208748609375 0.939086128125 0.5798992859375 0.7942886859375 0.5817816578125 0.8023460312499999 0.717928996875 0.9313302734375 0.7208748609375
0 0.623677125 0.7211999687499999 0.7577783515625 0.71975610625 0.7447710140625 0.587865478125 0.6053217484375 0.5895285953125 0.623677125 0.7211999687499999
0 0.191052209375 0.7478462984375 0.16512584218749998 0.6089262203125 0.0201955375 0.60946279375 0.0534764046875 0.747278603125 0.191052209375 0.7478462984375