0 0.24335813039988657 0.030155732205502862 0.15390873920022682 0.060311464411005725
0 0.23641616043695352 0.06604019958225811 0.14927580290255765 0.07473469764227278
0 0.21926337677168953 0.11042686954420203 0.15714286660488855 0.07661553262324476
0 0.20755206125526016 0.15537195501946557 0.14313493030721938 0.07760502965749523
0 0.20265374092950733 0.20628053901185436 0.15412699400955027 0.07961319863085595
0 0.3506051128918734 0.32585425688290115 0.16199405771188102 0.0814940336118279
0 0.3495857607149552 0.377384923384804 0.16026786660488845 0.0767428666156336
0 0.2595187443880683 0.7672233561983292 0.15245536660488848 0.07642453163466154
0 0.23256932007129877 0.9134271941450507 0.1602133029025577 0.07518036661563343
0 0.5787375804925539 0.11528287692139479 0.15719743030721922 0.07817803262324477
0 0.5708779512737936 0.16163129490617237 0.1603224303072192 0.07830536661563352
0 0.5447841880269497 0.26099196635099103 0.14442461179556504 0.06985619665368965
0 0.5362251543616857 0.3050284678338658 0.15725199400955017 0.07974053262324476
0 0.5226512384824366 0.3586309703053237 0.15094743030721922 0.07792336463846716
0 0.5043699752355927 0.45767330676917045 0.14620536660488845 0.07616986364988403
0 0.49564725046333613 0.5063973082520452 0.14927580290255768 0.07473469764227296
0 0.48210805091882314 0.6036861437273087 0.1619940577118811 0.08149403361182798
0 0.40138131825720025 0.9494562415598619 0.15072917549789597 0.07167336463846752
0 0.7635218082600354 0.09605142137045658 0.14129961179556502 0.06972886266130082
0 0.7565252745947714 0.14002425585713696 0.1445883029025577 0.07454369665368965
0 0.7469940179713493 0.1895613408381089 0.1524008029025577 0.07486203163466158
0 0.7353099843060853 0.23372517631337245 0.16037699400955036 0.07986786661563358
0 0.9367584116180797 0.11707755129478192 0.11808036660488881 0.07502385771838496
0 0.930488564250485 0.1625810522833651 0.12734623920022656 0.07228085969555131
0 0.6899900167054049 0.4368475177201351 0.15886905771188112 0.08136669961943906
0 0.680458760081983 0.48638460270110695 0.15886905771188112 0.08136669961943924
0 0.8370832383976186 0.6703564015987931 0.1603224303072192 0.07830536661563343
0 0.806626868164533 0.8276250735379034 0.1571974303072195 0.07817803262324467
0 0.2500693333181427 0.8144166911793012 0.14620536660488853 0.0761698636498842
0 0.01569688875258908 0.5591375780608898 0.03139377750517816 0.05672484387822045
0 0.005585278771122528 0.600144580038056 0.011170557542245056 0.05283583992388792
0 0.004766823236159691 0.650925830038056 0.009533646472319381 0.06064833992388792
0 0.0007688039988659968 0.6994906640304449 0.0015376079977319937 0.05726867193911023
0 0.6157563315040442 0.8424236970736192 0.13666667549789596 0.07110036167271758
0 0.607060888582953 0.8903664485564938 0.14922123920022673 0.0731721976422726
0 0.7709026445734029 0.9570234134617912 0.14289682813030105 0.02610619665368965