0 0.5419473203125 0.7335821421875 0.4434514796875 0.785533884375 0.4882785890625 0.9229110421875 0.5825503203125 0.8541660562500001 0.5419473203125 0.7335821421875
0 0.5132934046875001 0.5774099046875001 0.3997770296875 0.62861541875 0.43482220624999995 0.7654179546875 0.5428798140625 0.7046332734375 0.5132934046875001 0.5774099046875001
0 0.38678598750000004 0.585660253125 0.4972893 0.5450152375 0.4779201046875 0.4192986421875 0.3643039296875 0.44850627187500003 0.38678598750000004 0.585660253125
0 0.4367842796875 0.22800926875 0.3209440390625 0.2608310609375 0.3504267765625 0.39948561250000003 0.463079359375 0.359964134375 0.4367842796875 0.22800926875
0 0.39755332656250003 0.049496023437499995 0.2824037359375 0.06771964375 0.314110521875 0.2027601140625 0.4302126796875 0.1745098453125 0.39755332656250003 0.049496023437499995
0 0.2926701671875 0.9051209640625 0.3112287671875 0.9686961609375 0.45807004375 0.9558492140625001 0.41484478906250005 0.820380596875 0.2926701671875 0.9051209640625
0 0.372323 0.6439208265625 0.24949131093750002 0.703975190625 0.2890369203125 0.8517317296875 0.40705625312500004 0.7797943671875001 0.372323 0.6439208265625
0 0.3233100984375 0.464832890625 0.200331053125 0.4990736875 0.243305565625 0.6418570515625001 0.363762940625 0.5978116296875 0.3233100984375 0.464832890625
0 0.290937028125 0.2763731984375 0.1643386625 0.30032456406249997 0.20763701562499998 0.44108430781249996 0.33367521875 0.4078394515625 0.290937028125 0.2763731984375
0 0.2893727703125 0.2213125078125 0.2571353140625 0.07921510000000001 0.1247411453125 0.100306721875 0.1522331328125 0.24728706250000002 0.2893727703125 0.2213125078125
0 0.19191395312499998 0.718740909375 0.0401976671875 0.7830512015625 0.07586449375 0.9551272890625 0.2278786265625 0.8747281156250001 0.19191395312499998 0.718740909375
0 0 0.6206269859375 0.023731346875 0.7198003640625 0.1756369125 0.6549578281249999 0.13705983593749999 0.50041578125 0 0.5470774640625 0 0.6206269859375
0 0 0.4888198390625 0.13362610156250002 0.45765361093749996 0.09336819375 0.30361670625000003 0 0.32040291875000004 0 0.4888198390625
0 0 0.254208765625 0.0780489265625 0.243305940625 0.0370021140625 0.095341478125 0 0.10766134062499999 0 0.254208765625