0 0.1366142108705844 0.0267300855943156 0.07989657825883122 0.04104410703211538
0 0.1982829638956465 0.039278952805463785 0.09405907220870699 0.05913277297895927
0 0.28108182835702705 0.0469295689368778 0.08158634328594587 0.0630192365817647
0 0.3388397862025494 0.060009362273902675 0.0816954275949012 0.08176923658176469
0 0.4801414970731338 0.08703983651716625 0.08034200585373234 0.11760660703211538
0 0.5472426386618774 0.10618915715208706 0.08988972267624522 0.14789488433001127
0 0.619031280250621 0.12563886643595584 0.08992608411256367 0.15414488433001133
0 0.756363108607648 0.1633565168050961 0.08833631303532492 0.14935725478036196
0 0.8281472050168519 0.18358747608896486 0.08519313231716552 0.14603199568106334
0 0.9006852803488169 0.2085560001476583 0.09306017447164336 0.15590764342930993
0 0.9615546026557198 0.2241798025839818 0.07581813231716553 0.14543121838316742
0 0.08174892798768471 0.18811936613141403 0.09349651170746495 0.23090764342930997
0 0.14101938885826912 0.20989303901808826 0.11069310206654456 0.23357156847545255
0 0.21126825634471183 0.2253363687523077 0.11382719242562418 0.2353343275747511
0 0.2814762172152962 0.24781094848652713 0.10753174063022612 0.22712130937615385
0 0.35326485880403985 0.26726065777039587 0.10600560206654457 0.2332711798265045
0 0.42499895823830575 0.29608536705426464 0.10754992134838534 0.23024630937615384
0 0.7067075004909793 0.3696275007659672 0.11229196350286301 0.23992169802510183
0 0.7752575125912277 0.4084082009505373 0.11228287314378349 0.23835919802510186
0 0.9204154764868744 0.4442827490679241 0.1090851502711466 0.22565893892580316
0 0.027947217117100333 0.4416961466685125 0.055894434234200666 0.22401729333702494
0 0.06689959104645067 0.45679951495939475 0.1186237767345796 0.2543847162236991
0 0.2120211935057787 0.4989240630767816 0.11542605386194263 0.24168445712440043
0 0.2814524495559029 0.5205673280361764 0.10600560206654457 0.2332711798265045
0 0.35162859416970865 0.548510657770396 0.11702491529826116 0.2480345866740496
0 0.49907576591087743 0.5939104002122567 0.12173059601642038 0.2514599753229977
0 0.6418172569338869 0.6421347540051696 0.11069310206654456 0.23357156847545255
0 0.7120252178044714 0.6646093337393891 0.11707945745273882 0.2574095866740496
0 0.7830689708295335 0.6777589782484332 0.11537151170746504 0.2323094571244006
0 0.4303656307650415 0.8513235795773358 0.1153987827847038 0.23699695712440053
0 0.6480434892744936 0.8983715542081956 0.11696128278470397 0.20325689158360874
0 0.7221758808632373 0.9098091031746041 0.11223742134838535 0.18038179365079188
0 0.7908531579906004 0.9245620180417138 0.10896697560311139 0.15087596391657243
0 0.861910546554282 0.9330148681339988 0.11358175273047451 0.13397026373200233