0 0.06059869366204318 0.8583853940476189 0.12119738732408636 0.09342623226282783
0 0.1015146172028619 0.6815434893595419 0.17190015601864025 0.09342623226282801
0 0.12446778774364926 0.62487318476375 0.17670605518880328 0.09528912091177606
0 0.14849820620984416 0.5642465653931336 0.16553175684847724 0.09146321406423077
0 0.26403457613522036 0.21942661628829754 0.16565015601864025 0.09302571406423077
0 0.3402339136923101 0.017370367829457025 0.16328217261537983 0.03474073565891405
0 0.2490720883590604 0.8991048218715385 0.1721369543589663 0.09655123226282783
0 0.35204833608397534 0.6071793352897739 0.16553175684847724 0.09146321406423077
0 0.4133321460466634 0.43454406925064487 0.1720185551888033 0.094988732262828
0 0.5383619151422027 0.08756084284791295 0.17178175684847724 0.09186373226282804
0 0.5558463356829899 0.03848629935400455 0.16553175684847724 0.0769725987080091
0 0.3337234659581064 0.6643305012366177 0.17178175684847724 0.09186373226282818
0 0.5435827954173191 0.7060815029346607 0.16877515601864027 0.09322597316352947
0 0.5802325356690569 0.5917791710409729 0.16865675684847722 0.09166347316352948
0 0.6041445549650887 0.5327150516703563 0.16865675684847722 0.09166347316352948
0 0.6224694250909575 0.4755638857235125 0.1654133576783142 0.08990071406423077
0 0.640971893972071 0.4160689697766687 0.16865675684847722 0.09166347316352944
0 0.6638658649277768 0.3601799151808768 0.16877515601864027 0.09322597316352939
0 0.7052031051795146 0.24557719463824101 0.1720185551888033 0.094988732262828
0 0.7660608626526917 0.06830449337393672 0.17057445435896632 0.09645110271317872
0 0.7187217375292235 0.8674533922019176 0.18151195435896633 0.09715200956072394
0 0.7948977642984325 0.6316672840900679 0.17190015601864025 0.09342623226282801
0 0.8078130840093829 0.5740853215669967 0.17178175684847724 0.091863732262828
0 0.8740803918974785 0.39724341687891973 0.16565015601864025 0.09302571406423077
0 0.8901207116084289 0.3394611952565499 0.1657685551888033 0.09458821406423076