0 0.275 0.10703125 0.0390625 0.1296875
0 0.31796875 0.10546875 0.034375 0.1203125
0 0.359375 0.10390625 0.0359375 0.1171875
0 0.403125 0.10625 0.0359375 0.1234375
0 0.48515625 0.09609375 0.0375 0.11875
0 0.52890625 0.10390625 0.0359375 0.1171875
0 0.6546875 0.1015625 0.0359375 0.1296875
0 0.6953125 0.09921875 0.034375 0.1078125
0 0.86328125 0.0953125 0.0359375 0.1125
0 0.903125 0.09765625 0.0359375 0.115625
0 0.9453125 0.09765625 0.0375 0.115625
0 0.10703125 0.27734375 0.0375 0.11875
0 0.14609375 0.27265625 0.0375 0.121875
0 0.22734375 0.2625 0.0375 0.11875
0 0.4015625 0.25703125 0.034375 0.1234375
0 0.48828125 0.2578125 0.034375 0.125
0 0.528125 0.259375 0.034375 0.1171875
0 0.271875 0.41875 0.0328125 0.128125
0 0.3171875 0.421875 0.0328125 0.11875
0 0.35859375 0.4171875 0.034375 0.121875
0 0.40546875 0.41796875 0.034375 0.1125
0 0.44609375 0.421875 0.034375 0.1265625
0 0.53125 0.4171875 0.0375 0.1390625
0 0.61875 0.4125 0.0359375 0.134375
0 0.66171875 0.4125 0.0359375 0.134375
0 0.70859375 0.4125 0.040625 0.134375
0 0.79296875 0.4171875 0.0375 0.1328125
0 0.834375 0.4125 0.0375 0.1234375
0 0.8765625 0.415625 0.0375 0.13125
0 0.140625 0.58203125 0.0375 0.128125
0 0.1828125 0.58671875 0.0375 0.1265625
0 0.22578125 0.58828125 0.034375 0.1296875
0 0.26875 0.58203125 0.0375 0.1359375
0 0.31171875 0.57421875 0.0328125 0.1296875
0 0.3578125 0.57890625 0.0375 0.1328125
0 0.39921875 0.5796875 0.0390625 0.140625
0 0.44609375 0.5703125 0.0390625 0.128125
0 0.4875 0.57265625 0.0375 0.1328125
0 0.22109375 0.746875 0.0390625 0.125
0 0.3578125 0.74375 0.034375 0.1359375
0 0.44453125 0.7390625 0.0359375 0.14375
0 0.48828125 0.74375 0.0375 0.1421875
0 0.53515625 0.7390625 0.0375 0.1328125
0 0.57734375 0.73984375 0.0359375 0.134375
0 0.66875 0.74140625 0.034375 0.1359375
0 0.75703125 0.7359375 0.0375 0.1375
0 0.803125 0.734375 0.0375 0.134375
0 0.84765625 0.73828125 0.0359375 0.1421875
0 0.128125 0.91640625 0.034375 0.13125
0 0.26171875 0.925 0.0375 0.1265625
0 0.3546875 0.91171875 0.0359375 0.14375
0 0.4421875 0.909375 0.0359375 0.140625
0 0.4890625 0.91328125 0.0359375 0.125
0 0.53671875 0.9078125 0.0390625 0.1359375