0 0.9059482167218171 0.18858485828703866 0.16189207386326174 0.06124520060802232
0 0.9047622232179341 0.570057692773719 0.1730204886359143 0.07262836958138301
0 0.8979632037394687 0.8699940257775246 0.17614548863591395 0.07275570357377177
0 0.9007376018730296 0.9349969432680105 0.16825116801906326 0.06774986859280005
0 0.632564300330902 0.9357968034206724 0.20418866801906327 0.06921420950527093
0 0.6338034720034134 0.9841567658359214 0.21186480032431163 0.03168646832815725
0 0.6437019922926576 0.5664565544092557 0.2121102621748646 0.07578254448624282
0 0.3596925998378442 0.04123774262280724 0.20243525324641087 0.05821304250907651
0 0.3671135876629796 0.10877541110187638 0.19322389448011296 0.06720604053191015
0 0.36313778490633136 0.5604970785923624 0.19327844155801355 0.07033104053191011
0 0.3605195251670987 0.7104970785923623 0.20736821509696393 0.07246654349765969
0 0.09079122646434494 0.9831308349809721 0.18158245292868988 0.03373833003805586
0 0.0897429695644861 0.8541701882507325 0.1794859391289722 0.07307403855474348
0 0.0863311919650507 0.25672218528498314 0.1726623839301014 0.06656937056996623