0 0.24611686582736786 0.023908131208917823 0.1587981473268118 0.047816262417835646
0 0.236704797496221 0.11441408893019522 0.15898015785015546 0.05962957576345353
0 0.22601095022587891 0.21792172620309885 0.15879814732681174 0.05650457576345351
0 0.22300777659070792 0.26948422620309886 0.16817314732681182 0.05726985030926075
0 0.22018661347888063 0.31792172620309883 0.15898015785015546 0.0596295757634536
0 0.19854058468085975 0.47597334226417515 0.14648015785015547 0.058609209702377284
0 0.19576492419986838 0.5236295922641752 0.1521841262801244 0.04974439273291544
0 0.1870739217102068 0.6728483422641751 0.1430821420651399 0.05366661818710803
0 0.1872867533367076 0.7225932507489061 0.15254814732681182 0.05599439273291544
0 0.03666221096098415 0.9299906468158013 0.0733244219219683 0.05251870636839726
0 0.4339353842432193 0.012484669235576631 0.14611613680346808 0.024969338471153263
0 0.43134173428557165 0.043320983619964636 0.14593412628012428 0.04923420970237724
0 0.4285660738045802 0.09097723361996464 0.15567314732681173 0.056249484248184475
0 0.42087540016940916 0.14292237089286824 0.15236613680346806 0.052869392732915396
0 0.41773571864173037 0.19682862089286823 0.16808214206513986 0.05570735030926075
0 0.39900185821720874 0.30488023695394456 0.16835515785015556 0.06039485030926066
0 0.3999049345820377 0.35612387255985817 0.1560371683734992 0.06249948424818452
0 0.38126207941918794 0.4626129886209345 0.16495714206513998 0.05545225879399176
0 0.3823926689381965 0.5099503742268482 0.1521841262801244 0.04974439273291544
0 0.3754377426721896 0.5626129886209345 0.15870714206513997 0.0549420757634536
0 0.38116482692952636 0.6111302369539444 0.16835515785015556 0.06039485030926066
0 0.34824039291218595 0.8159771046820108 0.1650481473268118 0.05701475879399176
0 0.3538309692770149 0.8668381030150207 0.15245714206513988 0.054431892732915446
0 0.35091880090351574 0.9168381030150208 0.15567314732681173 0.0562494842481847
0 0.34868917199255545 0.9551193530150208 0.1513650789250777 0.03568189273291544
0 0.6256601526590708 0.002065662338095878 0.15236613680346806 0.004131324676191756
0 0.6315692474397512 0.025471275898687244 0.1680821420651398 0.05094255179737449
0 0.6241060869587598 0.07112776391564772 0.16504814732681172 0.05701475879399167
0 0.6169691501694092 0.12691537830973404 0.1556731473268119 0.05624948424818445
0 0.6138294686417304 0.18082162830973406 0.17304265785015538 0.06077748758216437
0 0.5813530846808598 0.44472463164371395 0.1681731473268117 0.05726985030926066
0 0.5734348978915091 0.5005760189166175 0.15898015785015537 0.0596295757634536
0 0.5704317242563381 0.5521385189166175 0.16486613680346807 0.05388975879399176
0 0.567519555882839 0.6021385189166175 0.16495714206513998 0.05545225879399176
0 0.5578344717666764 0.701676133310704 0.15558214206513982 0.05468698424818434
0 0.5370460167026487 0.9117526349776938 0.14611613680346808 0.052359209702377285
0 0.5335269035767041 0.9454739307353283 0.1491655420933748 0.024616846975280993
0 0.815421331697088 0.05706590860541714 0.15549113680346807 0.05312448424818448
0 0.8126001685852607 0.10550340860541714 0.17286064732681164 0.05765248758216437
0 0.8054632317959101 0.16129102299950349 0.16835515785015537 0.06039485030926075
0 0.7980000713149187 0.2093299102724071 0.17267863680346807 0.05452748758216437
0 0.7906356213713884 0.2690237746664934 0.18241765785015537 0.061542762127971606
0 0.78258092668953 0.327218911939397 0.1872871683734992 0.06505039940087513
0 0.7764380715266801 0.432687661939397 0.1777301578501554 0.0611601248550679
0 0.769665155784017 0.48222527633348344 0.16835515785015537 0.06039485030926066
0 0.7586072874669875 0.591982913606387 0.16835515785015556 0.06039485030926066
0 0.7554676059393086 0.6458891636063869 0.17304265785015538 0.06077748758216437
0 0.7416487586689666 0.7496518923945596 0.1779121683734992 0.0642851248550679
0 0.7355969087677887 0.8535581423945597 0.16808214206514 0.055707350309261015
0 0.9631006975244558 0.08466526587250175 0.05759966837349921 0.05446410151720873
0 0.9536963344690982 0.19273285738777082 0.06339464206513981 0.04716178454774687
0 0.9473406476797477 0.2484566989030399 0.07009966837349921 0.05548446757828503
0 0.9411214687829048 0.30183679041830896 0.07460515785015573 0.052742104851188645
0 0.9409247767318822 0.3586129489030399 0.06991765785015538 0.052359467578285024
0 0.9298669084148529 0.4683705861759435 0.0791106473268119 0.04999974212409235
0 0.9305424716255022 0.5235204717818571 0.07148015785015538 0.05248701333591956
0 0.9202658533084727 0.6332143361759435 0.07929265785015574 0.05312474212409235
0 0.8992190639871083 0.7943271793582025 0.10273015785015574 0.05503792848861035
0 0.8986814667167661 0.8970057692064817 0.09179265785015574 0.05414510818516831