0 0.0831781796978483 0.8070095922204317 0.06785108767505646 0.1519867052052021
0 0.2508558312694249 0.803476526590708 0.06806941149637406 0.1566742052052021
0 0.3042162717161309 0.812055595063029 0.06985023531769166 0.16145271046687393
0 0.3599932367699429 0.8189356556428425 0.06963191149637407 0.15676521046687392
0 0.8512860167537323 0.8596637403237024 0.06985023531769166 0.16145271046687384
0 0.02627343982753353 0.5872501000423522 0.05254687965506706 0.15216871572854593
0 0.1747429032287156 0.5975443159826597 0.0698502353176916 0.16145271046687384
0 0.6662903943373755 0.6328036506635194 0.0679966368892682 0.1551117052052021
0 0.8309329371414463 0.6442508429263034 0.07141273531769166 0.16154371572854592
0 0.930096029159729 0.6563952561793049 0.05407968610347993 0.15741765785015538
0 0.016587051592967188 0.3805751658132504 0.033174103185934375 0.14482665258848365
0 0.48260256079614827 0.4113213057416646 0.06763276385373888 0.1472992052052021
0 0.5929214766357485 0.41814118216296337 0.06458053846084474 0.14867969468185843
0 0.7568191567433723 0.4288526270565832 0.07075776385373889 0.1474812157285459
0 0.08999564557572054 0.1755166685146735 0.06985023531769159 0.16145271046687398
0 0.24984152646913266 0.18958062656247304 0.06450776385373888 0.14711719468185844
0 0.304383477254921 0.18952044240395832 0.06963191149637407 0.15676521046687397
0 0.41235864309452114 0.19647682671776484 0.06963191149637407 0.15676521046687392
0 0.682268728702663 0.22282941118686309 0.06465331306795061 0.15024219468185845
0 0.7928423556671338 0.2241805376081618 0.07119441149637407 0.15685621572854586
0 0.8448586199351574 0.22816311134215486 0.06450776385373871 0.14711719468185844
0 0.33344604673301237 0.02770922909448694 0.054982906533975306 0.05541845818897388
0 0.4975256633584008 0.03938320548755079 0.06119867328319835 0.07876641097510158
0 0.8215967100914131 0.049427156958260526 0.06141699710451585 0.09885431391652105