0 0.1593993334462281 0.07590449072842197 0.14990482473980085 0.058666993753484074
0 0.17311435266810493 0.15877153288289966 0.1530298247398008 0.05868517447164332
0 0.18349633197589005 0.2525533491396783 0.15302982473980084 0.05868517447164336
0 0.19142169662978262 0.299460165396457 0.1609242118949306 0.06029312626704142
0 0.1991423433958508 0.34246073165323565 0.1530298247398008 0.05868517447164336
0 0.21358438093509333 0.483907888269094 0.14201043758467105 0.057059041958086
0 0.22138691485629125 0.5284709545258726 0.14488977611928186 0.05238972267624522
0 0.24557576661988506 0.6621646984757483 0.13411605042954128 0.05545109016268786
0 0.25341924411864786 0.707509014732527 0.14201043758467105 0.057059041958086
0 0.14235667062204244 0.8982107619038567 0.10747166327441157 0.05373405405833438
0 0.3001116169131408 0.9716073552879984 0.1483423247398008 0.056785289424003335
0 0.32827880823145744 0.04955158986810029 0.14028416327441154 0.05392495159900636
0 0.33509537426483094 0.09020386094533915 0.14012038896415202 0.05079995159900637
0 0.34047227103089917 0.1331907916634984 0.1483423247398008 0.058657903394404444
0 0.3452726356847918 0.18007942720211784 0.1434910504295413 0.05550563231716561
0 0.3548014439162491 0.22777658381797608 0.15623671189493055 0.06026585518980256
0 0.35987844753429377 0.3246515838179761 0.15788109905006031 0.06183744554888211
0 0.3694072557657512 0.37234874043383437 0.15015048620519006 0.06335449375348415
0 0.3774864286511012 0.4668981711519936 0.15623671189493055 0.060265855189802583
0 0.3883730189947342 0.5106981681269316 0.1434910504295413 0.05550563231716552
0 0.39161088364862684 0.5575777133064713 0.1528660504295413 0.05556017447164337
0 0.4064037239922598 0.6014004361791082 0.16273237336031982 0.06498971662612103
0 0.4200136018751355 0.7865794120768073 0.15623671189493055 0.060265855189802583
0 0.43410707937389825 0.8319600897699043 0.1452173247398008 0.058639722676245044
0 0.44421241971753134 0.8757555415653024 0.1467798247398008 0.05864881303532492
0 0.4529599779489887 0.923448153001621 0.14233798620519006 0.063309041958086
0 0.49810330732694635 0.026328234187318438 0.1399566146538927 0.04767495159900635
0 0.5134317362051901 0.06546800223949518 0.15623671189493055 0.06026585518980254
0 0.5157245765488232 0.10921800223949518 0.1530298247398008 0.05868517447164332
0 0.5190443283578454 0.157660047419035 0.1483423247398008 0.058657903394404444
0 0.5278737737444327 0.20691515885535344 0.16265048620519007 0.06342721662612102
0 0.5544650084792846 0.44605947208707003 0.15623671189493055 0.060265855189802583
0 0.5609916474434368 0.49608219798476905 0.15475609905006033 0.061819264830722885
0 0.5696573185197644 0.5422123094210874 0.1528660504295413 0.05556017447164337
0 0.5743348524409624 0.5867571949597069 0.1530298247398008 0.05868517447164336
0 0.5876780574384879 0.6774321919346449 0.14817855042954128 0.05553290339440444
0 0.613170459631623 0.8658043455254412 0.14028416327441154 0.053924951599006475
0 0.6225764371303859 0.9111577521412993 0.14201043758467105 0.057059041958086
0 0.6872753499545714 0.08912873691779295 0.14817855042954128 0.05553290339440444
0 0.6958181902982046 0.13291509835411142 0.16404921189493055 0.06031130698520064
0 0.7015635792623566 0.18293327907227067 0.15788109905006031 0.06183744554888215
0 0.7054598631835545 0.22747361943135025 0.16232293758467103 0.05717721662612103
0 0.7090252764579661 0.2806031646108901 0.17375176051544958 0.0666158491396784
0 0.7148525525772479 0.33218384532904927 0.17695864767057934 0.06819652985783761
0 0.7307442254625979 0.4267787278426066 0.1704629862051899 0.06347266842151918
0 0.7339002029613606 0.4720957730221464 0.16116987336031982 0.06498062626704133
0 0.749215343734535 0.570592360356164 0.16092421189493056 0.06029312626704133
0 0.7565232326986872 0.6206196314334028 0.16248671189493039 0.06030221662612103
0 0.7676455184289074 0.7136247428697213 0.1675017605154494 0.06657948770335978
0 0.7811934413142574 0.8082059898446591 0.15936171189493073 0.06028403590796181
0 0.8809810843507393 0.10431389626412572 0.16429487336031984 0.06499880698520064
0 0.8884427815463486 0.20198378180274518 0.1591979375846712 0.057159035907961786
0 0.8911041140880656 0.2527650318027452 0.15483798620519024 0.06338176483072289
0 0.896767615897088 0.30122071252090443 0.15788109905006031 0.06183744554888211
0 0.9088448920163698 0.3528377546753821 0.15475609905006033 0.061819264830722885
0 0.9186503392119792 0.4505212757526209 0.15623671189493038 0.06026585518980241
0 0.9258525893255506 0.5013661582661783 0.14829482134889888 0.06341812626704132
0 0.9311254661345728 0.5990724052411162 0.13774906773085432 0.06501698770335977
0 0.9341929124256712 0.7451661552411162 0.13161417514865761 0.06347266842151918
0 0.9468262488683461 0.8397610377546734 0.1063475022633078 0.06336358411256385
0 0.9410233061952926 0.8881576311388152 0.11795338760941476 0.06657039734428025
0 0.951585669944674 0.930399673293293 0.09682866011065201 0.060211313035324565
0 0.6296729641541787 0.9850709333504379 0.1423446302577247 0.029858133299124033
0 0.46499298846443826 0.9877095991396783 0.14670458163720584 0.024580801720643565