0 0.13984976167848248 0.053606268150372616 0.07344952335696497 0.10721253630074523
0 0.18607990399835056 0.05816195794371816 0.07528480799670109 0.11632391588743632
0 0.23311402837152992 0.06349435255752389 0.07560305674305985 0.12698870511504778
0 0.28083847453146393 0.06569720199178983 0.0741769490629279 0.13139440398357966
0 0.37573343738444537 0.0779290363989411 0.07959187476889076 0.1558580727978822
0 0.4243755258642475 0.08348310304850322 0.0732054824490227 0.1535249757995032
0 0.47081025666391757 0.09493368745565449 0.07021687476889085 0.15819429508134392
0 0.5155460951437196 0.10170586222188538 0.07798391066226813 0.15667724687674203
0 0.7524610734361072 0.1339269680008631 0.082853267088759 0.16295451795398092
0 0.6577479670096166 0.12822693472518 0.07972826708875883 0.16293633723582163
0 0.8431004453020042 0.1607480223537851 0.07642141066226812 0.15666815651766242
0 0.8917652658351176 0.16827872122231693 0.07798391066226813 0.15667724687674203
0 0.06990463770101453 0.2004085452777357 0.062358910662268105 0.15658634328594587
0 0.11004390439406195 0.21033299112120543 0.0696713054894186 0.13944429508134393
0 0.07743129585600017 0.3785199097391162 0.07306909012915472 0.14883747579950324
0 0.12473820486891565 0.3930909489667277 0.0686543747688908 0.15818520472226433
0 0.17099107924209503 0.39829153337387896 0.0766941953020042 0.16604315651766247
0 0.26659909593514247 0.40789327147002225 0.07012594655564541 0.15506929508134387
0 0.3186389690546806 0.42399953962039494 0.07780205423577735 0.15042724687674197
0 0.36960207548117135 0.42995410295030734 0.0732054824490227 0.15352497579950325
0 0.45980953833415283 0.44193140730322933 0.07692151583511767 0.17385565651766247
0 0.5086334832404455 0.4549308561717612 0.07476798244902269 0.15353406615858275
0 0.5595511255603136 0.4593229195016736 0.07150659012915472 0.14882838544042354
0 0.607707480733163 0.47623316354974526 0.07807483887551356 0.159802246876742
0 0.6608779448397858 0.4774865913410382 0.0814726235152495 0.16919542759490125
0 0.748991710279192 0.49807128123257965 0.07798391066226813 0.15667724687674217
0 0.8001366731321735 0.5102758445624922 0.0732054824490227 0.15352497579950325
0 0.8455855654520414 0.5146997241491832 0.0732054824490227 0.15352497579950325