0 0.3921875 0.11796875 0.040625 0.1359375
0 0.440625 0.11796875 0.0421875 0.13125
0 0.490625 0.121875 0.0421875 0.1390625
0 0.5421875 0.121875 0.0421875 0.15
0 0.7390625 0.11796875 0.0375 0.1421875
0 0.7890625 0.125 0.040625 0.15
0 0.8859375 0.121875 0.0375 0.1359375
0 0.9328125 0.13515625 0.0375 0.153125
0 0.1890625 0.30234375 0.04375 0.15
0 0.4390625 0.2984375 0.0421875 0.1390625
0 0.590625 0.2953125 0.0421875 0.15
0 0.690625 0.2984375 0.04375 0.1390625
0 0.740625 0.2953125 0.0421875 0.1390625
0 0.94375 0.2984375 0.040625 0.1390625
0 0.090625 0.4828125 0.0375 0.1390625
0 0.1359375 0.47890625 0.0390625 0.1453125
0 0.1828125 0.4828125 0.0375 0.1640625
0 0.2296875 0.4859375 0.0421875 0.153125
0 0.3875 0.47890625 0.040625 0.1640625
0 0.4375 0.47890625 0.0453125 0.1421875
0 0.5421875 0.47890625 0.04375 0.1453125
0 0.6453125 0.47890625 0.0421875 0.153125
0 0.6984375 0.4828125 0.0453125 0.1421875
0 0.7484375 0.47890625 0.0421875 0.1453125
0 0.85 0.4859375 0.046875 0.1421875
0 0.1765625 0.6703125 0.040625 0.15625
0 0.278125 0.6703125 0.040625 0.159375
0 0.33125 0.6734375 0.0390625 0.15625
0 0.3828125 0.6734375 0.0421875 0.153125
0 0.4359375 0.68046875 0.0421875 0.1671875
0 0.696875 0.68046875 0.040625 0.15625
0 0.7515625 0.6703125 0.040625 0.15
0 0.9078125 0.68046875 0.0421875 0.153125
0 0.0734375 0.86484375 0.0390625 0.1390625
0 0.1171875 0.86484375 0.04375 0.1453125
0 0.16875 0.86484375 0.046875 0.153125
0 0.221875 0.86484375 0.04375 0.159375
0 0.275 0.8609375 0.04375 0.1671875
0 0.328125 0.871875 0.0421875 0.159375
0 0.3796875 0.875 0.0453125 0.1703125
0 0.596875 0.871875 0.04375 0.1734375
0 0.7046875 0.875 0.046875 0.159375
0 0.7578125 0.875 0.0421875 0.1671875
0 0.8125 0.878125 0.046875 0.1640625
0 0.8640625 0.88203125 0.04375 0.159375
0 0.91875 0.878125 0.0453125 0.159375