0 0.012186369772757288 0.8999592296419344 0.024372739545514575 0.11852875693983052
0 0.0422658936901277 0.9042752922572908 0.04683519072219058 0.11676599784053181
0 0.08429422619964172 0.9108850400978223 0.051841025703162534 0.12487888648947987
0 0.1312965601920305 0.910763926587302 0.05391286167271767 0.13747901603912888
0 0.308848557226281 0.9345070612264678 0.05534802768032883 0.13098587754706442
0 0.350095639735795 0.936199370371909 0.05716519566510643 0.127601259256182
0 0.3960620557434062 0.9400450636166487 0.05547536167271776 0.11990987276670247
0 0.441024387264337 0.9458188494739762 0.05391286167271758 0.10836230105204762
0 0.48239880376623984 0.9491237233942421 0.05209569368794007 0.10175255321151581
0 0.5251765527776567 0.9523785325396833 0.05684686068413445 0.09524293492063336
0 0.5688947192795595 0.9545615962347738 0.05678319368794007 0.09087680753045255
0 0.020877596806789002 0.7409847478405316 0.041755193613578004 0.15496690468807692
0 0.05816676080005283 0.7447198195551866 0.05404019566510645 0.14060401603912887
0 0.19209609182669207 0.7642684608250283 0.056655859695551314 0.12830427513842757
0 0.2380306743362061 0.7711285325396833 0.05522069368794007 0.13132914558877823
0 0.2824664238419145 0.7763259747046888 0.058218359695551315 0.12840440468807693
0 0.3277152568457201 0.7807922316445193 0.05378552768032883 0.13435401603912905
0 0.07260062840426953 0.5827204673034332 0.05872769566510645 0.1409044046880769
0 0.11791312840426953 0.5856242242432635 0.055475361672717674 0.1375791455887782
0 0.16159946140807513 0.5899903516334446 0.05891869665368965 0.14559190468807692
0 0.20962312593281163 0.6032506176725735 0.05509335969555131 0.1282041455887782
0 0.25562137543852004 0.6085481893872284 0.05196835969555132 0.12800388648947952
0 0.3042498764271032 0.6069647054263575 0.06060853064607841 0.14881703423772627
0 0.3484309579480341 0.6184121475913631 0.05885502965749527 0.14402940468807693
0 0.8958988655526883 0.6965764342930995 0.06016286167271758 0.13787953423772628
0 0.08866066300468065 0.41925874460132917 0.054966025703162516 0.12507914558877822
0 0.8634325809522772 0.8589867967238856 0.058727695665106695 0.1409044046880769
0 0.9054927469598884 0.8648152945644174 0.052223027680328826 0.13425388648947978
0 0.4847995394689649 0.6357672331856786 0.05678319368794007 0.13142927513842756
0 0.5282948714841874 0.6448208605758596 0.052223027680328826 0.1342538864894795
0 0.13475441300468063 0.4222125663159842 0.058727695665106425 0.1409044046880769
0 0.18147024551419466 0.4291227028054638 0.05885502965749523 0.14402940468807693
0 0.2290946620160975 0.4329579040697681 0.06073586463846718 0.1519420342377263
0 0.27577866102751425 0.44064929055924773 0.06073586463846716 0.15194203423772623
0 0.3241206605332227 0.44609705659837673 0.05898236364988403 0.14715440468807692
0 0.37080465954463954 0.4537884430878563 0.06185269566510643 0.14110466378737563
0 0.4157351575674732 0.46606720002768665 0.059109697642272786 0.15027940468807693
0 0.46176524057127877 0.4705835217423416 0.06054486364988385 0.14725453423772628
0 0.10416228209177211 0.2502782071244004 0.05729252965749523 0.1439292751384276
0 0.15097361509557775 0.25484459361388007 0.060290195665106426 0.14100453423772627
0 0.19706736509557773 0.25779841532853504 0.06542336463846717 0.15224242288667425
0 0.39002152764314785 0.28974572948505084 0.058727695665106425 0.1409044046880769
0 0.43673736015266185 0.2966558659745305 0.06060853064607841 0.14881703423772627
0 0.6705075236888152 0.32651904842192864 0.059046030646078405 0.1487169046880769
0 0.5979428211036264 0.4926261073366572 0.052223027680328826 0.1342538864894795
0 0.6456627380998208 0.4941175586009615 0.06322419467652338 0.13651729333702498
0 0.6922830701150433 0.5033714450904411 0.060544863649884026 0.14725453423772628
0 0.786591485628363 0.514898032844225 0.06041752965749527 0.1441295342377263
0 0.8332118176435854 0.5241519193337046 0.06204369665368965 0.14579216378737564
0 0.8791464001530993 0.5310119910483596 0.057419863649884204 0.14705427513842756
0 0.925335650647391 0.5316220627630146 0.06172536167271758 0.13797966378737564
0 0.9624854821683219 0.5426189219545983 0.041285527680328823 0.1335529796419344
0 0.7668413542211627 0.34600833050018653 0.06210736364988403 0.14735466378737563
0 0.8128396037268713 0.3513059022148416 0.060290195665106336 0.14100453423772627
0 0.9104003532325796 0.3599077490679241 0.06386086463846716 0.1521422933370249
0 0.9563349357420936 0.3667678207825791 0.06217103064607841 0.14891716378737563
0 0.9795814347535104 0.37295726402731894 0.021355029657495094 0.14162629549649317
0 0.8929767257797122 0.17236817627353498 0.0651050296574951 0.1444299228866742
0 0.9769697238025458 0.18715017195459832 0.04211319863085592 0.1538654796419344
0 0.7949212277568786 0.15668501464562773 0.05923703163466154 0.15340440468807692
0 0.07411132064651593 0.06506259793281674 0.05802735870696814 0.1237169046880769
0 0.11760665266173835 0.07411622532299772 0.06166169467652329 0.13641716378737556
0 0.16920098615983553 0.07663925046142532 0.06159802768032892 0.13485466378737554
0 0.21822873517125235 0.08448083127537895 0.06354252965749525 0.14432979333702486
0 0.45987506570360004 0.1132821614710237 0.06398819863085592 0.15526729333702485
0 0.5098750657036001 0.11648630705980198 0.06749520060802236 0.1648425524363235
0 0.5589346482131141 0.12354663787375561 0.06287136760421674 0.16610466378737554
0 0.6039924802283365 0.13270039481358592 0.06749520060802236 0.1648425524363235
0 0.6547418967302393 0.13673585517718884 0.06736786661563343 0.16171755243632352