0 0.8034479788534998 0.9829310684731615 0.14390048620519016 0.03413786305367701
0 0.8048976141996074 0.9558610975290666 0.15491987336031982 0.07554721950581325
0 0.8109528623905851 0.9080747929649633 0.1551655348257089 0.08023471950581325
0 0.8209553041591275 0.8613657363262675 0.15689180913596842 0.08347811867597628
0 0.8451762969230383 0.6702205180698539 0.16149742198083886 0.08227081618646537
0 0.8472843515364513 0.621356965580343 0.1709543091359685 0.08454371120744356
0 0.8532577125722991 0.5720081610162397 0.15500176051544975 0.07710971950581325
0 0.8528991864530173 0.5206232597714843 0.15829053482570893 0.0804715178461393
0 0.8785365943003619 0.4307445435896632 0.16610303482570918 0.08106351369695446
0 0.8950070420617984 0.3292771319719455 0.16001680913596844 0.08371491701630233
0 0.9030884577110591 0.23106477491833122 0.17580558344622793 0.08802390871793264
0 0.9149499706013579 0.14558921620504298 0.1573078889641522 0.06172151784613935
0 0.6467531642904644 0.7742414767784979 0.1551655348257091 0.08023471950581325
0 0.6547117492070305 0.6736853697248836 0.16766553482570892 0.08118191286711748
0 0.6583004166653136 0.6233777164055356 0.1537668091359686 0.08324132033565021
0 0.684196774083117 0.47904829856404063 0.16149742198083886 0.08227081618646537
0 0.6993503833099426 0.38214998777615994 0.17580558344622813 0.08802390871793264
0 0.7356818724558087 0.09543216039153976 0.15517217887824372 0.05066561867597634
0 0.4423566706220424 0.9276112400512451 0.16149742198083886 0.08227081618646537
0 0.4404765880803255 0.8768891896363267 0.16774742198083886 0.08274441286711749
0 0.4543033926937383 0.8289136309230383 0.17580558344622813 0.08802390871793264
0 0.4569470358417619 0.7754217780186089 0.16980124491161738 0.09223781203728051
0 0.489638947872978 0.5825840051980921 0.15820864767057935 0.07890901784613931
0 0.49495388964152054 0.5355197510489071 0.15804487336031983 0.0757840178461393
0 0.4977203635222388 0.4843716481444778 0.16322369629109837 0.0855142153566284
0 0.5075590309805218 0.434537591505782 0.17284435775648746 0.09091211037760658
0 0.5102845612836752 0.38260823860135257 0.16947369629109837 0.08598781203728052
0 0.5130919787419582 0.33224138569692313 0.17399742198083884 0.08321800954776962
0 0.5189834526226764 0.28133008113281976 0.17103619629109837 0.08610621120744355
0 0.5361532632289829 0.1783593691001836 0.17596935775648745 0.09114890871793264
0 0.5487584045679843 0.07737720955705839 0.17251680913596862 0.0846621103776066
0 0.25306511928798997 0.8346746883869267 0.17399742198083884 0.08321800954776962
0 0.26834155924751024 0.740120127599046 0.16791119629109835 0.0858694128671175
0 0.28168700700894667 0.6384159176410023 0.17596935775648762 0.09114890871793264
0 0.2908672551999243 0.5908664114172251 0.16930992198083886 0.08286281203728052
0 0.29433309192551277 0.5382150080978771 0.1551655348257091 0.08023471950581325
0 0.3002245658062309 0.4873037035337737 0.1661030348257091 0.08106351369695446
0 0.30233262041964376 0.4384401510442628 0.15820864767057935 0.07890901784613931
0 0.3057984571452322 0.3857887477249149 0.19315685775648755 0.0924512995897259
0 0.33825799581612853 0.12912527324472411 0.1709543091359686 0.08454371120744356
0 0.34480788896415204 0.07592941826570225 0.18213747060135788 0.09006000539858472
0 0.35246325870642725 0.043827313286680394 0.18930151741285456 0.04858290041956288
0 0.09298967718076315 0.6459054184661949 0.12227114767057934 0.07618583693238978
0 0.09884020748391645 0.5942128639020916 0.13954053482570908 0.07905072780418312
0 0.10020795567489413 0.546071361827499 0.1473530348257091 0.0796427236549981
0 0.1036328488229177 0.49263870850815117 0.16009869629109832 0.08527741701630234
0 0.12573141960598963 0.23129938942190073 0.15195864767057934 0.07843542116548727
0 0.14137967378986113 0.12899152821910156 0.15853619629109833 0.08515901784613938