0 0.10174478390822157 0.857938480148368 0.1272217795695046 0.08412303970326392
0 0.1066826869275402 0.7960378921924652 0.14291955417661045 0.08604921561506948
0 0.09725837530733168 0.5936941421924653 0.1428467795695046 0.08448671561506949
0 0.09878017989822688 0.5256162894189236 0.15200345574818702 0.08001742116215294
0 0.10293683291754549 0.463733885258611 0.16642982878371632 0.08815722948277802
0 0.11141711290133485 0.39392987832475684 0.17558650496239872 0.0836879350298612
0 0.11769919209933592 0.32730542277767355 0.17565927956950458 0.0852504350298613
0 0.12312293858467924 0.19187641584381937 0.16181510339082217 0.08961062670923621
0 0.13806723428423429 0.05935420336288183 0.16621150496239873 0.08346972948277791
0 0.1421703833746115 0.015660714380798586 0.156215766749223 0.03132142876159717
0 0.2997627528909749 0.8275203622728469 0.21352315260503385 0.09393575721819465
0 0.30210219478542305 0.7602055757037152 0.20683650496239875 0.08441528685347244
0 0.8085470556198434 0.954109431708298 0.213557385855811 0.06115962480937505
0 0.9954302781217624 0.2886980647827075 0.009139443756475175 0.07707164627652778