0 0.19761804517253698 0.007214956467863648 0.054763909654926037 0.014429912935727296
0 0.24316549195422832 0.013881036296047122 0.06054401609154336 0.027762072592094244
0 0.3410948935633827 0.007395340909459936 0.05843521287323465 0.014790681818919873
0 0.38664234034507394 0.013938590004948783 0.05484031930985207 0.027877180009897567
0 0.526447885517611 0.022013361601674823 0.05960422896477802 0.044026723203349646
0 0.674410138115501 0.025093556366664292 0.05593292574646931 0.050187112733328584
0 0.7210830423225454 0.032458999039718016 0.057932468321116204 0.06491799807943603
0 0.8671550129894502 0.044068830282468704 0.055605143815484225 0.06051477611928182
0 0.253431366576076 0.1159304579382017 0.08436356436617354 0.16009869629109832
0 0.3033767362542451 0.11409131897404963 0.0743330005042031 0.15023237336031983
0 0.345143619173966 0.12902692220798145 0.06953623986054139 0.14842421189493055
0 0.39503435853030433 0.12796903324382938 0.07702095792955613 0.14414614767057934
0 0.43667555531199564 0.1335705800553261 0.07375384629715871 0.16421298620519006
0 0.6853426482549596 0.16179299807943603 0.08803486758448216 0.16807497060135784
0 0.7362495843929893 0.16846572196015422 0.08858117080279086 0.17588747060135784
0 0.8343757279563718 0.178890887609415 0.09148764951546733 0.1729262449116173
0 0.9360803395887694 0.19379883537085135 0.09014367080279087 0.1759693577564876
0 0.021045201473268327 0.4536672325871455 0.042090402946536654 0.1520405348257091
0 0.04769055690147949 0.4645328115108178 0.07433300050420309 0.15023237336031983
0 0.09652689464866342 0.46742211612423057 0.07956680372251176 0.1582905348257091
0 0.19181761531556826 0.485001362506186 0.08480060694082044 0.16634869629109836
0 0.24216182274092132 0.4885900299644691 0.08469134629715871 0.16478619629109836
0 0.2941231604881053 0.49131556026762235 0.07956680372251172 0.1582905348257091
0 0.3419050966261349 0.49815205845860006 0.08647236758448215 0.16799308344622813
0 0.4924460460057162 0.5159493108334493 0.08690941015912905 0.17424308344622794
0 0.5941506576381137 0.5308572585948856 0.08280106436617345 0.1600168091359686
0 0.6961830512014963 0.541077706356322 0.08734645273377595 0.1804930834462281
0 0.7455274873395259 0.54783231739217 0.08901821337743776 0.18213747060135788
0 0.7983411309029085 0.5606322105401935 0.08145708565349707 0.16305992198083885
0 0.8491934367191073 0.5680861844209117 0.08578395273377595 0.18041119629109836
0 0.1389718487198218 0.6730269849619946 0.08734645273377603 0.1804930834462281
0 0.18937068646700572 0.6758344024202778 0.08858117080279086 0.17588747060135787
0 0.2380595587430649 0.6919640134561257 0.0851283888718056 0.17103619629109837
0 0.2900208964902488 0.694689543759279 0.09348719209011432 0.17925813206674696
0 0.013856142302874918 0.841457159656367 0.027712284605749836 0.16018058344622793
0 0.03693854521097428 0.8490749078473445 0.07387709042194857 0.16001680913596852
0 0.18659597568745798 0.8713549423343695 0.08280106436617349 0.16001680913596844
0 0.29002697828534807 0.8838372529406762 0.0831288462971587 0.16470430913596842
0 0.3431684037797159 0.8919496460886996 0.08614458565349699 0.1633055834462283
0 0.5557012547684516 0.9026061058359236 0.08563113342392406 0.13369997060135788
0 0.6047561138029589 0.9023704104493365 0.08374085149293879 0.1289305834462283
0 0.6548817999409886 0.9090840779076196 0.07774222376899793 0.10993492198083885
0 0.714529951550143 0.902066116012689 0.09391352698730664 0.11856629353213641
0 0.7665077147916947 0.9156882027382774 0.08224405347041035 0.08526247060135787