0 0.8833431056803128 0.23603434698907666 0.07233345792955603 0.14280754809323426
0 0.8050160098873571 0.2473959437236993 0.07400521857321785 0.14442461179556512
0 0.716696555059894 0.2560591263931714 0.07567697921687966 0.14604167549789598
0 0.6723456215197545 0.2631250927279074 0.07611402179152656 0.15229167549789596
0 0.6319555683014458 0.2695462183184706 0.07567697921687966 0.14604167549789596
0 0.49726921186482853 0.28050602176918243 0.07156863342392406 0.13187004809323427
0 0.4560979086465199 0.2868998655085802 0.06720891535490914 0.1363938569862416
0 0.3301309883479321 0.3075620511732772 0.0666626121366006 0.1285813569862416
0 0.2873971851296234 0.313901331210344 0.0702246547112475 0.1349404843909034
0 0.10407622276059181 0.19159227767481418 0.07022465471124749 0.1349404843909034
0 0.010489749747898455 0.21226438702330858 0.02097949949579691 0.13077877404661714
0 0.036178346587697544 0.353663202539738 0.07235669317539509 0.13817461179556512
0 0.9090265306704776 0.39512909399385177 0.06866215471124733 0.13488592068857255
0 0.8702536077739996 0.4008235332867458 0.06553715471124733 0.13477679328391085
0 0.8300274455211836 0.404900908877309 0.07378669728589422 0.14129961179556502
0 0.7850591529465366 0.40959584336087956 0.06866215471124751 0.13488592068857255
0 0.7414348390845662 0.41747034154678103 0.07433300050420293 0.14911211179556508
0 0.6496461768317502 0.419747114960426 0.07745800050420293 0.14922123920022687
0 0.603623482647949 0.42832101759283125 0.07702095792955603 0.14297123920022686
0 0.5146866687859785 0.4346131684111379 0.07422373986054147 0.14754961179556508
0 0.4740780942803463 0.444159294001701 0.06709965471124732 0.1348313569862416
0 0.43005494267119204 0.446537760336437 0.07255197921687966 0.14593254809323425
0 0.3884465968782364 0.45918160407583475 0.07923902179152656 0.1524008029025577
0 0.2138618601197882 0.4695312831171098 0.07422373986054132 0.14754961179556508
0 0.17069101432683254 0.48212056315417673 0.0702246547112475 0.1349404843909035
0 0.1300824398212004 0.49166668874473984 0.07200567599857095 0.13812004809323425
0 0.08495025628106087 0.4987053732283105 0.0765839153549092 0.13672123920022675
0 0.9338740753388113 0.5549778091474614 0.06866215471124733 0.13488592068857255
0 0.8945002189021942 0.5692659984403555 0.07433300050420329 0.14911211179556502
0 0.8537113279367015 0.5701910921797533 0.07411447921687966 0.14598711179556503
0 0.8080710460057162 0.5732962448121585 0.07378669728589457 0.14129961179556502
0 0.7613763624655767 0.5802803655933981 0.07767652179152655 0.15234623920022675
0 0.5359175405578346 0.6013840061600858 0.0758955005042031 0.14916667549789597
0 0.48855086766135675 0.60677834509016 0.07556771857321784 0.1444791754978958
0 0.44498118412121723 0.6138715932760616 0.07255197921687966 0.14593254809323425
0 0.40313789154657026 0.6186756551642938 0.07411447921687966 0.14598711179556503
0 0.31783417607544556 0.6290104652384277 0.0706616972858944 0.14119048439090348
0 0.14014086481136517 0.6502157987262065 0.0670996547112475 0.1348313569862416
0 0.0972431706275639 0.6588988287632732 0.0702246547112475 0.1349404843909035
0 0.8736528513177119 0.7330011162263703 0.07066169728589458 0.14119048439090348
0 0.8324269177775723 0.740176209965768 0.07789504307884991 0.15547123920022693
0 0.7843882555247562 0.743980767044677 0.07745800050420293 0.14922123920022692
0 0.742654223593771 0.7472223289329094 0.07466078243518837 0.15379961179556503
0 0.6931076916627859 0.7501910723094875 0.0831288462971587 0.1634474303072194
0 0.6442331490881388 0.7547495975372308 0.08490986758448216 0.16662699400955017
0 0.5548046623296907 0.7680729983555376 0.07978532500983526 0.1602133029025577
0 0.5123986410423672 0.7697247783926043 0.07912976114786474 0.15083830290255767
0 0.4191185346057498 0.7821305199550839 0.07611402179152656 0.15229167549789616
0 0.3716426010656103 0.7890873588851582 0.07622328243518836 0.15385417549789598
0 0.2841043962381473 0.7977778234057957 0.08280106436617345 0.15875993030721922
0 0.19483980044519167 0.8087574742241024 0.07444226114786483 0.15067461179556502
0 0.02964503326836752 0.8332514988188737 0.05929006653673504 0.1413541754978959
0 0.858891592767737 0.8992982388217087 0.07280335149293862 0.12723711179556502
0 0.7672832469747813 0.9101960440865191 0.06844363342392405 0.13176092068857273
0 0.7199165740783036 0.9155903830165932 0.07502141535490914 0.1366666754978958
0 0.6749482815036567 0.920285317500164 0.0753491972858944 0.1413541754978958
0 0.6264725766761937 0.9303398745790729 0.0733496547112475 0.13504961179556502
0 0.5340829808832381 0.9344990460474676 0.07400521857321785 0.13100190790506475
0 0.48493528669943675 0.9394990427357566 0.07534919728589458 0.12100191452848677
0 0.39231074412478983 0.944112131665831 0.0776001121366006 0.11177573666833815
0 0.2561000925156355 0.9456448606144388 0.0770538089182919 0.10871027877112241
0 0.1676713770445108 0.9573983269491748 0.07519637797604237 0.08520334610165037
0 0.12117878929732684 0.9510838395630465 0.07908620248167453 0.097832320873907
0 0.08146072543535643 0.9598313569862416 0.0715250747577337 0.0803372860275168
0 0.03894544350437122 0.9637822470047752 0.07086951089576328 0.07243550599044965
0 0.024861657221524044 0.6661632025397379 0.04972331444304809 0.13812004809323425
0 0.002713505612369707 0.6690054603442862 0.005427011224739414 0.12937996515360978
0 0.022484874243695364 0.5123288744094368 0.04496974848739073 0.1431349303072194