0 0.03702666720828436 0.07321181070710597 0.03219666558343128 0.14478671034428625
0 0.07755620982195817 0.08009921696770822 0.060512580356083666 0.15670635698624166
0 0.2453749553577313 0.09455856496827522 0.06237508928453739 0.17394842068857252
0 0.29756870089350446 0.10498019899635888 0.05294554220663672 0.1704960384745874
0 0.35540847443245477 0.10543655598260056 0.06558190990138843 0.17874504809323422
0 0.6925675551955754 0.1367535656860654 0.06070349512873605 0.16764385698624168
0 0.7494624375008238 0.14655764082114164 0.06278419236879244 0.1973859206885725
0 0.014935658686867715 0.26396329627913573 0.02158644805083536 0.16315476442797028
0 0.11001633360578982 0.2805729321213179 0.06064894805083537 0.1645188569862417
0 0.2801242820636623 0.2982391256753812 0.057660315745587096 0.1722222295815799
0 0.03223838677277045 0.4818874062606023 0.05294554220663672 0.1704960384745874
0 0.14468383969486978 0.48894099282842396 0.06371940097293467 0.1615029843909035
0 0.20164690584749395 0.49483881796350015 0.057469400972934695 0.16128472958158008
0 0.260008830766416 0.5101662068009072 0.06558190990138843 0.17874504809323427
0 0.31462814691904023 0.5159821863824872 0.06253873051823948 0.18332342068857238
0 0.3763468969190402 0.5181374526245559 0.06870690990138843 0.17885417549789578
0 0.4902730292242885 0.5299331028947084 0.0738035129856435 0.20245536660488844
0 0.5487167747600615 0.5405729917321155 0.0656637305182393 0.18343254809323425
0 0.6088730247600617 0.5426736942718534 0.06892509821299111 0.1913541754978958
0 0.845223581984232 0.5720338451749781 0.0687887305182393 0.18354167549789596
0 0.8991434687537072 0.5731350429053926 0.06245690990138826 0.17863592068857254
0 0.9576690349063313 0.5790874317427998 0.0687887305182393 0.1835416754978958
0 0.23996156331654567 0.7181870379264332 0.06580009821299111 0.19124504809323425
0 0.29700645008602083 0.7193973630615095 0.06878873051823949 0.18354167549789596
0 0.4756126911575671 0.7428324069783925 0.06870690990138843 0.17885417549789578
0 0.5923501777648864 0.7727059346532067 0.06892509821299128 0.19135417549789596
0 0.6509575645343617 0.7739708234906137 0.07213191882984216 0.19615080290255768
0 0.7141569939175106 0.7808681534350134 0.07073306006354425 0.20547123920022692
0 0.1606620267919518 0.9171031983633867 0.06802507142762995 0.13979167549789578
0 0.28091997971405114 0.9244296034428625 0.06818871266133204 0.1491666754978958
0 0.3933245223277249 0.9280729420564509 0.06673530681713329 0.1438541158870983
0 0.7024267869382216 0.9471602645127882 0.06476370373287814 0.1056794709744235
0 0.7617336030908457 0.95213050670824 0.061502336038126514 0.09573898658352001