0 0.035419359791703006 0.4431330573706944 0.07083871958340601 0.17064111474138888
0 0.13018497585161218 0.41580945079743065 0.09236465940862688 0.16922408510611117
0 0.18452313486452765 0.4022203826931599 0.08763169530200421 0.1675524823325695
0 0.23805731182413176 0.3893943807932988 0.08579641066226813 0.158141114741389
0 0.3941769311827462 0.34377602232017396 0.08092705423577744 0.15178201196784719
0 0.5003049107287751 0.32357458472486156 0.08892141066226814 0.15821384992375007
0 0.604430121074474 0.2915998457427783 0.08262594655564541 0.15650587955902787
0 0.6578961018741442 0.28111759384291723 0.087086126022532 0.14880248233256949
0 0.7061206532069277 0.2626955553739242 0.08248955423577727 0.15181837955902786
0 0.02997268451470502 0.6532711235751043 0.05994536902941004 0.16420927678548622
0 0.06970916244463476 0.6403360189017014 0.08763169530200421 0.1675524823325695
0 0.1215217150310595 0.6329423994106598 0.09066576708875881 0.16450021751493066
0 0.2287264612701358 0.6026028956109377 0.0910294799417403 0.17700021751493064
0 0.3358175472426554 0.5761696418112155 0.09227373119538154 0.16609908510611113
0 0.5462298615075627 0.5185247152338199 0.08892141066226814 0.15821384992375015
0 0.7045341064929976 0.4784296581474659 0.09075669530200407 0.16762521751493065
0 0.7558381937191585 0.461642854860834 0.08606919530200426 0.1675161147413889
0 0.06961691957077074 0.8584502392664237 0.0764668747688908 0.15948540919430557
0 0.38011180186150895 0.7734271547289934 0.09397262351524951 0.1708229526972918
0 0.6479872751393316 0.7022658952296881 0.09562605172849495 0.17398432028847227
0 0.7558368790585399 0.6766320752255562 0.09075669530200407 0.16762521751493065
0 0.7633792237400412 0.25621047245201456 0.08575094655564541 0.15657861474138893
0 0.8139247930195133 0.23862423536979235 0.08423391066226812 0.15810474715020834
0 0.8690442020324287 0.22505335106111185 0.090665767088759 0.16450021751493063