0 0.24881273989500485 0.7659359224072577 0.07436584269572588 0.21615384890464337
0 0.32935421522918656 0.7573445209161894 0.06499084269572589 0.21588106426490725
0 0.41527353389564114 0.756406495051942 0.07436584269572602 0.21615384890464337
0 0.49181785256209576 0.7557412538274307 0.07754538669636232 0.22093227711788882
0 0.6605314898950049 0.7539561303121811 0.07754538669636232 0.22093227711788863
0 0.8293178525620958 0.7459210067969315 0.07129538669636233 0.22075042069139794
0 0.9121212618953229 0.7442926591459295 0.07432948002863497 0.21302884890464338
0 0.9745848992282321 0.7455990948810223 0.027527205362816786 0.21791492570596294
0 0.16399448659295796 0.5380131623781278 0.0713499306969986 0.22543792069139795
0 0.019544338657704958 0.2423322525072825 0.039088677315409916 0.22296613855894432
0 0.25346825596754696 0.2316063865138803 0.06817038669636233 0.22065949247815259
0 0.9698745059675471 0.210761093627381 0.057232886696362326 0.22034124373179384