0 0.2265625 0.10078125 0.03125 0.1109375
0 0.353125 0.121875 0.0328125 0.115625
0 0.0578125 0.24296875 0.0328125 0.1078125
0 0.2671875 0.25703125 0.034375 0.1109375
0 0.309375 0.26015625 0.0328125 0.1078125
0 0.3515625 0.26015625 0.03125 0.1078125
0 0.471875 0.27421875 0.03125 0.1078125
0 0.5125 0.278125 0.03125 0.1078125
0 0.66875 0.284375 0.028125 0.1015625
0 0.7453125 0.2953125 0.03125 0.1078125
0 0.1375 0.403125 0.03125 0.1109375
0 0.309375 0.41328125 0.0328125 0.115625
0 0.3484375 0.41640625 0.0328125 0.1109375
0 0.5109375 0.42734375 0.0296875 0.1078125
0 0.1359375 0.55546875 0.03125 0.1109375
0 0.178125 0.55546875 0.03125 0.1078125
0 0.2203125 0.5625 0.034375 0.1109375
0 0.2625 0.565625 0.0328125 0.1109375
0 0.303125 0.565625 0.0328125 0.1109375
0 0.3875 0.56953125 0.0328125 0.1109375
0 0.428125 0.57265625 0.028125 0.1078125
0 0.46875 0.5765625 0.0328125 0.1046875
0 0.509375 0.57265625 0.03125 0.1046875
0 0.5484375 0.5765625 0.0296875 0.1078125
0 0.5875 0.5796875 0.03125 0.1078125
0 0.13125 0.721875 0.0328125 0.121875
0 0.2578125 0.721875 0.0328125 0.1140625
0 0.50625 0.72890625 0.03125 0.1078125
0 0.5859375 0.7328125 0.0296875 0.1078125
0 0.70625 0.73984375 0.028125 0.1015625
0 0.825 0.74296875 0.0328125 0.1078125
0 0.8640625 0.74296875 0.034375 0.1078125
0 0.0421875 0.86796875 0.0296875 0.115625
0 0.1703125 0.875 0.0328125 0.11875
0 0.296875 0.878125 0.034375 0.1109375
0 0.4640625 0.88515625 0.0359375 0.125
0 0.54375 0.88515625 0.0328125 0.115625