0 0.07216250154115948 0.15223595364722228 0.1297060888335181 0.07634690729444457
0 0.06958701650055428 0.22160354948690975 0.11494268198597286 0.06508209897381952
0 0.07487289867109725 0.35278081430454866 0.10753070018457014 0.0711502610179167
0 0.07736564543189477 0.4160256967133681 0.1053674228866742 0.06173889342673622
0 0.08152102174234158 0.4808694467133681 0.10616845928386878 0.07423889342673622
0 0.0941874097729807 0.6785256967133682 0.10616845928386878 0.07423889342673622
0 0.095036115817647 0.8135001087574654 0.08984255243632351 0.06293771751493074
0 0.10524003546511869 0.9362109101442361 0.09513082973421945 0.0724218202884721
0 0.2790606623938744 0.812322734516771 0.2075307001845701 0.07347778685347243
0 0.2626394162513857 0.5560727345167711 0.20078005243632352 0.06551981648875013
0 0.26602882479697393 0.3533295942241669 0.2202309592838688 0.07689372758291686
0 0.2566550223606504 0.2922648076550349 0.2063291455887783 0.05472778685347244
0 0.2644687199243269 0.23160006458888907 0.2070300524363235 0.06566528685347242
0 0.2599128254152828 0.16050631458888912 0.21963018198597287 0.06751872758291685
0 0.2610271375692138 0.03181827013597244 0.23455427513842758 0.05694490349472241
0 0.5060902251661142 0.4962119977188893 0.21963018198597287 0.06751872758291685
0 0.5352932711240328 0.6841120412218754 0.23505492288667434 0.06475740349472243
0 0.529408720690294 0.9453034611497575 0.23545544108527156 0.0710074034947226
0 0.7624004958287217 0.9927655152441496 0.22680233189368781 0.014468969511700892
0 0.7667084615909954 0.9477063350092021 0.2202309592838688 0.07689372758291668
0 0.7582475146456278 0.8156750850092018 0.20713018198597286 0.06722778685347244
0 0.7632704719269117 0.5653847974901395 0.21942992288667415 0.06439372758291687
0 0.7546779194905882 0.5043381947165978 0.2289050524363235 0.0661744331300003
0 0.7507728670542646 0.4434006947165979 0.2195300524363235 0.06595622758291686
0 0.7510546668696945 0.3747597974901395 0.2016812183831675 0.07958231648875014
0 0.7616255197397568 0.17452406135784787 0.20713018198597305 0.06722778685347235
0 0.7573712114433371 0.04727123033579925 0.20224242288667416 0.06399368407993072
0 0.95703125 0.05196264959809108 0.0859375 0.06137521751493062
0 0.9489765229789594 0.24538534127746608 0.10204695404208124 0.07452983415618064
0 0.9455434932124405 0.5037063343436119 0.10891301357511907 0.07507534802388918
0 0.9463090052417872 0.5708574667524313 0.1073819895164256 0.06421058320625014
0 0.9475303462347737 0.633339282956841 0.10493930753045255 0.06424695079743081