0 0.14280769399694088 0.5103900103821694 0.1903716298696163 0.08601163666229361
0 0.12638958157719493 0.3757041972421072 0.1903716298696163 0.08601163666229379
0 0.4445091469223355 0.9965851156156063 0.1926784237011061 0.0068297687687874035
0 0.42933988880466056 0.8962034969456412 0.1966489034085667 0.08793815770898092
0 0.42659276421005005 0.8295697337914614 0.19037162986961637 0.08601163666229361
0 0.4184177999238651 0.7602737022214303 0.19037162986961637 0.08601163666229379
0 0.4008696099874093 0.5559201311888604 0.19198867694751698 0.0892276419239657
0 0.3761810758951521 0.3574070364787671 0.19204322402541774 0.09235264192396553
0 0.6942966871003773 0.9499556414298553 0.19207049756436803 0.0939151419239657
0 0.6561298543053664 0.5379414888413718 0.19031708279171564 0.08288663666229361
0 0.6314958672910099 0.33630339413127847 0.19207049756436803 0.09391514192396552
0 0.9179308303626742 0.8620971385872579 0.13730117694751698 0.08604245776545091
0 0.8871867597425279 0.38325950704546174 0.18096935633066594 0.08390310509226265
0 0.8820549748394919 0.31883298599877435 0.17471935633066593 0.08353908404557533