0 0.22765861201929943 0.9318070514063251 0.056651194804424446 0.11472834486680376
0 0.27990690463297324 0.9394086457788372 0.05665119480442442 0.11472834486680376
0 0.3321824707855974 0.9432287003608766 0.05983074188232518 0.11354259927824692
0 0.3867199663213705 0.9505610392961812 0.06281937418757347 0.09887792140763771
0 0.438940985396094 0.9560198369767289 0.05338982710967279 0.08796032604654229
0 0.5419978015487181 0.9615728058549493 0.059530732953871277 0.07685438829010138
0 0.7488517735455409 0.9759310776037792 0.06073867694751698 0.048137844792441695
0 0.8488654103150161 0.9771871714819997 0.06076595048646745 0.04562565703600043
0 0.9050745000065905 0.9807087609115961 0.0575591298696164 0.03858247817680791
0 0.2849696948077198 0.380623894790254 0.07323076866768634 0.17005251482874773
0 0.30348173579654053 0.17107248125410074 0.07835464529089187 0.19524351581733076
0 0.3588550284102143 0.17880140961900165 0.06870690990138843 0.17923651384016442
0 0.4189021842544129 0.1875025889724857 0.07037850405718978 0.18555018083635882
0 0.4711504768680868 0.19510418334499782 0.07037850405718978 0.18555018083635882
0 0.5811839959428102 0.20662395657670243 0.07350350405718978 0.18567751482874764
0 0.8470993222417039 0.24560417942784615 0.0637194009729349 0.16185801285158127
0 0.8977851148553778 0.2531421068041639 0.062320542206636985 0.1711693458553869
0 0.9499515868522007 0.265431201176676 0.06714440990138826 0.17917284684397003