0 0.2209942458287216 0.9813456252311091 0.1455523318936878 0.0323076978092864
0 0.19923106492248296 0.8982292483506473 0.15027940468807693 0.05739862602253183
0 0.18773355798265262 0.8531668009370723 0.15017927513842758 0.05583612602253183
0 0.1375671699520135 0.6566016894960164 0.14080427513842758 0.05556334138279588
0 0.12518828346253388 0.6099994741357525 0.14402940468807693 0.057216769596041314
0 0.11739676742340492 0.5616983664556205 0.13767927513842762 0.05547241316955063
0 0.11184887183462663 0.5117665626155545 0.14246690468807693 0.0571713054894186
0 0.10546966147102373 0.4610762408288 0.1553674228866742 0.06378501834239998
0 0.08847432371723979 0.36686323957515876 0.13369268198597284 0.06627352084968248
0 0.08277623380398753 0.31458768573509277 0.1289050524363235 0.0645746285298145
0 0.07425353253968323 0.26709056010827215 0.11746690468807693 0.056443879783455664
0 0.07261188695090495 0.21704509600164945 0.12099242288667422 0.0627848079967011
0 0.40013103330565036 0.967523502969501 0.14665375693983035 0.04949519780928639
0 0.34741134175895355 0.7311146415284452 0.15985466378737562 0.06079641066226813
0 0.328653244905871 0.6338221043814267 0.16317992288667424 0.06401233887551357
0 0.314611728866742 0.5857028531277855 0.15380492288667416 0.06373955423577744
0 0.3051075185031391 0.5351034595542762 0.15819203423772626 0.05918844655564541
0 0.28156179210040716 0.43638481472712576 0.15536742288667416 0.06378501834239998
0 0.2588974452473246 0.3392059378466638 0.14246690468807693 0.0571713054894186
0 0.23691421884459274 0.24044182891289062 0.15965440468807693 0.05767141066226813
0 0.7604980343853845 0.9359048122863503 0.1568297933370248 0.062267982449022694
0 0.7512441478959049 0.8892116687128409 0.15340440468807692 0.057489554235777264
0 0.7196275007659672 0.6889759879923132 0.1804675524363235 0.06607494404836309
0 0.7015796051771888 0.6394078970052286 0.16494268198597267 0.06718280298213627
0 0.6871876357142872 0.5858198957515873 0.18233044108527138 0.07080790815498564
0 0.6801273049003337 0.536714806018144 0.1693297933370248 0.06263169530200408
0 0.6610688193983031 0.43473476887112544 0.15849242288667414 0.06387594655564541
0 0.5916436867663348 0.13306462028305127 0.1474547933370248 0.06199519780928666
0 0.578083032078258 0.08023513697609871 0.15829216378737562 0.06075094655564543
0 0.5678977012643043 0.0315567423135504 0.15536742288667416 0.0631134846271008
0 0.5609572863971946 0.0055439916867297875 0.16566457279438912 0.011087983373459575
0 0.9883765892949434 0.48966734362738096 0.02324682141011323 0.05627874373179385
0 0.9776254067691035 0.38759637826711707 0.044749186461793045 0.059721992478152595
0 0.9752671163621267 0.3322640205869851 0.049465767275746586 0.04704013605166191
0 0.9646806685677376 0.28492601933334394 0.0706386628645248 0.05213681301126609
0 0.9640774961424887 0.22867601933334392 0.06726664558877822 0.051864028371529966
0 0.9482732210040611 0.17747723218632533 0.08162953423772627 0.056960705331134065
0 0.9329707911775564 0.0730397847727501 0.07507914558877857 0.05209134890464333
0 0.9178476364894796 0.023241648225616297 0.08757914558877822 0.04648329645123259