0 0.3121681257246602 0.852658208259561 0.18239765394280302 0.1008175893072469
0 0.28058277012456556 0.6966581082172087 0.17433006242753396 0.09723756299888783
0 0.20920133301114147 0.49476865550166826 0.18239765394280302 0.10081758930724707
0 0.18472710468201076 0.3850065186276129 0.18877519970043757 0.10274411035393456
0 0.5335169672399293 0.8366559637329944 0.18383260818516867 0.09934609456891899
0 0.5072411228497222 0.7394393294897751 0.18746779121570664 0.10577810509226264
0 0.47632557588413976 0.6323849636624072 0.22037588606495556 0.12791071032569973
0 0.42264182180125387 0.42324445306847636 0.21492311151914834 0.11826269454068399
0 0.39472372907803677 0.31757057671776484 0.20478283697334118 0.10834166297065302
0 0.39169419498933183 0.25943185302612404 0.21310552000387945 0.11504668927901225
0 0.3724657049912715 0.20923443195120178 0.21297797424624482 0.11348418927901224
0 0.7464472729995035 0.7713817612998025 0.18683006242753403 0.09796560509226264
0 0.7375025787590778 0.7190303060240133 0.18628792848861017 0.11037459983059072
0 0.7057579843688707 0.6221321901966455 0.19840529121570646 0.1064151419239657
0 0.7027284502801658 0.5639934665050047 0.195152745458072 0.10467063140062187
0 0.6548006175588884 0.40816767171020685 0.19735297424624482 0.11257413666229366
0 0.6468922648337316 0.35264571380358156 0.20022288273097572 0.10963114718563745
0 0.6294813663509403 0.2992322874669875 0.20165783697334128 0.10815965244730937
0 0.6060434795370787 0.18629964796209628 0.19384533697334128 0.10770462613895004
0 0.5807563081754703 0.1341224979338614 0.19359024545807202 0.10457962613895004
0 0.5727204096926789 0.08016304002723622 0.18721269970043758 0.10265310509226264
0 0.9007200558802605 0.7103015061793051 0.08070760818516831 0.0933397472985769
0 0.8965105301265052 0.6094670482726798 0.10519742515463051 0.0885458314853265
0 0.8561076392297575 0.2852552745245694 0.18877519970043757 0.10274411035393456
0 0.8306608422641751 0.17788239028135006 0.20047797424624472 0.11275614718563745
0 0.8168213539331047 0.11881820342141222 0.2050379284886102 0.11146666297065297