0 0.0890625 0.05546875 0.0328125 0.1078125
0 0.1296875 0.059375 0.028125 0.1078125
0 0.171875 0.059375 0.0328125 0.115625
0 0.215625 0.065625 0.0328125 0.125
0 0.3890625 0.06953125 0.0359375 0.121875
0 0.4296875 0.07265625 0.034375 0.128125
0 0.475 0.07265625 0.034375 0.125
0 0.51875 0.06953125 0.0328125 0.125
0 0.5578125 0.07265625 0.03125 0.11875
0 0.6015625 0.07265625 0.0359375 0.121875
0 0.64375 0.0765625 0.0375 0.121875
0 0.078125 0.20859375 0.034375 0.1421875
0 0.121875 0.215625 0.0328125 0.128125
0 0.253125 0.21875 0.0359375 0.11875
0 0.2984375 0.21875 0.034375 0.11875
0 0.3421875 0.221875 0.0375 0.115625
0 0.3859375 0.221875 0.034375 0.121875
0 0.1140625 0.371875 0.0359375 0.128125
0 0.1578125 0.375 0.034375 0.125
0 0.2 0.378125 0.0375 0.1328125
0 0.2484375 0.375 0.034375 0.11875
0 0.2921875 0.375 0.03125 0.11875
0 0.3390625 0.38515625 0.0390625 0.1359375
0 0.38125 0.38203125 0.0359375 0.1328125
0 0.915625 0.39609375 0.0375 0.125
0 0.10625 0.53125 0.034375 0.115625
0 0.9078125 0.2359375 0.0359375 0.128125
0 0.9484375 0.2359375 0.0328125 0.121875
0 0.5140625 0.3890625 0.0359375 0.11875
0 0.5578125 0.38515625 0.0328125 0.121875
0 0.15 0.534375 0.0359375 0.128125
0 0.1953125 0.534375 0.0375 0.1328125
0 0.2421875 0.54140625 0.0359375 0.1390625
0 0.2875 0.54140625 0.0375 0.1390625
0 0.334375 0.54140625 0.0375 0.1359375
0 0.38125 0.5453125 0.040625 0.128125
0 0.425 0.53828125 0.0359375 0.1359375
0 0.46875 0.54140625 0.0375 0.1328125
0 0.096875 0.69453125 0.0359375 0.128125
0 0.1421875 0.69765625 0.0375 0.128125
0 0.1875 0.7015625 0.040625 0.1390625
0 0.375 0.7046875 0.0359375 0.128125
0 0.421875 0.7046875 0.0375 0.1359375
0 0.6484375 0.715625 0.0359375 0.1359375
0 0.603125 0.54140625 0.0328125 0.125
0 0.6484375 0.5484375 0.0421875 0.121875
0 0.6953125 0.5484375 0.0375 0.1328125
0 0.7859375 0.55234375 0.0375 0.1328125
0 0.83125 0.55234375 0.0390625 0.1328125
0 0.8765625 0.55234375 0.034375 0.1328125
0 0.9203125 0.559375 0.040625 0.125
0 0.9640625 0.55546875 0.0328125 0.121875
0 0.74375 0.71171875 0.0390625 0.1328125
0 0.7890625 0.71171875 0.0390625 0.128125
0 0.8828125 0.721875 0.040625 0.1390625
0 0.9265625 0.721875 0.0390625 0.1359375
0 0.96875 0.721875 0.0359375 0.128125
0 0.840625 0.89921875 0.0421875 0.128125
0 0.9328125 0.89609375 0.0390625 0.1421875
0 0.975 0.89609375 0.0359375 0.1359375
0 0.74375 0.89609375 0.034375 0.1390625
0 0.0421875 0.875 0.0359375 0.1328125
0 0.084375 0.878125 0.0375 0.15
0 0.134375 0.878125 0.040625 0.1359375
0 0.1828125 0.878125 0.0390625 0.146875
0 0.4171875 0.88515625 0.0390625 0.1421875
0 0.465625 0.8890625 0.0421875 0.15
0 0.5125 0.8890625 0.0375 0.153125
0 0.5578125 0.8890625 0.0421875 0.15
0 0.60625 0.8921875 0.0421875 0.146875