0 0.3097546427907389 0.967440988292535 0.1523430414703702 0.06335449375348431
0 0.29825121479823896 0.9252989400879332 0.14296804147037018 0.06329995159900648
0 0.2777835984456466 0.8253671177810302 0.14962814458064805 0.06802381303532493
0 0.40065729604203587 0.5948478499252452 0.1384172425071295 0.06483518052176755
0 0.3158955679549995 0.2514160124930319 0.15119064458064804 0.06803290339440445
0 0.6744624002836094 0.9012240731906657 0.15431564458064811 0.06805108411256384
0 0.6190251701703227 0.7053530369881162 0.1479289435438888 0.06645222267624522
0 0.5119305293593512 0.26747176278761947 0.15744064458064813 0.06806926483072288
0 0.49739984618305516 0.21753085012163695 0.1479289435438888 0.06645222267624522
0 0.8661810085776833 0.9126150493829523 0.15003824769092589 0.07271131303532456
0 0.8527733279932853 0.8665758415374298 0.14765554147037036 0.06332722267624505
0 0.8390922453353689 0.8174116336919077 0.14962814458064805 0.06802381303532493
0 0.8254111626774522 0.7682474258463854 0.1381438404336109 0.061710180521767556
0 0.7867116647037026 0.6207411667711991 0.1384172425071295 0.06483518052176755
0 0.7731672830825452 0.5731394589256767 0.14480394354388865 0.066434041958086
0 0.6581917917531942 0.13452238652057807 0.1384172425071295 0.06483518052176751
0 0.9756204654103696 0.8289026038340701 0.0487590691792608 0.06944086729005114
0 0.9474480100615272 0.5852889592202644 0.10510397987694553 0.06645222267624522
0 0.9333763024036106 0.48696508870875965 0.13324739519277884 0.06645222267624522
0 0.9039218311973141 0.3433559892744937 0.15119064458064813 0.06803290339440445
0 0.8615607995288886 0.14506393501976758 0.15431564458064803 0.06805108411256366