0 0.04140625 0.07734375 0.0359375 0.11875
0 0.0796875 0.06953125 0.0359375 0.115625
0 0.1203125 0.06484375 0.0375 0.1171875
0 0.03125 0.371875 0.0359375 0.11875
0 0.11015625 0.35625 0.0375 0.128125
0 0.1875 0.3484375 0.0296875 0.128125
0 0.23125 0.34921875 0.03125 0.11875
0 0.2734375 0.3453125 0.040625 0.1328125
0 0.3140625 0.33828125 0.0359375 0.11875
0 0.02109375 0.68515625 0.034375 0.1296875
0 0.10390625 0.684375 0.0328125 0.121875
0 0.14453125 0.671875 0.0359375 0.13125
0 0.1859375 0.67421875 0.0328125 0.1296875
0 0.271875 0.66328125 0.0375 0.125
0 0.315625 0.6625 0.034375 0.121875
0 0.359375 0.66484375 0.0359375 0.1328125
0 0.40234375 0.6578125 0.0375 0.1328125
0 0.53203125 0.64609375 0.0421875 0.1296875
0 0.57578125 0.64296875 0.0390625 0.128125
0 0.62109375 0.64375 0.0375 0.1328125
0 0.753125 0.63046875 0.0390625 0.1265625
0 0.79453125 0.63203125 0.0359375 0.128125
0 0.8375 0.6296875 0.0421875 0.125
0 0.87890625 0.63359375 0.034375 0.1328125
0 0.06328125 0.84921875 0.0375 0.134375
0 0.10390625 0.8484375 0.0359375 0.128125
0 0.18515625 0.83828125 0.034375 0.13125
0 0.22890625 0.8375 0.0359375 0.125
0 0.2734375 0.83359375 0.034375 0.121875
0 0.315625 0.82890625 0.034375 0.134375