0 0.466471312539824 0.9383160263783242 0.053089732017817325 0.1233679472433515
0 0.3328866532065967 0.9363347406645092 0.06092041335136278 0.1273305186709816
0 0.2750286998727331 0.9397773405023534 0.05145450668363551 0.12044531899529325
0 0.08126051853918767 0.9396488810874324 0.051418144016544695 0.12070223782513523
0 0.9111860179026408 0.7332379776722752 0.05358062802354411 0.17433752678536116
0 0.5244581772358681 0.7272690267820658 0.06760676535645356 0.1714579886359143
0 0.46662749590232266 0.7278224058409034 0.05198176535645338 0.1711852532464107
0 0.9655666246021848 0.49195050445763633 0.04887494668999892 0.1726932061685101
0 0.9061279899347758 0.49638285997752335 0.04894767202418073 0.17894320616851012
0 0.7154666272676848 0.4961804882255819 0.05194540268936265 0.16806025324641088
0 0.2749143526018666 0.482239350241586 0.0536533533577261 0.18058752678536122
0 0.08190923993477572 0.4819960681812191 0.05358062802354437 0.17433752678536116
0 0.7751978052991835 0.2651447223972693 0.05347154002227157 0.16496252678536125
0 0.3354267806333652 0.25121722118274864 0.055143128023544374 0.17436480032431154
0 0.9579937659930003 0.06829481614603358 0.04651246801399935 0.10391593262955985
0 0.8346108099936366 0.06145270656895672 0.05265338001272681 0.0946500267853612
0 0.7126994473265458 0.062450370530830204 0.04647610534690845 0.10079093262955988
0 0.465788084659455 0.06126615137667648 0.052780649347544895 0.10558752678536121