0 0.9691477458126261 0.7490344475337111 0.061704508374747745 0.04410704274124875
0 0.974463312524588 0.8779998971187926 0.05107337495082405 0.04242614357108572
0 0.9773804989147191 0.9923375134964619 0.0452390021705618 0.015324973007076182
0 0.7851287528499915 0.114668335081512 0.1337629948042199 0.04588303029369402
0 0.7928755508725202 0.15877353259200105 0.13063799480421992 0.04564623195336796
0 0.8048120942034718 0.38504003466659353 0.11813799480421991 0.04469903859206381
0 0.8088711635133239 0.43197423425167497 0.12126299480421991 0.04493583693238978
0 0.8135365202020427 0.5209183350815121 0.12104447351689629 0.04181083693238996
0 0.8405842473252354 0.8299264821770826 0.12126299480421991 0.0449358369323896
0 0.609014367080279 0.06324477719341633 0.1274037341605581 0.04384693361304193
0 0.6133083831718225 0.10242567636357935 0.12773151609154354 0.048534433613041904
0 0.6172581918380128 0.14779737594866088 0.1275129948042199 0.04540943361304191
0 0.6542921962006136 0.6440687247039054 0.12126299480421991 0.04493583693238978
0 0.6644373745449731 0.689132770969639 0.12104447351689647 0.04181083693238978
0 0.6760136489343898 0.8213416197248836 0.11813799480421991 0.04469903859206363
0 0.44277200804577166 0.052979015571054264 0.12126299480421991 0.044935836932389825
0 0.45024565445914594 0.09317796308154333 0.12126299480421991 0.044935836932389825
0 0.4463829631253363 0.13795766681580973 0.12148151609154337 0.048060836932389786
0 0.45033277179152653 0.18332936640089126 0.1275129948042199 0.04540943361304191
0 0.4542825804577169 0.22870106598597273 0.12126299480421991 0.04493583693238978
0 0.4699946977900975 0.32003646100695093 0.1275129948042199 0.04540943361304191
0 0.47014751709994956 0.36667466266662485 0.12126299480421991 0.04493583693238978
0 0.4742065864098016 0.41360886225170634 0.12482503737886681 0.051422635272715844
0 0.4818876824548588 0.5012272614218694 0.12126299480421991 0.04493583693238978
0 0.48963448047738733 0.5453324589323585 0.12126299480421991 0.04493583693238978
0 0.505324454498487 0.7252567572726845 0.12104447351689647 0.04181083693238996
0 0.5090011115555229 0.7667222068577659 0.12126299480421991 0.044935836932389964
0 0.5092085611872058 0.8141416585174401 0.12126299480421991 0.04493583693238969
0 0.5169007288879035 0.8574656060279292 0.12773151609154337 0.04853443361304173
0 0.2751310399767569 0.04493860477852919 0.13398151609154335 0.049008030293694015
0 0.27869843639013114 0.08484155436361071 0.12438799480421991 0.045172635272715866
0 0.2755077344126597 0.1281179576829586 0.1275129948042199 0.04540943361304191
0 0.2914162297210827 0.31116725602328466 0.12126299480421991 0.04493583693238978
0 0.3071719057196537 0.44757835270393675 0.12126299480421991 0.04493583693238978
0 0.31808726240837254 0.5369960502144259 0.12148151609154337 0.048060836932389786
0 0.3338429384069435 0.6734071468950779 0.12126299480421991 0.044935836932389964
0 0.3562253088414173 0.8934711931608115 0.12126299480421991 0.044935836932389964
0 0.3600658568639458 0.937280392745893 0.12137225544788173 0.04649833693238996
0 0.3635786229554892 0.9761858369323898 0.12148151609154337 0.04762832613522043
0 0.17760328210621218 0.8395262865174715 0.12126299480421991 0.0449358369323896
0 0.15834591167173837 0.6196990385920638 0.13063799480421992 0.04564623195336796
0 0.15127110300554808 0.5740905406666562 0.1275129948042199 0.04540943361304191
0 0.1434807463168292 0.4849096414964932 0.12126299480421991 0.04493583693238978
0 0.13163132031825825 0.34879454274124866 0.12148151609154337 0.048060836932389786
0 0.10793246832111633 0.07656434523075958 0.12148151609154337 0.04806083693238983
0 0.1043650719077421 0.036661395645678066 0.12126299480421991 0.04493583693238982