0 0.08036160685760425 0.09427537044097216 0.048512848023889 0.13855466014423615
0 0.12474738649288204 0.08698889409232628 0.04655030452090285 0.12133079255305561
0 0.3510916809457987 0.07234059337114554 0.04669577488562506 0.1275807925530556
0 0.3963132619678473 0.06791060595612831 0.04378898043270851 0.13582121191225663
0 0.4416439457634375 0.06710627308267324 0.04669577488562524 0.1275807925530556
0 0.5305791591943055 0.06402123333095465 0.046913980432708516 0.1280424666619093
0 0.6671342550339932 0.05735202621680528 0.04676851006798621 0.11470405243361056
0 0.7577592550339931 0.05627009037918372 0.042081010067986216 0.11254018075836744
0 0.7983842550339931 0.05503424548942676 0.04513327488562524 0.11006849097885352
0 0.842261541603125 0.060784191110694094 0.04702308320625015 0.12156838222138819
0 0.08314438079329882 0.24741855423656242 0.04705945079743068 0.14320579255305557
0 0.17444152801975715 0.24060355015249985 0.042590156344514 0.15247168977951392
0 0.21579322663298633 0.2372960589862151 0.046950348023889 0.13851829255305556
0 0.2651392632021182 0.24161922986402756 0.04862195079743063 0.14324216014423613
0 0.31114209422416683 0.23664013592420113 0.046950348023889 0.13851829255305556
0 0.35714492524621544 0.2316610419843747 0.04698671561506949 0.14008079255305556
0 0.5398119548814933 0.22115603381624957 0.04669577488562506 0.1275807925530556
0 0.5865960359035418 0.21615875608083285 0.045060539703263916 0.12441942496187505
0 0.6357784183123613 0.21345067695864534 0.04847648043270851 0.13699216014423615
0 0.6802005655388197 0.20772670060999943 0.043861715615069484 0.1400080573706945
0 0.859778962765278 0.1988569276242354 0.043498039703263915 0.12438305737069451
0 0.9011670289696877 0.19711193645795064 0.04200827488562524 0.12747168977951392
0 0.03787151443638924 0.41809538335875 0.049893510067986216 0.1307785277354167
0 0.17669762509371562 0.40470241774368043 0.043825348023889 0.13844555737069442
0 0.22609821304961839 0.4113693386214929 0.047350391526875146 0.15570579255305556
0 0.3181038750937156 0.40141115074184003 0.04862195079743063 0.1432421601442361
0 0.3656873899113545 0.3971769392108331 0.04713218597979178 0.14633079255305556
0 0.4116356695466322 0.3898540952710066 0.04862195079743077 0.14324216014423624
0 0.458492485751042 0.3879818175355899 0.048512848023889 0.13855466014423623
0 0.5520970153863198 0.3795497620647565 0.046913980432708516 0.13695579255305565
0 0.5990447505686809 0.38158373432933984 0.054653745250347184 0.13401263050895834
0 0.7395060964083684 0.37127940112308966 0.04549695079743064 0.14316942496187507
0 0.8315481260436461 0.3628837132434368 0.04520601006798621 0.13066942496187509
0 0.8768788098392364 0.36261030309920067 0.05018445079743046 0.14327852773541672
0 0.9597094936348267 0.3614640707666311 0.045351480432708514 0.13691942496187498
0 0.0855310304882991 0.5850458408056944 0.05192878875333347 0.15112739532659739
0 0.17831794253239633 0.5750694691304512 0.050257185979791785 0.1464035277354167
0 0.22680999391916715 0.576285823803854 0.05487195079743066 0.14338763050895836
0 0.4203963397588547 0.564744992497465 0.0489128915268751 0.15574216014423606
0 0.5155451855985421 0.5554953194354509 0.04702308320625015 0.14164329255305558
0 0.7535536786646879 0.538230511780416 0.04702308320625015 0.14164329255305558
0 0.04198431829170203 0.7627175523367014 0.03931968597979178 0.14614895459715277
0 0.08351785486083399 0.7672225611704165 0.050257185979791785 0.1464035277354167
0 0.13257295070052147 0.759045732048229 0.055162891526875146 0.15588763050895835
0 0.23413545070052147 0.7566818386214929 0.050075348023889 0.1385910277354167
0 0.2832996493137506 0.7531925094993054 0.04862195079743063 0.14324216014423624
0 0.42690417894902843 0.7435966911106942 0.04884015634451409 0.15261716014423604
0 0.4766859734019451 0.7330579281929163 0.048767421162152935 0.14949216014423605
0 0.6711081206284033 0.7238426630909369 0.04858558320625015 0.14167966014423605
0 0.6250325544239936 0.7256967570307633 0.04713218597979178 0.14633079255305556
0 0.869581988219584 0.7207864790110061 0.05181968597979179 0.14643989532659737
0 0.1367006722995147 0.936389482048229 0.05439917211208343 0.12307513050895835
0 0.23591942229951468 0.9340801400082637 0.049711672112083424 0.12296602773541672
0 0.28742737091274384 0.9305362594993053 0.049820774885625065 0.12765352773541672
0 0.33344838573038277 0.9263384155594789 0.054653745250347364 0.13401263050895834
0 0.386591569525973 0.9258831674593399 0.048367377659166697 0.13230466014423642
0 0.43495633434361186 0.9216307721327427 0.048512848023889 0.13855466014423606
0 0.48642791536566043 0.9165243916237843 0.05494468597979178 0.14651263050895835
0 0.6363006287965286 0.9075643528704509 0.05036628875333342 0.15109102773541672
0 0.688608011205348 0.9047835385659022 0.05505378875333342 0.15120013050895836