0 0.9246362179930895 0.9959322568807398 0.045822952697291794 0.008135486238520428
0 0.7849924897445826 0.981255310744953 0.04466049620027768 0.03748937851009408
0 0.5977106952916659 0.9636098980210178 0.048221907294444574 0.07278020395796432
0 0.41518913602111035 0.9474781128889811 0.04527874525034736 0.10504377422203781
0 0.11520797302708259 0.9025179901980553 0.042081010067986216 0.13310502591898157
0 0.7978951460890966 0.8667387917067113 0.046841245250347364 0.13664012902925932
0 0.7028917706141312 0.8451187784643966 0.046913980432708516 0.13976512902925925
0 0.6561440571832632 0.835548997361619 0.04364351006798621 0.1332417269557407
0 0.6085423585700341 0.8290358657404617 0.04676851006798621 0.13351512902925933
0 0.5632844099568048 0.8227277856744433 0.043498039703263915 0.1269917269557407
0 0.5188986303215272 0.8125818061268045 0.04527874525034736 0.13650342799249984
0 0.25151176178041607 0.764137578322592 0.043570774885625066 0.1301167269557407
0 0.8605984338924995 0.6953025805851836 0.048331010067986215 0.13365183006601847
0 0.6688109773954857 0.661300853063795 0.04676851006798621 0.13351512902925933
0 0.5298212125778468 0.6460094607922212 0.045060539703263916 0.12712842799249985
0 0.35209625608083284 0.6132380426016659 0.043570774885625066 0.1301167269557407
0 0.3084008074676037 0.6070666635724068 0.043570774885625066 0.1301167269557407
0 0.877317074469444 0.5151461888792574 0.048403745250347185 0.13677683006601846
0 0.779006861038576 0.5010652735634243 0.04702308320625015 0.14445262902925932
0 0.6838034638121177 0.48803901032110986 0.04520601006798621 0.13337842799249983
0 0.6393995003812496 0.47867428077347096 0.04520601006798621 0.13337842799249983
0 0.27733591147541636 0.42820964024532354 0.04186280452090294 0.12373002591898138
0 0.9804817081125344 0.35429545471347035 0.029581010067986212 0.13201141762490734
0 0.6972334502287498 0.31464046654166533 0.04520601006798621 0.13337842799249994
0 0.6504130016155206 0.30819568543888765 0.04513327488562506 0.13025342799249992
0 0.5566993692067012 0.2984311232333322 0.043570774885625066 0.1301167269557407
0 0.4209255233670136 0.27950688303527693 0.04684124525034723 0.13664012902925915
0 0.3328261113229165 0.26397077445837897 0.04044577488562506 0.12984332488222217
0 0.9868986283247569 0.1795005062686092 0.024893510067986215 0.13160131451462959
0 0.9510156797115276 0.17401263242314632 0.04371624525034719 0.13636672695574065
0 0.9027054662806597 0.16430615028360937 0.04367987765916688 0.13480422695574065
0 0.8574475176674305 0.15799807021759094 0.04367987765916688 0.1348042269557407
0 0.571800958396875 0.12048178049064706 0.042081010067986216 0.13310502591898138
0 0.48034015701010413 0.11482851984023054 0.043570774885625066 0.13011672695574067
0 0.3873714070101041 0.10669480815305481 0.042081010067986216 0.13310502591898138
0 0.09069642876159716 0.07212786116879612 0.040445774885625105 0.12984332488222214