0 0.04142936582736785 0.11460670744694441 0.0828587316547357 0.07391158510611118
0 0.04922718429968906 0.2237271343086805 0.09845436859937812 0.07754573138263901
0 0.054620339589595765 0.279813480148368 0.10924067917919153 0.07787303970326401
0 0.06958591595442475 0.3833015028497916 0.1391718319088495 0.08027199430041679
0 0.0687063199289135 0.43949695146302076 0.137412639857827 0.07867312670923621
0 0.2588102267459997 0.4457066646095484 0.1542772472985769 0.07692878875333342
0 0.2975332795744797 0.6515559678961802 0.16686825256024873 0.07878222948277802
0 0.3241280587254364 0.8647092781166663 0.14931673151356134 0.07213218597979179
0 0.6127961316123833 0.0289192081125345 0.16190773677523324 0.057838416225069
0 0.6284064500847046 0.0743154417762842 0.1605272472985769 0.07707425911805568
0 0.6313802606645181 0.13041997141156197 0.165123742036905 0.07562086189159736
0 0.6392690843985112 0.18250914827329806 0.16218075256024883 0.07867312670923621
0 0.646779205558138 0.29468183995267305 0.16218075256024883 0.07867312670923621
0 0.6648242792921311 0.3465346274717355 0.16218075256024883 0.07867312670923621
0 0.66728985565696 0.3979698409026036 0.15418624203690498 0.07536628875333343
0 0.6758234214984453 0.4523845839687494 0.15436825256024883 0.07849128875333342
0 0.6892264978632742 0.5035652242613535 0.15124325256024881 0.07841855357097245
0 0.7050041453312603 0.6077435779848258 0.16705026308359247 0.08190722948277802
0 0.7088957138035816 0.6614861738245132 0.16218075256024883 0.07867312670923639
0 0.8227094579066252 0.003844513299027466 0.1608310841867496 0.007689026598054932
0 0.8285198421498444 0.0322055760365101 0.15253273677523324 0.0644111520730202
0 0.837007905360494 0.08272343455808957 0.1542772472985768 0.07692878875333346
0 0.844896729094487 0.13481261141982567 0.16521474729857671 0.07718336189159736
0 0.8533847923051363 0.1900086044859715 0.15427724729857673 0.07692878875333342
0 0.8698071818806147 0.2965125244138534 0.16043624203690499 0.07551175911805572
0 0.8776960056146077 0.34860170127558954 0.16218075256024883 0.07867312670923621
0 0.8863205767177649 0.40145394434173537 0.16686825256024881 0.07878222948277784
0 0.8894763978209219 0.45443347397701317 0.16521474729857707 0.07718336189159736
0 0.7298690954865522 0.7702247409788535 0.16695925782192056 0.08034472948277802
0 0.7462914850620305 0.8767286609067355 0.15427724729857709 0.07692878875333378
0 0.7524280929968905 0.9187161391552424 0.14326415258848363 0.04858558320625015