0 0.9778075365174713 0.26875 0.0443849269650574 0.059375
0 0.9642043792610423 0.66953125 0.07159124147791544 0.053125
0 0.8391514686806207 0.34140625 0.15497276514684694 0.065625
0 0.8183718303076273 0.69609375 0.16723596680652086 0.0625
0 0.7837888784474606 0.98203125 0.1527231809137497 0.0359375
0 0.6620506367226084 0.025 0.14779888257342347 0.0328125
0 0.6662179184661949 0.059375 0.1548543659766839 0.0640625
0 0.6581695427412486 0.1078125 0.15497276514684694 0.065625
0 0.649341762247062 0.259375 0.15497276514684694 0.065625
0 0.6492834852773604 0.31015625 0.14656826929603178 0.0578125
0 0.6414719078927401 0.36171875 0.1595418659766839 0.0640625
0 0.6333671004288517 0.5640625 0.1548543659766839 0.0640625
0 0.62002757345915 0.61484375 0.17239706348717299 0.06875
0 0.6148585118460768 0.825 0.16446616431700994 0.0671875
0 0.46433795498366626 0.17890625 0.15137416846619484 0.059375
0 0.2793089917016302 0.015625 0.13986798340326043 0.03125
0 0.261130444610704 0.1984375 0.15485436597668398 0.0640625
0 0.24058668196265676 0.5046875 0.1421175676363579 0.0609375
0 0.24064680416311807 0.55703125 0.14344326929603185 0.0578125
0 0.23217237594866086 0.61015625 0.14656826929603187 0.0578125
0 0.10695058485779738 0.12265625 0.09597627344521675 0.05
0 0.10460775747317716 0.17421875 0.09945647095570584 0.0546875
0 0.09421655436361072 0.27421875 0.09621307178554281 0.053125