0 0.9731921444314391 0.11256195619342249 0.04525031551854823 0.05411064732681177
0 0.966518595605938 0.15428672460927398 0.056051423198680436 0.050060184158514695
0 0.9598677788337483 0.19523024302512543 0.06717077962517096 0.05694722099021767
0 0.9492652479549359 0.23796377459515652 0.08601170783841638 0.061164284130279786
0 0.927789750066507 0.41313807984271095 0.1188696719450391 0.06463789462538863
0 0.9195991653476288 0.4533913535202343 0.13288670783841638 0.06389444198043534
0 0.912030706255571 0.4990678745669216 0.13288670783841638 0.06389444198043534
0 0.9068514612701357 0.5430453877211013 0.13288670783841638 0.06389444198043534
0 0.8955586086045688 0.5826994219219683 0.12493781551854824 0.05875191567207594
0 0.8864731136191338 0.6269044482303275 0.1298071719450391 0.06527493145709151
0 0.8743535468469439 0.6681664850620305 0.1298071719450391 0.06527493145709151
0 0.8593940688837607 0.0833133429263034 0.14860263605166182 0.0679294945971538
0 0.8433227880049483 0.12636539291218596 0.13601170783841648 0.064076452503779
0 0.8129640351019546 0.2583812323606074 0.1266821719450392 0.06509292093374794
0 0.8038330760098967 0.3041487586689666 0.12659124373179403 0.06196792093374794
0 0.7908867951310844 0.3470187981315055 0.1235571719450391 0.0649109104104042
0 0.7825825501456494 0.39117832180902884 0.12971624373179386 0.0621499314570916
0 0.6896582304039587 0.10021866381769902 0.1361026360516618 0.067201452503779
0 0.6774704674718349 0.14382445064940197 0.13288670783841655 0.06389444198043534
0 0.6653281686463339 0.1858677374811049 0.14083560015828453 0.06903696828879458
0 0.6584272992877195 0.2354050058969564 0.12659124373179384 0.06196792093374794
0 0.6501230543022845 0.2795645295744797 0.12493781551854859 0.05875191567207612
0 0.6300773272635379 0.32518784271454193 0.14405152837152996 0.07234397881213823
0 0.6249435463847256 0.36760285586872155 0.14083560015828453 0.06903696828879458
0 0.501673250133014 0.9051322189240791 0.13302310015828453 0.06858194198043535
0 0.5328914048562804 0.07347269524655577 0.12346624373179385 0.061785910410404224
0 0.6612384667469191 0.9161166796027146 0.1361026360516618 0.06720145250377882
0 0.6526076128277108 0.9446967059110738 0.12903428213245363 0.03871243145709151
0 0.5906558114284204 0.5006274584713226 0.1266821719450391 0.06509292093374786
0 0.5854538343896739 0.5453862216255022 0.12971624373179386 0.06214993145709169
0 0.5207036419241566 0.1170784820782587 0.1361026360516618 0.06720145250377901
0 0.5115726828320989 0.16284600838661795 0.14083560015828453 0.06903696828879458
0 0.4946292237400411 0.20906856100333643 0.14708560015828454 0.06940098933548197
0 0.4854982646479834 0.2548360873116957 0.14708560015828454 0.06940098933548189
0 0.4755633235026143 0.3014303662508909 0.14396060015828455 0.06921897881213823
0 0.46248065030393387 0.34898790571342975 0.13619356426490725 0.070326452503779
0 0.4604036732651874 0.3935646583442657 0.14396060015828455 0.06921897881213832
0 0.4481931782797524 0.4379516951759686 0.14083560015828453 0.06903696828879458
0 0.3730450434152247 0.045346237198756224 0.1361026360516619 0.06720145250377903
0 0.3608345484297896 0.08973327403045918 0.1361026360516619 0.06720145250377903
0 0.3478200713910432 0.13494706349299804 0.14717652837152997 0.07252598933548197
0 0.3056683606496328 0.32380443714228646 0.1361026360516619 0.067201452503779
0 0.29649193745095237 0.37113446345064577 0.14396060015828455 0.06921897881213823
0 0.238428070203909 0.5975751370858168 0.14396060015828455 0.06921897881213823
0 0.42086849716351316 0.5729105241010464 0.13288670783841655 0.06389444198043534
0 0.404751752178078 0.6175250740869289 0.13155152837152997 0.07161593671876361
0 0.3947940789793976 0.6649006030261241 0.14083560015828453 0.06903696828879458
0 0.37264864284859345 0.7558819187970223 0.1408356001582846 0.06903696828879458
0 0.3635404158098471 0.8008681951053814 0.14092652837152997 0.0721619682887944
0 0.3544094567177893 0.8466357214137407 0.1407446719450392 0.06591196828879475
0 0.3383154437856656 0.8904690213996233 0.13311402837152989 0.07170694198043534
0 0.33311346674691916 0.935227784553803 0.12971624373179386 0.06214993145709187
0 0.2239132776466141 0.6943514265483557 0.14092652837152994 0.07216196828879458
0 0.21400106855455636 0.7401644554875508 0.13619356426490725 0.07032645250377918
0 0.1847789183171295 0.8331177949359722 0.1472219924781526 0.07408848933548207
0 0.17569342333169444 0.8773228212443314 0.14405152837152993 0.07234397881213823
0 0.16665339245288205 0.9199653475526908 0.1361026360516619 0.06720145250377882
0 0.043153988783735914 0.7687353184723212 0.08630797756747183 0.07190436305535748
0 0.03868779763836682 0.8611048289956649 0.07737559527673364 0.07154034200867017
0 0.03336380014564928 0.9020028447806805 0.06672760029129857 0.06474431043863901
0 0.05699517992910501 0.6726947763789465 0.11399035985821002 0.06711044724210709
0 0.19297711018741442 0.023195305318141585 0.15779577962517113 0.04639061063628317
0 0.18306490109535667 0.06109087649188588 0.14405152837152996 0.07234397881213825
0 0.17306176379005356 0.11002890543108106 0.1550344924781526 0.07454351564384121
0 0.11785011190327407 0.3456625685429084 0.15034699247815259 0.07427049985882572
0 0.10476743870459364 0.39322010800544727 0.15825042069139794 0.07785052616718495
0 0.0948097655059132 0.44059563694464243 0.16123902837152992 0.07334503669052861
0 0.08567880641385545 0.48636316325300166 0.15825042069139797 0.07785052616718495
0 0.07506805575378132 0.5347019527155406 0.15013611150756265 0.07766851564384111