0 0.0890625 0.20859375 0.0328125 0.11875
0 0.1328125 0.21171875 0.0375 0.121875
0 0.21875 0.21171875 0.0359375 0.125
0 0.259375 0.21171875 0.03125 0.121875
0 0.3078125 0.215625 0.0375 0.128125
0 0.3984375 0.22578125 0.0375 0.125
0 0.4421875 0.22890625 0.034375 0.128125
0 0.484375 0.22890625 0.0390625 0.121875
0 0.5296875 0.22890625 0.0375 0.125
0 0.6625 0.2359375 0.0359375 0.11875
0 0.7484375 0.2359375 0.0359375 0.121875
0 0.215625 0.375 0.0375 0.115625
0 0.1703125 0.375 0.0390625 0.115625
0 0.3515625 0.38515625 0.0375 0.121875
0 0.4421875 0.38203125 0.0359375 0.1109375
0 0.6609375 0.39921875 0.034375 0.1171875
0 0.9640625 0.41640625 0.0390625 0.125
0 0.4421875 0.55546875 0.0390625 0.1171875
0 0.6609375 0.565625 0.0359375 0.1140625
0 0.7078125 0.56953125 0.034375 0.1171875
0 0.965625 0.5796875 0.03125 0.1140625
0 0.078125 0.71875 0.0328125 0.125
0 0.11875 0.715625 0.0359375 0.128125
0 0.1625 0.71875 0.034375 0.121875
0 0.20625 0.715625 0.0375 0.125
0 0.253125 0.721875 0.040625 0.128125
0 0.3921875 0.721875 0.034375 0.1171875
0 0.4359375 0.72578125 0.040625 0.1328125
0 0.6828125 0.7328125 0.040625 0.121875
0 0.7515625 0.73984375 0.0328125 0.121875
0 0.8828125 0.74296875 0.034375 0.121875
0 0.115625 0.8890625 0.0328125 0.1328125
0 0.296875 0.8921875 0.0359375 0.11875
0 0.34375 0.8921875 0.034375 0.125
0 0.4359375 0.89609375 0.0359375 0.1328125
0 0.5265625 0.89609375 0.0359375 0.125
0 0.6625 0.89921875 0.040625 0.128125
0 0.7984375 0.909375 0.034375 0.128125
0 0.884375 0.909375 0.0359375 0.128125
0 0.928125 0.909375 0.0328125 0.128125
0 0.9703125 0.909375 0.0328125 0.1328125