0 0.052730835390451626 0.28837943898802115 0.09131598423243056 0.036024617332380694
0 0.05149303086954875 0.16817619963168293 0.09600348423243057 0.036352399263365864
0 0.05428876291777782 0.05371486188449899 0.10065461664125004 0.03511768119435103
0 0.17394217989895894 0.7375431946880043 0.10388871941479172 0.040023702481674486
0 0.17908231515756998 0.6567848675844822 0.11013871941479167 0.04046074505632156
0 0.18814688421177128 0.5770809420901143 0.10385235182361115 0.038461202481674485
0 0.19130433254066004 0.377627245308423 0.11010235182361114 0.038898245056321376
0 0.1914465368534724 0.21618164691757732 0.10381598423243057 0.036898702481674484
0 0.19275315729444456 0.13827516820490082 0.10392508700597225 0.04158620248167448
0 0.19874727773541673 0.06069647142320948 0.10072735182361114 0.03824268119435104
0 0.3304655900431951 0.793727128732347 0.1101750870059723 0.04202324505632138
0 0.33756630917364633 0.6296482032379791 0.11010235182361114 0.038898245056321376
0 0.34807578371934034 0.10935748257107432 0.10381598423243057 0.0368987024816745
0 0.35027341014423613 0.06973225385839779 0.10065461664125 0.03511768119435103
0 0.47621254150621584 0.7220210095583809 0.11010235182361114 0.038898245056321556
0 0.4850946193941324 0.600965464385844 0.10381598423243048 0.036898702481674484
0 0.4832035046527435 0.5197154643858439 0.10385235182361115 0.038461202481674485
0 0.4835645677230211 0.40118398567316743 0.10072735182361114 0.038242681194351036
0 0.4894495853904516 0.31891778889147615 0.11010235182361114 0.038898245056321466
0 0.48852221181534744 0.27907403889147614 0.11002961664125 0.03577324505632147
0 0.49712957313826395 0.04568238468443174 0.10363414627652787 0.029086202481674518
0 0.6295051149288202 0.9409945207062458 0.11631598423243047 0.03777278763096845
0 0.6285777413537159 0.9011507707062458 0.11631598423243047 0.03777278763096845
0 0.6315020663918409 0.8592364223154002 0.11642508700597229 0.04246028763096845
0 0.6305383252255561 0.8178301723154002 0.11631598423243047 0.03777278763096845
0 0.629610951650452 0.7779864223154002 0.11947735182361115 0.03955380891829172
0 0.7911835780753478 0.7495057792562205 0.11642508700597247 0.04246028763096845
0 0.7883105383720839 0.6260682792562206 0.11010235182361114 0.038898245056321556
0 0.7903074898351046 0.5443101808653749 0.11322735182361114 0.039116766343644825
0 0.7923589926848962 0.46489583247452926 0.11635235182361114 0.039335287630968455
0 0.7984083177230211 0.42320000537100705 0.11322735182361114 0.039116766343644825
0 0.7986784618153474 0.30076227665833055 0.11642508700597229 0.04246028763096836
0 0.8066331661281598 0.1398629814857935 0.11947735182361115 0.039553808918291855
0 0.8057421601442363 0.10158173148579352 0.11947735182361115 0.039553808918291855
0 0.9366091001111811 0.9655892371857767 0.11631598423243047 0.03777278763096845
0 0.9447099279990979 0.8444790616914088 0.11017508700597248 0.04202324505632156
0 0.9462148841180558 0.3939545378061954 0.10757023176388855 0.039116766343644915