0 0.9844981363657332 0.3523527136015606 0.021185253246410695 0.050946069892376225
0 0.9835981095803721 0.40391521360156063 0.021185253246410695 0.050946069892376225
0 0.9661730560096498 0.5063124675305021 0.05248980032431163 0.05552656203449331
0 0.9629156424548133 0.5585470556198433 0.057150026785361165 0.0541823858558109
0 0.9541758421305018 0.6113081825843141 0.06967730032431163 0.05632708271265763
0 0.9374774914818786 0.7168668238168083 0.06655230032431163 0.05618153349844608
0 0.9184353908332555 0.822316303138644 0.06655230032431163 0.0561815334984459
0 0.9112444537394687 0.8759314547102205 0.06019320616851047 0.04964043507002245
0 0.8993932901846324 0.9277657824604795 0.06490797970746058 0.051421258891340214
0 0.8883370133992712 0.9757182844272048 0.07121252678536116 0.048563431145590384
0 0.8899919801144975 0.16733555065744457 0.14955571509696383 0.07097608767505643
0 0.8773732033291364 0.21835224110415066 0.14955571509696383 0.07097608767505648
0 0.8678385162353497 0.27185823076506843 0.1464579886359143 0.07239303846084474
0 0.8544521262194635 0.3220572839082216 0.1542704886359143 0.07275691149637406
0 0.8457532362035776 0.37247466087269226 0.14955571509696383 0.07097608767505648
0 0.5315745446488592 0.90203361248705 0.1542704886359143 0.07275691149637424
0 0.5228347443245477 0.9547947394515208 0.1542704886359143 0.07275691149637424
0 0.5079676749255126 0.9862244061196905 0.15397047970746058 0.027551187760618844
0 0.5097744204546952 0.045635909220062436 0.16170115909060953 0.0512457845319033
0 0.4863039184261003 0.13602331472058043 0.1542704886359143 0.07275691149637402
0 0.44512199066780445 0.3452142241500399 0.15594208279171565 0.07907968610347993
0 0.4191168238665572 0.44642996773989907 0.15895798863591432 0.07297523531769165
0 0.38671560674099836 0.6005160002048878 0.16838753571381487 0.07653688296032683
0 0.377208193186162 0.6524594898658055 0.1621102621748646 0.07468328453190339
0 0.36850930317027586 0.7028768668302763 0.1620829886359143 0.07312078453190338
0 0.35510927638491474 0.7538571699734294 0.1621102621748646 0.07468328453190339
0 0.34636947606060314 0.8066182969379001 0.15588753571381497 0.07595468610347993
0 0.29460734212720646 0.09894703804655998 0.14656708279171565 0.07864303846084475
0 0.28124822565027074 0.14758359118971312 0.15432503571381498 0.07588191149637402
0 0.024491890829960235 0.6224764675350112 0.04898378165992047 0.05432793507002245
0 0.022479377437279624 0.6763099429279055 0.04495875487455925 0.0588698858558109
0 0.005927077112968066 0.7802696968568468 0.011854154225936131 0.05428939371369364
0 0.002338426950812286 0.8340303976426352 0.004676853901624572 0.05556079528527036