0 0.0265625 0.10078125 0.034375 0.115625
0 0.06640625 0.1046875 0.0328125 0.115625
0 0.23125 0.09140625 0.0375 0.11875
0 0.31875 0.08828125 0.0375 0.1203125
0 0.3625 0.08984375 0.0359375 0.115625
0 0.49140625 0.090625 0.0359375 0.1171875
0 0.6640625 0.08515625 0.0375 0.11875
0 0.01640625 0.4203125 0.0328125 0.1203125
0 0.096875 0.4125 0.0390625 0.13125
0 0.1859375 0.4109375 0.0390625 0.128125
0 0.23046875 0.4109375 0.0359375 0.1296875
0 0.275 0.4109375 0.0359375 0.121875
0 0.40625 0.4046875 0.0328125 0.115625
0 0.49375 0.409375 0.0375 0.1203125
0 0.58125 0.40390625 0.0328125 0.121875
0 0.625 0.40625 0.0390625 0.1125
0 0.6671875 0.40078125 0.034375 0.115625
0 0.0515625 0.57734375 0.0359375 0.1296875
0 0.09609375 0.5765625 0.0359375 0.1296875
0 0.13828125 0.58046875 0.0375 0.1265625
0 0.228125 0.57734375 0.0359375 0.1359375
0 0.3171875 0.5765625 0.0390625 0.1265625
0 0.49296875 0.571875 0.0375 0.121875
0 0.625 0.5703125 0.0375 0.128125
0 0.66875 0.56640625 0.034375 0.128125
0 0.04921875 0.7484375 0.040625 0.125
0 0.315625 0.740625 0.0390625 0.13125
0 0.5390625 0.7359375 0.040625 0.1328125
0 0.628125 0.7359375 0.0375 0.1296875
0 0.75 0.084375 0.0359375 0.128125
0 0.7953125 0.08125 0.040625 0.1203125
0 0.71328125 0.40703125 0.0359375 0.1203125
0 0.75625 0.40234375 0.034375 0.121875
0 0.8015625 0.40234375 0.0375 0.1265625