0 0.3849951939969409 0.5015625 0.08902731818121908 0.0875
0 0.7313089066582729 0.3546875 0.07647277110331832 0.084375
0 0.7633828413164275 0.21796875 0.09242505357072232 0.103125
0 0.2595258153451406 0.61796875 0.07485572402541774 0.08125
0 0.7088263859619917 0.61328125 0.05569662094116268 0.0578125
0 0.4906020860414218 0.359375 0.08601141233702041 0.09375
0 0.3734145860414218 0.359375 0.09703073295387146 0.0984375
0 0.24766060958037217 0.3578125 0.08765573295387145 0.0984375
0 0.14114973661061467 0.50703125 0.08595686525911975 0.090625
0 0.49956048011779297 0.60703125 0.07170345048646745 0.0796875
0 0.2669718969190402 0.5046875 0.08595686525911965 0.090625
0 0.3799474095009419 0.61171875 0.07334777110331832 0.084375
0 0.13511969927194664 0.36015625 0.09237050649282176 0.1
0 0.817529230117793 0.60703125 0.05437958279171547 0.071875
0 0.6058241168872681 0.60625 0.07008640340856669 0.0765625
0 0.8549100478919748 0.3453125 0.08595686525912001 0.090625
0 0.14771160795881436 0.6234375 0.08584777110331836 0.084375
0 0.7242895190780188 0.48828125 0.0889727711033185 0.084375
0 0.4976315616916926 0.49375 0.08590231818121907 0.0875
0 0.6109264484611677 0.49296875 0.07808981818121907 0.0875
0 0.611709472810897 0.35859375 0.0889727711033185 0.084375
0 0.8367486087695932 0.490625 0.06386367694751698 0.078125
0 0.691996446875 0.2729033296875 0.701099815625 0.163454971875 0.6050405359375 0.1660793921875 0.6010746984375 0.27249929375000004 0.691996446875 0.2729033296875
0 0.5731153484375 0.2761425375 0.5817946265625 0.1690745515625 0.4837188046875 0.167401684375 0.48169327031250003 0.2737538140625 0.5731153484375 0.2761425375
0 0.45556231875000003 0.27830554531249996 0.4546900265625 0.1727824953125 0.361528571875 0.1745778375 0.363320190625 0.27715703125 0.45556231875000003 0.27830554531249996
0 0.343780009375 0.278688128125 0.33036889375 0.16911374375 0.234385778125 0.17610328125000002 0.2498741859375 0.2847560140625 0.343780009375 0.278688128125