0 0.050413119213732996 0.38512515775927425 0.05516716378737556 0.0577503155185485
0 0.05651172732558254 0.4437871039192083 0.05995479333702489 0.05944920783841656
0 0.06891040021225674 0.503412156505633 0.0771422933370249 0.059949313011265916
0 0.08150933219822958 0.5661622090920577 0.0913049228866742 0.06192098997087001
0 0.12089770897010173 0.8035856527447093 0.07996690468807692 0.05535274122451135
0 0.13793381708195127 0.8625658476510022 0.0927672933370249 0.06040395407749273
0 0.15388708898117637 0.9757728898125855 0.07976664558877826 0.04845422037482905
0 0.16791629009782238 0.12575382092882484 0.19074371838316742 0.08041022868809905
0 0.21922247840531672 0.42746708511458975 0.17794332973421945 0.07535901583511762
0 0.2488563209394626 0.6100211723407506 0.1905434592838688 0.07728522868809903
0 0.2752662314876357 0.7300979916202228 0.17814358883351805 0.07848401583511766
0 0.2830274691491345 0.7903679018867795 0.17804345928386878 0.07692151583511767
0 0.36626535009228506 0.044968136843084705 0.1820300524363235 0.06612040815498565
0 0.3814385695551866 0.09921536764275482 0.2075307001845701 0.07466033386094854
0 0.39509935379291283 0.15419838433580224 0.1936684592838688 0.07737615690134443
0 0.42215890885013 0.34525529334871774 0.20783108883351814 0.07934783386094857
0 0.4329950817368043 0.4048348818285198 0.18136871838316732 0.08013744404836291
0 0.4566805104835746 0.5310707728947466 0.18439358883351814 0.07866587226160834
0 0.48021574490587093 0.6549629139609734 0.1936684592838688 0.07737615690134447
0 0.49682105644149316 0.7193891268139548 0.1813687183831675 0.08013744404836291
0 0.503019794102992 0.7796135729738889 0.18419332973421945 0.07554087226160835
0 0.5341672694259898 0.900608034573229 0.18303134793281667 0.08174540815498546
0 0.6025730899132522 0.06977923488979822 0.19845608883351815 0.07907504922121247
0 0.6252269447858992 0.19208614390271367 0.20158108883351816 0.07916597743445779
0 0.6402196915466968 0.25568564264907245 0.19825582973421946 0.07595004922121244
0 0.6519873087578449 0.31763171318218586 0.1936684592838688 0.07737615690134447
0 0.6723987407438179 0.380609086301724 0.21095608883351816 0.07943876207419383
0 0.730705900673682 0.6942229569139797 0.19845608883351815 0.07907504922121245
0 0.7311552860834276 0.762078046647423 0.1905434592838688 0.07728522868809903
0 0.7781768877168721 0.9482572390464334 0.19376858883351816 0.07893865690134447
0 0.8313897023440384 0.05070394061664367 0.19402940468807692 0.0586716210079671
0 0.843287727482466 0.10251649320306841 0.20178134793281685 0.08229097743445783
0 0.8505180390180882 0.1666699214163138 0.21115634793281685 0.08256376207419391
0 0.8756169710040611 0.22978368685571998 0.20158108883351816 0.07916597743445786
0 0.88884695866556 0.29021272149545607 0.21448160703211522 0.08577969028743926
0 0.9124952097452941 0.552658897201419 0.17500958050941193 0.084126262074194
0 0.9314442712809162 0.6819970562143345 0.1371114574381675 0.08482494404836309
0 0.9342781770487274 0.7437385382676458 0.13144364590254512 0.08009197994174037
0 0.9433620828165384 0.8103493767474479 0.11327583436692308 0.08437030298213619
0 0.9524459885843495 0.8722727152272498 0.09510802283130104 0.07927362602253182
0 0.9576236443521605 0.9379886434404952 0.084752711295679 0.08221676959604132