0 0.7601704064194665 0.13671875 0.06351812021691713 0.175
0 0.6953721082148647 0.14453125 0.06035675878059869 0.16875
0 0.6305510841125637 0.1484375 0.05878516842151917 0.1671875
0 0.4455766412941561 0.1796875 0.05878516842151917 0.1671875
0 0.3831311834486337 0.1890625 0.05878516842151917 0.1671875
0 0.14263799365528823 0.21171875 0.05248062626704142 0.1578125
0 0.027140258682402846 0.23359375 0.0525351684215191 0.1671875
0 0.9722502377524578 0.35 0.05549952449508453 0.1734375
0 0.7084680476154267 0.38125 0.060429481653235584 0.18125
0 0.6491430445903645 0.38984375 0.06039312021691714 0.175
0 0.3985345114128774 0.41953125 0.057222668421519 0.1671875
0 0.9795794574527388 0.58671875 0.040841085094522354 0.1734375
0 0.9245299057320956 0.590625 0.05878516842151882 0.1671875
0 0.859767968963812 0.6046875 0.06351812021691713 0.175
0 0.79497421593875 0.61328125 0.06039312021691714 0.175
0 0.7317111466569092 0.61640625 0.06039312021691714 0.175
0 0.602100914709086 0.6296875 0.06039312021691714 0.175
0 0.539646366504484 0.6375 0.054097668421519175 0.1671875
0 0.4779821586589617 0.646875 0.05877607806243947 0.165625
0 0.41390147794080256 0.64375 0.05720448770335982 0.1640625
0 0.35458102009528025 0.653125 0.05722266842151917 0.1671875
0 0.2944702218906783 0.6609375 0.05878516842151908 0.1671875
0 0.9912396409995685 0.84296875 0.017520718000863057 0.1890625
0 0.8159053812370111 0.85390625 0.060420391294156064 0.1796875
0 0.4340513932390636 0.884375 0.05878516842151917 0.1671875
0 0.31069116129124036 0.89765625 0.05722266842151909 0.1671875
0 0.1256530859592754 0.91796875 0.052480626267041405 0.1578125