0 0.29002542026578054 0.061742515901624606 0.1257404796419344 0.03952916442319181
0 0.2859096167497229 0.10163173000824728 0.12135336829088236 0.04408027210332377
0 0.2833062484588405 0.1422567300082473 0.1288654796419344 0.039620092636437135
0 0.2772774915190102 0.18766015822149265 0.12624112739018098 0.047341664423191786
0 0.26987719926171944 0.26663460438142667 0.13894138648947968 0.050830377276173254
0 0.26822625925618215 0.35323969411487 0.12780362739018097 0.047387128529814505
0 0.2636098079918779 0.4009414082214926 0.12770349784053164 0.045824628529814504
0 0.2511122031192308 0.5229528005413607 0.13219073874123302 0.04283602084968265
0 0.2275979526578055 0.6951915133943422 0.144991127390181 0.04788723370266403
0 0.11962687538759617 0.2749054086172041 0.11969073874123301 0.0424723079967011
0 0.11732150061830884 0.18919522915031747 0.11969073874123301 0.0424723079967011
0 0.12321175277777718 0.23113267656389272 0.12604086829088237 0.04421666442319179
0 0.11858600709671382 0.3154849445105814 0.1210529796419344 0.039392772103323814
0 0.11827632403100681 0.35682299835064735 0.12770349784053167 0.045824628529814504
0 0.11156644664082582 0.40068665861720404 0.12614099784053168 0.045779164423191784
0 0.10125070789959278 0.4399764791503175 0.1226154796419344 0.039438236209946353
0 0.10318464528423647 0.4828088368304494 0.12594073874123302 0.04265416442319179
0 0.09511252699335412 0.5235929612036287 0.12906573874123303 0.04274509263643722
0 0.06149448643410641 0.8169936202165442 0.11979086829088234 0.04403480799670101
0 0.06064024830656961 0.856951030483101 0.12128049661313922 0.04752352084968266
0 0.2166721422019175 0.7805068877675214 0.13249112739018098 0.04752352084968266
0 0.2232818900424492 0.7382057275009648 0.13844073874123303 0.043017877276173164
0 0.21548107958656115 0.8234301736608988 0.146553627390181 0.04793269780928648
0 0.20798995219638017 0.8673165659807669 0.13884125693983035 0.04926787727617317
0 0.20289263958102385 0.9103535121407009 0.11969073874123301 0.04247230799670092
0 0.4406972462993721 0.09556828345260185 0.14156573874123307 0.043108805489418624
0 0.44482473935954187 0.1406761949727998 0.14635336829088227 0.04480769780928666
0 0.4397274267441856 0.18371314113273382 0.14342862739018097 0.04784176959604132
0 0.42312331277223986 0.30896319371915854 0.12760336829088229 0.0442621285298145
0 0.4104347432170532 0.3974490321989606 0.12155362739018098 0.047205272103323814
0 0.39561437230527724 0.5678751924655174 0.1319904796419344 0.03971102084968266
0 0.38028405922849556 0.78276440657214 0.135315738741233 0.04292694906292791
0 0.3677456839977829 0.868906495051942 0.14020349784053163 0.04618834138279624
0 0.5990022971945362 0.18063830225722036 0.12916586829088228 0.04430759263643713
0 0.5955676141288292 0.22206728431053166 0.13239099784053182 0.045961020849682566
0 0.5844916093484672 0.3097264086837111 0.14489099784053164 0.04632473370266403
0 0.5504940345514933 0.6577236394833812 0.13551599784053164 0.04605194906292791
0 0.5311456523809504 0.78929188822974 0.1405038864894797 0.05087584138279588
0 0.528563268050939 0.8782634600164947 0.14020349784053163 0.04618834138279624
0 0.510756401919525 0.9614396728694761 0.14342862739018097 0.04784176959604132
0 0.20239318939645373 0.9789898518741442 0.12912629549649318 0.019353056743059937
0 0.7706443645902545 0.04541855311515016 0.12125323874123292 0.04251777210332377
0 0.7687721815245474 0.08680207106183882 0.1257404796419344 0.03952916442319181
0 0.7629937484588405 0.1282992492750842 0.14166586829088246 0.0446713054894186
0 0.7616024267441855 0.1743475351684615 0.13571625693983033 0.04917694906292791
0 0.7417441024086369 0.35037883775488626 0.1355159978405318 0.04605194906292791
0 0.7387902806939819 0.39647258775488625 0.1405038864894797 0.05087584138279588
0 0.7357363294296777 0.44412883775488626 0.14322836829088245 0.04471676959604132
0 0.7117622015780714 0.6600493544479337 0.13259125693983034 0.04908602084968265
0 0.7065647594130657 0.7046488006078677 0.13561612739018097 0.04761444906292791
0 0.6934873612033938 0.8843817647144903 0.1464534978405318 0.0463701978092864
0 0.9281972462993722 0.08138348218632535 0.13239099784053182 0.045961020849682545
0 0.9218588062938349 0.1681249642396367 0.13385336829088246 0.044443984956305194
0 0.9066762924141741 0.25902274887937277 0.15300388648947988 0.05123955423577744
0 0.8937700724898473 0.48475853477275005 0.13561612739018117 0.04761444906292791
0 0.8925289450996663 0.5284630706661274 0.14352875693983017 0.049404269596041314
0 0.8871813086101866 0.5754062668260614 0.14655362739018116 0.04793269780928675
0 0.8738326025655205 0.7106989091459294 0.14655362739018116 0.04793269780928675
0 0.8515513826411937 0.936707479679043 0.1467538864894798 0.051057697809286394