0 0.8910789832973514 0.9885093870302203 0.05307876834526439 0.02298122593955938
0 0.6167769333114687 0.9640507003879876 0.057932868317029394 0.0718985992240249
0 0.4798306701572891 0.957399367710533 0.0532453683170294 0.08520126457893404
0 0.3414738254471958 0.9329787039066704 0.060769441980435344 0.13404259218665934
0 0.2060067623071336 0.9052934234006809 0.055626915672076026 0.1268245799535137
0 0.11539717285871216 0.872503066711962 0.057917457765450875 0.1394338405971755
0 0.9480507781627363 0.8879341307491593 0.0628779735504665 0.14444912252816094
0 0.860968007116049 0.8756201650259332 0.06086044724210708 0.1365273618844988
0 0.8150639729151818 0.8622953563597427 0.06104245776545092 0.13965236188449914
0 0.8314716809629814 0.7031606569801614 0.060587431457091515 0.13183986188449898
0 0.7845056757013096 0.6983203376703093 0.065638952503779 0.13841764381548421
0 0.49818176785115414 0.6316145308457044 0.05746243145709151 0.1316213405971755
0 0.4525507494353027 0.6229772221795141 0.06086044724210708 0.13652736188449896
0 0.4058654652344356 0.6095977831914929 0.06086044724210726 0.13652736188449896
0 0.05006351529090536 0.5255845080457717 0.04625191567207608 0.12616901609154335
0 0.7035077627306566 0.4965832390273621 0.06305998407381015 0.14757412252816077
0 0.5112901706513993 0.45590969050063046 0.060769441980435344 0.13496486188449897
0 0.4656591522355479 0.4472723818344401 0.0628779735504665 0.14444912252816078
0 0.37077158646464964 0.4211854932147361 0.06416745776545082 0.13987088317182245
0 0.2763390470021108 0.40291110459503193 0.060769441980435344 0.13496486188449897
0 0.05301566809115049 0.3491694735168964 0.05938895250377903 0.13798060124083725