0 0.8668745103359162 0.3983720539711689 0.14635336829088247 0.043134165583431285
0 0.8496021630214085 0.6679033039711689 0.15124112739018117 0.04634098620028233
0 0.6160236952565499 0.9320946688265469 0.15552810919158375 0.04017280681713338
0 0.6194280999446267 0.8789696688265469 0.16197836829088247 0.04340690097293454
0 0.30476904071613126 0.0772751607121673 0.144991127390181 0.04623189204448095
0 0.3017651542266516 0.1241501607121673 0.13657785009228504 0.036720524349729236
0 0.2534349691583598 0.4877762840889618 0.15562823874123302 0.041735306817133375
0 0.23803360734588241 0.6548819634721108 0.15592862739018098 0.04642280681713338
0 0.22149934454595596 0.7664370722384088 0.15602875693983032 0.04798530681713338
0 0.040704431681431036 0.9715534460222404 0.08140886336286207 0.04623189204448082
0 0.09094876773717195 0.16739778003177208 0.15552810919158372 0.04017280681713329
0 0.0978589042266516 0.12059096387914796 0.162178627390181 0.04653190097293467
0 0.1142231863049095 0.02389324188232516 0.146553627390181 0.04625916558343128