0 0.954920146511629 0.84765625 0.09015970697674192 0.1203125
0 0.9462169725452206 0.76953125 0.10756605490955877 0.1171875
0 0.9194356246124038 0.6125 0.16112875077519248 0.109375
0 0.8908915175802885 0.4578125 0.218216964839423 0.11875
0 0.8826540657761172 0.3828125 0.23469186844776582 0.1171875
0 0.45033996144333716 0.0296875 0.2475549228866743 0.059375
0 0.514168331275379 0.22109375 0.23563471622369914 0.1171875
0 0.5493932348837217 0.2953125 0.22429669802510172 0.1109375
0 0.5678812214654864 0.3765625 0.23563471622369897 0.1171875
0 0.5975372455241799 0.44921875 0.2419848457733483 0.11875
0 0.6466127004891119 0.60546875 0.254685104872647 0.121875
0 0.6957382202288687 0.7625 0.2402220866740498 0.115625
0 0.4359195365448529 0.9140625 0.22449695712440043 0.1140625
0 0.4122131238372114 0.83671875 0.23357156847545255 0.109375
0 0.3332313209394626 0.60390625 0.23543445712440042 0.1140625
0 0.28498718074935514 0.4484375 0.23543445712440042 0.1140625
0 0.04649757479697395 0.34765625 0.05394462523071266 0.0859375
0 0.06744802976190606 0.50390625 0.07501858883351809 0.0734375
0 0.1330484531100056 0.73515625 0.10228199568106336 0.084375