0 0.9047409493157282 0.1455061525911972 0.05061816534054486 0.05399775324641087
0 0.9640592159452751 0.4200345941492108 0.049001121339908596 0.04928297970746058
0 0.9808007259309577 0.5258169898471398 0.027126121339908594 0.048901150162155814
0 0.9824808572565491 0.5828891501555652 0.02245680267345449 0.05038182954530477
0 0.9865592825827765 0.6353147207724162 0.013136346674090759 0.054905688311602675
0 0.8414376865850037 0.6163720316500345 0.1571590666772721 0.08085235389503395
0 0.8302916485916854 0.566948730107907 0.1665704293443632 0.08414099512873605
0 0.8223796985996394 0.5082049756436803 0.17599997334499945 0.08899213636243815
0 0.8058012732734119 0.4555612167152264 0.16655224801081764 0.08257849512873605
0 0.7661682506365468 0.2352935811635673 0.17131247334499947 0.08891031574558708
0 0.7504074379774102 0.1795384590045887 0.16655224801081764 0.08257849512873605
0 0.7297960406588185 0.07056287945928394 0.17134883601209056 0.09203531574558706
0 0.7216204613303638 0.034475374995057075 0.17550907733927232 0.046804636362438076
0 0.5134897879933185 0.058191744314661856 0.17127611067790854 0.08578531574558705
0 0.5609625826305017 0.27625199756107277 0.17125792934436318 0.0842228157455871
0 0.5728444172899565 0.32959518587267544 0.15715906667727228 0.08085235389503395
0 0.5926382019414572 0.44168212864850503 0.15554202267663583 0.07613758035608367
0 0.6164018712603669 0.5483685052717104 0.17123974801081765 0.0826603157455871
0 0.6314177965865946 0.6009849906612139 0.17123974801081765 0.0826603157455871
0 0.5049611005331425 0.9874529557614732 0.14881930800445425 0.025094088477053588
0 0.4888639332034151 0.961803232141445 0.1759454293443632 0.07639353571710998
0 0.4547263852244141 0.810443991068251 0.15715906667727228 0.08085235389503395
0 0.4514564818985047 0.7556883072208751 0.15087270401018138 0.07761825973923261
0 0.4348962379058225 0.7014820482924213 0.15715906667727228 0.08085235389503395
0 0.42770190324636764 0.6482206805976697 0.16186474801081766 0.082496674511885
0 0.403965505927776 0.5391905539744642 0.17125792934436318 0.0842228157455871
0 0.38022910860918446 0.4301604273512588 0.1618465666772722 0.080934174511885
0 0.31545118264641003 0.154755278406919 0.16346361067790854 0.08564894805083538
0 0.2994363786600912 0.05367401947846527 0.16795111600890866 0.06854326866768638
0 0.10381424864736452 0.14402846387914794 0.16021134134309048 0.07465690097293472
0 0.16782001527691168 0.41863872605401253 0.15089088534372683 0.07918075973923262
0 0.17970184993636656 0.4719819143656153 0.15554202267663592 0.07613758035608367
0 0.21063258191441303 0.6342734086835724 0.15714088534372683 0.07928985389503396
0 0.23514113856623187 0.744098422076253 0.15714088534372678 0.07928985389503396
0 0.10143720588005098 0.8855438080349494 0.07725339067472689 0.060711403408566865
0 0.07298603656114122 0.7787756107948929 0.06780566534054513 0.054297762174864594
0 0.038921213916322035 0.6172108193990351 0.07098520934118145 0.05903980925276535
0 0.009918797979000967 0.33848580154212754 0.019837595958001934 0.05822160308425506