0 0.3351166772056109 0.02891807737904335 0.1516416455887782 0.051727226686817264
0 0.31017843152454755 0.11306581070972528 0.15244268198597286 0.06422722668681723
0 0.30009323026024326 0.16064024470877078 0.15879281153562222 0.06586245202099902
0 0.29030841764488685 0.20352717870781628 0.1525428115356222 0.06578972668681722
0 0.2485843877260973 0.34220787070336195 0.13994268198597287 0.06408177601845369
0 0.23874951033591635 0.38587605470240743 0.14412953423772626 0.056323820019090046
0 0.20821330429125004 0.5207777660327713 0.1380797933370249 0.05937609468490841
0 0.20145336212624437 0.5652635626989075 0.14609255243632352 0.0625920013526354
0 0.03832800817644799 0.7116374813414996 0.07665601635289598 0.06077496268299924
0 0.024897761415650487 0.8373096433402271 0.049795522831300974 0.058994286680454165
0 0.13906877391103514 0.8311425540260897 0.14931768198597287 0.06419086401972648
0 0.5157053431524548 0.0169464307367695 0.13421431369509057 0.0234204133513628
0 0.5084843260335916 0.044226546069360446 0.14931768198597287 0.06419086401972637
0 0.4930805690937613 0.08939359540099688 0.1458922933370248 0.059467001352635475
0 0.4821640530546324 0.13774018873326965 0.1585925524363235 0.06273745202099903
0 0.4494936505260238 0.2327436060629971 0.16211807063492079 0.06902381468808994
0 0.44331469926171946 0.28036349339590616 0.14961807063492077 0.06887836401972632
0 0.4100132410575849 0.37301407005886095 0.1570300524363235 0.06271927068745357
0 0.40486586366740385 0.41673679805854275 0.1441295342377263 0.056323820019090046
0 0.3902433567275736 0.4619129380569519 0.15224242288667417 0.06110222668681722
0 0.38807078501291864 0.5080157787237247 0.16211807063492084 0.06902381468808994
0 0.3288996368032467 0.6871487480505886 0.15723031153562222 0.06584427068745366
0 0.32657687076411773 0.7355953387173614 0.1458922933370249 0.059467001352635405
0 0.3166418638242874 0.7808260227164068 0.14931768198597287 0.06419086401972648
0 0.3058755421096324 0.8268288660486796 0.14639294108527148 0.06727950135263541
0 0.693259844232189 0.04012194342772293 0.15552810919158375 0.0392817706874536
0 0.6834948180140271 0.07049978675999571 0.15723031153562222 0.06584427068745358
0 0.6686219872000735 0.11958217675840488 0.14931768198597287 0.06419086401972636
0 0.6577054711609446 0.16792877009067764 0.1651429410852714 0.0674976773551808
0 0.5896111034883711 0.40090435475013253 0.16191781153562204 0.06589881468808993
0 0.5746882078995927 0.4507679947485417 0.15254281153562205 0.06578972668681722
0 0.5638718214101132 0.4975520880808144 0.1570300524363235 0.06271927068745349
0 0.5539868792451076 0.54200152207986 0.15703005243632367 0.06271927068745349
0 0.5303107449150962 0.6308549367440873 0.14911742288667434 0.061065864019726315
0 0.48079519895717765 0.8179185847389967 0.139642293337025 0.059394276018453596
0 0.470910256792172 0.8623680187380423 0.14589229333702494 0.059467001352635405
0 0.8542986713455146 0.10141507411676735 0.14911742288667434 0.06106586401972636
0 0.8445138587301585 0.14430200811581284 0.1650428115356221 0.06593517735518084
0 0.8296410279162048 0.19338439811422203 0.1620179410852714 0.06746131468808994
0 0.8159499653008485 0.2362258787794039 0.16484255243632343 0.06281017735518084
0 0.8000455606127715 0.28920542811104033 0.1731557001845701 0.07071358402290802
0 0.7842913502491685 0.3398412274426768 0.1780434592838688 0.07389312802354438
0 0.7625584477205599 0.43497191410722236 0.16836807063492074 0.06909654002227175
0 0.7495485055555544 0.47938498543917696 0.16211807063492092 0.06902381468808994
0 0.7229779087024718 0.5768048781030861 0.16201794108527157 0.06746131468808994
0 0.7128927074381675 0.6243793121021317 0.1651429410852714 0.06749767735518084
0 0.6851100640088575 0.7163122734324954 0.16856832973421945 0.07222154002227174
0 0.6642585410298982 0.8098895507638136 0.16171755243632352 0.06277381468809003
0 0.6194502814691744 0.9801078600413617 0.1483163864894795 0.03978427991727642
0 0.970756183684016 0.16297128679976663 0.04286742288667398 0.059829533338636144
0 0.9536106516057579 0.25971901746494847 0.06434190468807692 0.05383407200827239
0 0.9433752560169797 0.309637201463994 0.07900518198597269 0.06337270401018139
0 0.9349526843023248 0.3556673167965849 0.08984255243632333 0.06193747334499946
0 0.9293046591638969 0.4072025447962668 0.09453005243632333 0.06199201734563573
0 0.9111776179863404 0.5070661847946759 0.11776729333702463 0.05913973734881743
0 0.9071922223975623 0.5570570941279032 0.11953005243632334 0.06228291868236298
0 0.8829653755444797 0.6545042587921306 0.12578005243632367 0.06235564401654461
0 0.8402598365263916 0.7963008601209035 0.14785531153562212 0.06573518268618095
0 0.8247769339977828 0.8915042721196308 0.1368176819859727 0.06404541335136286
0 0.8038042975083032 0.9381701867838583 0.15743057063492075 0.06896927068745384
0 0.7995382996677716 0.9749123773869975 0.14599242288667433 0.05017524522600496
0 0.4479653076873361 0.9520117740690424 0.14599242288667416 0.06102950135263541
0 0.43565627236987564 0.982178342695726 0.14322836829088242 0.03564331460854788
0 0.2870871668789198 0.9126118247135434 0.1512807001845701 0.07045904535327167