0 0.2515625 0.07578125 0.0390625 0.128125
0 0.3359375 0.07578125 0.0390625 0.128125
0 0.3828125 0.0765625 0.0375 0.1234375
0 0.46953125 0.08046875 0.0390625 0.1265625
0 0.51484375 0.08046875 0.0359375 0.13125
0 0.60234375 0.078125 0.0390625 0.1203125
0 0.68984375 0.07734375 0.0421875 0.1296875
0 0.734375 0.0765625 0.0375 0.1234375
0 0.8203125 0.0765625 0.0375 0.1234375
0 0.95078125 0.090625 0.0375 0.121875
0 0.1171875 0.23046875 0.0328125 0.115625
0 0.15859375 0.2328125 0.0375 0.1171875
0 0.20234375 0.23203125 0.040625 0.1234375
0 0.24609375 0.23359375 0.0359375 0.1296875
0 0.33515625 0.2296875 0.0375 0.121875
0 0.37890625 0.23359375 0.0375 0.121875
0 0.42421875 0.23828125 0.0390625 0.1359375
0 0.46875 0.2375 0.0390625 0.13125
0 0.55859375 0.24296875 0.0390625 0.1453125
0 0.69375 0.240625 0.0359375 0.13125
0 0.73828125 0.240625 0.0375 0.13125
0 0.78359375 0.24140625 0.0390625 0.134375
0 0.828125 0.24375 0.040625 0.13125
0 0.95859375 0.240625 0.0359375 0.125
0 0.1125 0.3953125 0.03125 0.115625
0 0.24140625 0.3875 0.0375 0.1296875
0 0.284375 0.39296875 0.0375 0.1265625
0 0.37578125 0.39453125 0.0359375 0.121875
0 0.4234375 0.39765625 0.0375 0.1234375
0 0.559375 0.39609375 0.0359375 0.128125
0 0.6046875 0.39609375 0.0359375 0.13125
0 0.6984375 0.4 0.0375 0.1328125
0 0.88046875 0.4015625 0.0375 0.128125
0 0.9265625 0.4046875 0.040625 0.134375
0 0.1875 0.56015625 0.0359375 0.134375
0 0.23515625 0.559375 0.0375 0.1328125
0 0.28203125 0.559375 0.040625 0.1328125
0 0.3265625 0.56328125 0.0390625 0.1328125
0 0.375 0.5671875 0.0375 0.1296875
0 0.4203125 0.5640625 0.040625 0.1234375
0 0.56015625 0.55859375 0.0390625 0.1359375
0 0.60625 0.56171875 0.034375 0.1296875
0 0.1828125 0.7375 0.0375 0.1296875
0 0.22890625 0.73828125 0.0375 0.13125
0 0.37109375 0.73515625 0.0375 0.1328125
0 0.221875 0.915625 0.0375 0.1375
0 0.27109375 0.9140625 0.0359375 0.134375
0 0.36796875 0.9171875 0.0390625 0.134375
0 0.415625 0.91640625 0.0375 0.1359375
0 0.46328125 0.915625 0.0390625 0.134375
0 0.56015625 0.915625 0.0359375 0.1328125
0 0.609375 0.91875 0.0359375 0.1296875
0 0.70859375 0.9171875 0.0359375 0.13125
0 0.7578125 0.921875 0.0390625 0.13125
0 0.853125 0.928125 0.0375 0.140625
0 0.9 0.928125 0.0375 0.14375
0 0.946875 0.928125 0.040625 0.14375