0 0.8863315974055075 0.45621043773324954 0.14788412094116268 0.06294148801910034
0 0.933296731742646 0.855749135463664 0.10569662094116268 0.06146826805616747
0 0.9356580726520365 0.8996082628683257 0.09955571509696384 0.06750001324684404
0 0.781991556012945 0.9696081833872622 0.15723184740221222 0.0607836332254756
0 0.7082963263021892 0.5344197393698629 0.15265344155801355 0.06779267912609299
0 0.6897702431034365 0.43136666123956174 0.1495829886359143 0.07080855172143127
0 0.6114460146104965 0.03698668946253005 0.16148297077900686 0.036870061340078156
0 0.42213805275994354 0.0444469814804965 0.13697389448011296 0.06412204210278447
0 0.4298726862830078 0.09396583184331621 0.14325116801906326 0.06590279691210787
0 0.4808413023562017 0.3537153432760616 0.14012616801906325 0.06579366950744614
0 0.4877674123403157 0.40476941178771586 0.14012616801906325 0.06579366950744614
0 0.4954611355549545 0.4566320121505356 0.1464034415580137 0.06757442431676956
0 0.5070611087695932 0.5086310217691825 0.14947389448011278 0.06455855172143146
0 0.5681393360447171 0.8609772609694092 0.14788412094116268 0.06294148801910034
0 0.5798211298762068 0.9082887705880562 0.16200116801906325 0.06655756134007831
0 0.3498587146965174 0.7368775289407585 0.1384818474022122 0.06105160580511537
0 0.335965584419864 0.6371131419174499 0.14640344155801355 0.06757442431676956
0 0.22464939813356088 0.07272820498680867 0.14952844155801365 0.0676835517214313
0 0.08983842695081229 0.4065079495445131 0.14788412094116257 0.06294148801910038
0 0.12392528044210446 0.5585714465492881 0.14634889448011293 0.06444942431676956
0 0.1750575377490004 0.8089459579820335 0.1400716209411626 0.06266866950744614
0 0.18586262419416405 0.8616989357495151 0.14643071509696398 0.06913692431676957