0 0.7144897119950515 0.2253855822224277 0.059824944048363096 0.18038662252816076
0 0.5816090158351176 0.2137546775111802 0.06460337226160835 0.18383940445914596
0 0.4505636043149197 0.2116080334435945 0.059824944048363096 0.18038662252816068
0 0.3178193004748537 0.20466462873234698 0.059734015835117574 0.17726162252816074
0 0.058580692794721737 0.191214861884499 0.06442151583511761 0.1775894044591459
0 0.012486942794721735 0.1879916728964778 0.019063551728494922 0.17285834579295561
0 0.8590366485215671 0.47718801886466033 0.06018865690134447 0.19288662252816077
0 0.7958008626281898 0.4743254627963601 0.06175115690134447 0.19299588317182242
0 0.45657923825501057 0.4451471531217637 0.06754651583511766 0.17780792574646936
0 0.3287042908414352 0.44478153034150136 0.06800115690134448 0.19343292574646948
0 0.8053734055811962 0.7229268537618527 0.06000680047485361 0.18663662252816077
0 0.6717114594212621 0.7112413187287744 0.058444300474853605 0.18652736188449898
0 0.4053052094212622 0.6926123789844485 0.06138744404836292 0.1804958831718224
0 0.27515470816762094 0.6944266152386936 0.06487615690134438 0.19321440445914587
0 0.21178252995437558 0.6868765591703934 0.06175115690134445 0.19299588317182242
0 0.03151836843417763 0.6812882048274631 0.02558633636823101 0.1826703883676025
0 0.6828010382676457 0.9352699545369241 0.059688551728494944 0.12946009092615185
0 0.3516192344275798 0.9251142505042032 0.06745558762187223 0.14977149899159378
0 0.22188627032095712 0.9190720641140719 0.06442151583511757 0.16185587177185604