0 0.04787874591711407 0.21328125 0.06463632697140151 0.0453125
0 0.10757080517984603 0.753125 0.07257637272903605 0.046875
0 0.14448022912652841 0.946875 0.09406873545613247 0.0421875
0 0.14825880443094 0.98359375 0.08861596091032524 0.0328125
0 0.17847542848861025 0.1 0.15889651000193963 0.0515625
0 0.17889014560785332 0.04765625 0.1585138727290361 0.046875
0 0.20339516440378466 0.26171875 0.15369882697140155 0.0453125
0 0.21498598183228848 0.375 0.15395391848667064 0.0484375
0 0.22128365031895908 0.4234375 0.15446410151720877 0.0546875
0 0.2289365247149851 0.47890625 0.1591516015172087 0.0546875
0 0.25266029351091646 0.69296875 0.15121155575957418 0.053125
0 0.2786323463955527 0.8484375 0.1542090100019397 0.0515625
0 0.458336337601561 0.6859375 0.1542090100019397 0.0515625
0 0.45608844032671775 0.6296875 0.16358401000193973 0.0515625
0 0.4269596944096037 0.41640625 0.1542090100019397 0.0515625
0 0.3859529597023773 0.14375 0.16396664727484325 0.05625
0 0.3763710524255943 0.0359375 0.17152405575957416 0.053125
0 0.606488342433353 0.2421875 0.15395391848667045 0.0484375
0 0.616851499710136 0.35 0.16358401000193973 0.0515625
0 0.6493282572961796 0.6234375 0.1685266015172088 0.0546875
0 0.6709316745749022 0.7828125 0.1685266015172088 0.0546875
0 0.8402884839583203 0.503125 0.16788887272903602 0.046875
0 0.808130590766363 0.23359375 0.15446410151720888 0.0546875
0 0.7836893448492489 0.0203125 0.17050368969849786 0.040625
0 0.9378028889398935 0.01328125 0.07873077787978708 0.0265625
0 0.9520244987920521 0.1109375 0.08220646424430526 0.05
0 0.973779682885606 0.38828125 0.052440634228787884 0.0515625
0 0.9809302330402364 0.55 0.03813953391952722 0.04375
0 0.9922501124372323 0.7140625 0.015499775125535464 0.046875