0 0.17079278325308084 0.9520900342440246 0.0666084899708701 0.08936402837152997
0 0.23317912298652416 0.9463652199791174 0.060585810503983505 0.09699467194503911
0 0.29880412298652415 0.9444557275009648 0.0637108105039835 0.09708560015828453
0 0.14890810840504778 0.7642861573635628 0.07434208511458977 0.19418792069139812
0 0.21331994939213228 0.7475556469387217 0.06809208511458975 0.19400606426490724
0 0.3443198968057075 0.7351429119824163 0.07434208511458973 0.19418792069139795
0 0.4738937365391509 0.7274631411327338 0.0712170851145899 0.19409699247815268
0 0.5378198442192829 0.7209116127612039 0.06951819279472175 0.18936402837152996
0 0.6017686839527261 0.715141334389674 0.06951819279472175 0.18936402837152996
0 0.6663169172596787 0.7030983239648327 0.07434208511458991 0.19418792069139812
0 0.9231208467265652 0.6878069784254016 0.07085337226160818 0.1815969924781527
0 0.9745814290046682 0.681278182107183 0.05083714199066378 0.1895004206913981
0 0.18915370902555076 0.508212002111571 0.06965458511458973 0.19405152837152997
0 0.4525342474262105 0.47709106809233787 0.07171719028743925 0.21128449247815265
0 0.5147387307331631 0.4651162538274307 0.07373433135366607 0.2269549565847752
0 0.5797643371596538 0.4694794934025895 0.07337061850068469 0.21445495658477537
0 0.6407245692129652 0.46848764324430486 0.07121708511458973 0.19409699247815268
0 0.7079575333195878 0.46809518665952954 0.0760409774344577 0.19892088479802067
0 0.09793636097883725 0.27551081386919585 0.07434208511458977 0.19418792069139795
0 0.1634249686589692 0.26891382139104325 0.07135347743445779 0.1987844924781526
0 0.22748746865896918 0.2670497930195133 0.07420569279472175 0.18950042069139794
0 0.20521634890464333 0.06596466613905146 0.059387023356964976 0.10944920783841652
0 0.2729805104248412 0.05695572750096482 0.063938131037097 0.10489810015828457
0 0.3360571719450392 0.04910560665759993 0.06536423871722885 0.09821121331519986