0 0.5198524616871757 0.0720750799912715 0.11089641819055522 0.144150159982543
0 0.2646270109332404 0.14678017877847432 0.09193180471268488 0.1641897878817268
0 0.11628654721981439 0.2139671630266588 0.10226371196999966 0.17589256242753395
0 0.8539820368522217 0.1380130196655236 0.09913871196999971 0.17563747091226486
0 0.7007490215836569 0.2032388911866117 0.09702940782296263 0.16925992515463034
0 0.6457976814328699 0.22267428846145493 0.10097461404351833 0.1788900166698994
0 0.5908463412820828 0.24210968573629818 0.09193180471268488 0.16418978788172678
0 0.5420083000945365 0.25947239998060334 0.09859190782296263 0.16938747091226494
0 0.9659796784167358 0.3226434979946543 0.06804064316652828 0.1835775166698995
0 0.7721919605093973 0.4082773354270374 0.10505652130083298 0.19008260818516848
0 0.7264105688034712 0.4246037081560735 0.09866982026407385 0.18800992515463033
0 0.5093884556084249 0.49818395574017754 0.09941211404351816 0.17876247091226496
0 0.9747821981387957 0.532735975115837 0.050435603722408476 0.1838326081851685
0 0.9468133772858328 0.5529526223906803 0.10637324542833433 0.1902101539428031
0 0.8962329276631932 0.5759754052714372 0.10097461404351833 0.1788900166698994
0 0.788673997361619 0.614654881184672 0.09941211404351832 0.17876247091226496
0 0.32630928133911885 0.7798637457479363 0.09872860885972194 0.17094997091226496
0 0.27747124015157254 0.7972264599922413 0.09390440782296264 0.16900483363936125
0 0.9840631714895132 0.7439923395099234 0.03187365702097367 0.1630099251546305
0 0.9577252011549298 0.7624551681483148 0.0845495976901404 0.16300992515463034
0 0.9132911629602762 0.7799454281502546 0.09505680471268504 0.16444487939699587
0 0.8081443331770817 0.8192148354270374 0.0915217016024072 0.1595022878817268
0 0.7564546940630539 0.8399576411866118 0.08798659849212917 0.1545596963664578
0 0.5969621168717575 0.8875973999806034 0.09042809330833315 0.1470022878817268
0 0.39252818657018335 0.9341847128671793 0.08679595391148132 0.08775483363936125