0 0.7715302596186469 0.016986092205791347 0.1399355192372937 0.025809041958085976
0 0.7810788744094368 0.04437983918072924 0.14631449400955016 0.07427381303532483
0 0.8077901965492881 0.13826619456692352 0.14943949400955026 0.07429199375348405
0 0.8202827620657175 0.18286107708048083 0.14453373920022666 0.06801472267624523
0 0.8315674916472975 0.23760311923495853 0.1526190577118811 0.07587267447164328
0 0.8491766322988031 0.3392474324666751 0.14949405771188112 0.07585449375348415
0 0.8587078889222252 0.3885116342620732 0.15100199400955025 0.07430108411256367
0 0.8720362681409852 0.4346735619551703 0.1463690577118811 0.07583631303532493
0 0.8854737747644073 0.48396048964826743 0.14949405771188112 0.07585449375348396
0 0.9195090127835076 0.6310036612912404 0.14313493030721958 0.07269313231716552
0 0.936531543959292 0.7248900166774346 0.12693691208141616 0.07427381303532492
0 0.6303298846610559 0.17863159845230728 0.14006449400955018 0.07423745159900634
0 0.6161111280376339 0.12934012557967034 0.14006449400955018 0.07423745159900634
0 0.661403813787149 0.33034408937712095 0.14631449400955035 0.07427381303532483
0 0.6937475770339928 0.42894976102009397 0.13370536660488846 0.07107609016268786
0 0.7421032645976063 0.6729315651766241 0.13995536660488864 0.0711124515990063
0 0.5047867699550839 0.47549698721238054 0.14006449400955034 0.07423745159900648
0 0.5624356119652012 0.7171895835233885 0.13683036660488845 0.07109427088084708
0 0.5720759959932847 0.7695787853187865 0.13995536660488844 0.0711124515990063
0 0.21508434137714505 0.11997719847574839 0.14776786660488855 0.07115790339440445
0 0.2306473431912436 0.16302776170746497 0.1525644940095502 0.07431017447164327
0 0.2409325679635001 0.21151525868240287 0.1446974303072194 0.07270222267624522
0 0.25744051088459124 0.2592578670936592 0.1494940577118811 0.07585449375348405
0 0.26554567676384033 0.31241922852997767 0.15434524881887368 0.08056926483072288
0 0.3091468877410987 0.46498569232742837 0.13995536660488844 0.07111245159900648
0 0.3186508625133553 0.5134686441228264 0.15908731252120453 0.08215903590796181
0 0.3883011967189242 0.7856936229473916 0.14804068511654284 0.07897040339440445
0 0.40115834998430155 0.8630964602814093 0.14464286660488845 0.07113972267624505
0 0.4382813824684392 0.9853431232419794 0.14327877404661712 0.029313753516041173
0 0.06264387685650755 0.2057914577473264 0.11350199400955022 0.07408291549465285
0 0.09538199890369166 0.40516019867214015 0.14313493030721935 0.07269313231716552
0 0.1096826010806099 0.4567954215447771 0.14782243030721937 0.07272040339440444
0 0.13356902358328096 0.5592573462128121 0.15730655771188107 0.07589994554888228
0 0.16200653683012486 0.657840291958086 0.1494394940095502 0.07429199375348397
0 0.2008111204027216 0.8072544846782979 0.15434524881887368 0.08056926483072288
0 0.23188504952881459 0.9589669756031114 0.1510019940095502 0.07430108411256384