0 0.0421875 0.0765625 0.034375 0.11875
0 0.0796875 0.06953125 0.0359375 0.115625
0 0.1203125 0.065625 0.0359375 0.115625
0 0.03125 0.371875 0.0359375 0.1171875
0 0.109375 0.3578125 0.0359375 0.125
0 0.1875 0.346875 0.028125 0.125
0 0.23125 0.35078125 0.03125 0.11875
0 0.2734375 0.346875 0.0390625 0.1328125
0 0.3140625 0.33671875 0.034375 0.1171875
0 0.021875 0.684375 0.0328125 0.128125
0 0.1046875 0.684375 0.03125 0.121875
0 0.14375 0.6703125 0.034375 0.128125
0 0.1859375 0.6734375 0.0328125 0.128125
0 0.271875 0.66328125 0.0359375 0.121875
0 0.315625 0.66328125 0.034375 0.121875
0 0.359375 0.66328125 0.0359375 0.1328125
0 0.403125 0.65625 0.0359375 0.1328125
0 0.5328125 0.64609375 0.040625 0.128125
0 0.5765625 0.6421875 0.0375 0.125
0 0.621875 0.6421875 0.0375 0.1328125
0 0.753125 0.63203125 0.0390625 0.125
0 0.7953125 0.63203125 0.0359375 0.125
0 0.8375 0.628125 0.040625 0.121875
0 0.8796875 0.63203125 0.034375 0.1328125
0 0.0640625 0.85078125 0.0359375 0.1328125
0 0.1046875 0.846875 0.034375 0.128125
0 0.1859375 0.83671875 0.034375 0.128125
0 0.2296875 0.83671875 0.034375 0.121875
0 0.2734375 0.83359375 0.0328125 0.11875
0 0.315625 0.8296875 0.0328125 0.1328125