0 0.2136760550937072 0.023251371173502462 0.11014788981258557 0.031656722497410014
0 0.19570129341522474 0.07639348779889096 0.11060253087881237 0.04728172249741001
0 0.18851927922945974 0.10813363937046754 0.11060253087881237 0.04728172249740999
0 0.1773173547771381 0.14359810442427945 0.12015938730530311 0.053968370140045165
0 0.1564987379258061 0.21381855913900916 0.12319345909205773 0.05098891935425689
0 0.14451556347348443 0.24924663688926815 0.11381845909205776 0.05055227171162171
0 0.13561192491454008 0.2863827638537389 0.12636392319868045 0.052696968568468616
0 0.12199805430228439 0.32408181699689204 0.11698892319868044 0.05226032092583344
0 0.09354278219896062 0.44166742328319836 0.12015938730530311 0.053968370140045255
0 0.08030934481451522 0.5200642510334573 0.1295798514119258 0.055967517782680255
0 0.07126931393570284 0.5618878779979279 0.13284124373179385 0.06080056699689216
0 0.05518262734268026 0.6905201461948931 0.11036525468536051 0.052915292389786116
0 0.48690896661390515 0.04301817741702751 0.12930706677218975 0.04659251778268031
0 0.4573314637109112 0.17228614639978085 0.12957985141192582 0.055967517782680345
0 0.41357178886287815 0.3587844185256873 0.12645485141192586 0.05582196856846853
0 0.4162708915284452 0.3197946931327932 0.12323892319868043 0.05255141935425689
0 0.4060487938774431 0.4022433200972639 0.12815374373179383 0.06058224317557444
0 0.38377532561418537 0.5224637748119937 0.12029577962517113 0.05865587014004525
0 0.3627006444979461 0.6552570041338293 0.13449467194503928 0.06399834160399784
0 0.7776272433360825 0.13400716624937575 0.1327048514119257 0.05611306699689202
0 0.7583256623781278 0.20586289557121135 0.13904577962517095 0.05952916542531543
0 0.7436661173135504 0.2794994487143645 0.14529577962517112 0.059820263853738884
0 0.749538032594672 0.31967068444634084 0.1327048514119257 0.05611306699689198
0 0.7397849478757937 0.35911417410725865 0.14851170783841638 0.06309081306795061
0 0.7033316561764286 0.6171428438758003 0.13904577962517112 0.05952916542531561
0 0.7050472688711256 0.6657258930900121 0.13909124373179385 0.06109166542531561
0 0.6835694224737646 0.7586025978047417 0.15471624373179385 0.06181941149637389
0 0.6860435531151502 0.8080032843225062 0.1454321719450391 0.0645077638537388
0 0.9170066774218224 0.3446814547102205 0.14069920783841638 0.0627269400324213
0 0.8918067859598843 0.5117041348178444 0.14851170783841638 0.06309081306795061
0 0.8836329216158347 0.6044181736929739 0.16726170783841637 0.06396410835322079
0 0.8784764086837111 0.6472049871752092 0.15159124373179367 0.06167386228216234
0 0.8730925752184738 0.6978043006574446 0.14851170783841647 0.06309081306795061
0 0.8625522288211129 0.7911904276219153 0.15163670783841648 0.06323636228216234
0 0.8626826094624986 0.8404819522290211 0.15333560015828454 0.0679966368892682
0 0.8597334542105068 0.8880654276219154 0.14851170783841638 0.0630908130679508
0 0.8535001745853357 0.9409721038005976 0.15342652837152998 0.07112163688926784