0 0.9465501069862416 0.17595250805900237 0.10689978602751679 0.058561522865490725
0 0.945379476586355 0.24149566250550603 0.10924104682728988 0.05560021397248338
0 0.9462450613400781 0.3828473488031752 0.10750987731984374 0.060396841377145
0 0.9399950944571881 0.873735243631032 0.12000981108562385 0.05987105172143146
0 0.7268948606144388 0.16895843047685538 0.1956597295815799 0.06145339908902612
0 0.7186111677781657 0.44567469790005065 0.19883929328391084 0.06312502649368774
0 0.7164063162342196 0.516604756793058 0.18784722958158007 0.061180580577371836
0 0.7168602502544541 0.9852306941870355 0.1954960384745874 0.02953861162592908
0 0.45507940271722325 0.2952381551642939 0.19883929328391084 0.06312502649368783
0 0.4541593204953888 0.7157862681409853 0.1878472295815799 0.061180580577371836
0 0.452016500254454 0.9806064204144954 0.1954960384745874 0.038787159171009125
0 0.19204866777816565 0.4272867302145521 0.20508929328391085 0.06334328130301121
0 0.19687755543444638 0.5655679802145521 0.1959325480932342 0.06926589908902621
0 0.1948438625981733 0.8425025024470706 0.18310516587924913 0.059454389470378996
0 0.19571193655212318 0.9746106196001133 0.19091766587924908 0.050778760799773434