0 0.03572914404761879 0.22993293969514966 0.07145828809523758 0.05674087939029935
0 0.036270562153931006 0.2861965752337691 0.07254112430786201 0.05676815046753827
0 0.033838372148393685 0.45730850595192835 0.06767674429678737 0.052117011903856716
0 0.03531123457917988 0.5112329366700876 0.07062246915835976 0.05684087334017516
0 0.03387509407991801 0.628456798106406 0.06775018815983602 0.05526019262201594
0 0.0375915769610549 0.6816272499018041 0.0751831539221098 0.05217155405833438
0 0.03532352290513012 0.7402346354404236 0.07064704581026024 0.052135192622015936
0 0.1930397987356957 0.048797090064492024 0.16307979333702488 0.05873971662612101
0 0.197219751698043 0.21528969847574836 0.16307979333702488 0.05873971662612101
0 0.20544565700442874 0.35523344242562416 0.1666053115356222 0.06500789734428025
0 0.2033150532115159 0.49824309904148245 0.1664050524363235 0.06188289734428025
0 0.4050508405315611 0.14303394515609869 0.15985466378737562 0.05715903590796181
0 0.4068147971945362 0.20087826141287737 0.16005492288667417 0.06028403590796179
0 0.4129868491694344 0.3118930294650541 0.15985466378737562 0.05715903590796181
0 0.411927392045034 0.42599189090137257 0.1697303115356222 0.06502607806243947
0 0.4159571506829073 0.594828249312629 0.16620479333702493 0.058757897344280254
0 0.417290310769655 0.6471992703898678 0.16620479333702493 0.058757897344280254
0 0.4198367149963066 0.7660083577238853 0.16620479333702498 0.058757897344280254
0 0.6190773604282014 0.3521690924021831 0.14735466378737563 0.05708631303532483
0 0.6347479210409729 0.6320520351223948 0.16660531153562202 0.06500789734428025
0 0.6281696491417478 0.7469003303019347 0.15047966378737562 0.05710449375348396
0 0.8390834839608712 0.053337203543913955 0.16328005243632343 0.06186471662612101
0 0.8325552768364706 0.16740424872345377 0.15672966378737563 0.05714085518980254
0 0.8336881778239198 0.22290026980069264 0.15985466378737562 0.057159035907961786
0 0.8410210140365442 0.2792139023142499 0.15985466378737562 0.05715903590796181
0 0.836585035474344 0.33624060713471016 0.16005492288667406 0.06028403590796181
0 0.8389009022240668 0.4464513992891878 0.15672966378737563 0.05714085518980259
0 0.8458275185123643 0.7286280950344617 0.156829793337025 0.05870335518980241
0 0.8435850956256902 0.7880121853935413 0.156829793337025 0.05870335518980241