0 0.8513397351340715 0.5366679870024361 0.13717634783255325 0.07971893515656987
0 0.8871565128144002 0.4079051292763096 0.13717634783255334 0.07971893515657005
0 0.9249350385175628 0.28870859018663486 0.13535917984777585 0.0733413893989355
0 0.9346867233082541 0.20328127321717301 0.12273184585538673 0.0691960233378592
0 0.7648742890118543 0.273291400029095 0.14186384783255335 0.08010157242947366
0 0.7341561882135516 0.35387184927049065 0.14811384783255335 0.08061175546001173
0 0.7062447524342769 0.4425198900271553 0.14661501482874756 0.08204670970237729
0 0.6538333823586022 0.6130398130557537 0.13542284684397005 0.07490388939893541
0 0.6097292608000529 0.7912924877513422 0.1354865138401644 0.07646638939893542
0 0.5871592410283893 0.8835119386597278 0.1402376808363588 0.07841152667183912
0 0.5583392212567257 0.9683026872826019 0.1448615138401646 0.06339462543479613
0 0.40090340604741737 0.8761464935012182 0.13717634783255317 0.07971893515656987
0 0.4304728423209837 0.785282248502188 0.13717634783255317 0.07971893515657005
0 0.4514803620926472 0.6929352518361679 0.13542284684397005 0.07490388939893541
0 0.5374629189361797 0.4295261982026255 0.13398768083635879 0.07790134364130097
0 0.5843737055137572 0.25934111502230617 0.13535917984777565 0.0733413893989355
0 0.6192500657036001 0.13442073441736233 0.13398768083635879 0.07790134364130097
0 0.4593458250951402 0.07668849850218792 0.1418638478325533 0.08010157242947365
0 0.44656198220550286 0.12110817819874617 0.14310801285158128 0.07241661818710816
0 0.4355316403044487 0.16096790365293895 0.14186384783255318 0.08010157242947366
0 0.40856062201566 0.24577346728842092 0.14811384783255316 0.08061175546001173
0 0.31841980578058726 0.5535224522855116 0.13542284684397005 0.07490388939893541
0 0.3064172128909499 0.5980059048608869 0.13542284684397005 0.07490388939893541
0 0.281598943613578 0.6876902871328208 0.14811384783255316 0.08061175546001173
0 0.22155148707405664 0.8724800042520637 0.1511751808363588 0.07930434697528099
0 0.1908652197738511 0.9522792034934595 0.15898768083635878 0.07994207576345361
0 0.04792557505795916 0.9030131718206504 0.09585115011591833 0.06852634364130097
0 0.06405592313765819 0.7705513581851685 0.12811184627531638 0.07997402667183913
0 0.08371985912689764 0.6770244987920521 0.15136618182494202 0.08399184697528099
0 0.10740936851843778 0.6342788893989355 0.14355368182494202 0.08335411818710821
0 0.20627126874589927 0.3241064060688349 0.1480501808363588 0.07904925546001174
0 0.2550310568063515 0.14701761864615012 0.1386115138401644 0.07672148091420458
0 0.13087065661607106 0.05849763939893551 0.0896646778706093 0.06026756242753399
0 0.11815048072262808 0.10135481909549375 0.08842051285158127 0.06795251666989946
0 0.10311838832728233 0.1432394301556002 0.0835420118629981 0.06288237939699584
0 0.07842745304229921 0.22979881242753394 0.0819795118629981 0.06275483363936127
0 0.06636119315646746 0.2758447650029095 0.08210684585538686 0.06587983363936126
0 0.0544222672630245 0.31876571757828503 0.08210684585538688 0.06587983363936126
0 0.03926284087528996 0.36377532863839146 0.07585684585538688 0.06536965060882309
0 0.017666366578452494 0.5030133007586043 0.03533273315690499 0.05602660151720862
0 0.012151195627925404 0.5463806634857008 0.02430239125585081 0.06151132697140156