0 0.7241125092827796 0.9749890015186115 0.1479289435438888 0.050021996962777135
0 0.7375885403855573 0.9377884339830216 0.15316324769092587 0.07529355357097245
0 0.7553419683780571 0.8959282423036466 0.14351484561740727 0.07195034802388918
0 0.7695308989624553 0.8500708816463203 0.14337814458064796 0.07038784802388917
0 0.7895597264365757 0.8090464913537161 0.1384172425071295 0.06715374525034727
0 0.7990611570209737 0.7630800279228479 0.15316324769092587 0.07529355357097245
0 0.8114825360502328 0.7195300496743411 0.1467765466541664 0.07358558320625015
0 0.8900346374170842 0.49276883434361185 0.1431047425071295 0.06726284802388918
0 0.8956298180014823 0.4467114519347925 0.14038984561740725 0.07187761284152785
0 0.9027874985858804 0.4006904371171536 0.13400314458064813 0.07016964247680572
0 0.9122889291702784 0.35472397368628555 0.12347574769092588 0.07460256933854179
0 0.5553235530622241 0.9816734529816322 0.13874943317629623 0.036653094036735466
0 0.5640047774260666 0.9533192489531602 0.15302654665416657 0.07373105357097245
0 0.6279284508004181 0.7684909604841673 0.15132734561740727 0.07213218597979179
0 0.6233967756826402 0.7308091225282645 0.17550713939685175 0.06333906743868063
0 0.6867545210644919 0.5882410692416326 0.15458904665416656 0.07376742116215276
0 0.7132964801597694 0.49961498033579926 0.15771404665416658 0.07384015634451409
0 0.7313916607441675 0.45384853865642427 0.15982335080120363 0.08012652393569457
0 0.7458539934020841 0.40486617799909785 0.14820234561740725 0.07205945079743063
0 0.48279089952810317 0.6915258041396533 0.1401164435438888 0.06875261284152785
0 0.49334698218601974 0.6424525245043755 0.14820234561740725 0.07205945079743081
0 0.5278381423180566 0.5524457735544449 0.14650314458064811 0.07046058320625015
0 0.5412458229024546 0.5065702291015283 0.14439384043361086 0.06417421561506949
0 0.5533644055603713 0.45753331705743105 0.15132734561740727 0.07213218597979179
0 0.5852773698394451 0.3612038309251394 0.15982335080120363 0.08012652393569457
0 0.6372772416586577 0.17844653552229223 0.15031164976444433 0.07834581838861121
0 0.647696623279815 0.13093575588701445 0.15458904665416656 0.07376742116215289
0 0.6572664043825928 0.08418804245614639 0.16906164976444432 0.07878222948277791
0 0.2143663623930574 0.9678837099154863 0.13806592799249992 0.04531511284152785
0 0.2166608857201407 0.9327092761198962 0.16906164976444432 0.07878222948277766
0 0.25081029326027937 0.8466087751699657 0.1758584539114813 0.08517769984750032
0 0.265272625918196 0.7976264145126392 0.162674948727685 0.07707425911805572
0 0.34583628661588073 0.5568208829775003 0.15132734561740727 0.07213218597979179
0 0.3744875498581953 0.4619811616628476 0.16906164976444432 0.07878222948277784
0 0.3849752819977323 0.4136891320275698 0.16621005183796278 0.08183449430041687
0 0.4174644447216672 0.31972157969086845 0.16906164976444432 0.07878222948277794
0 0.4605780406218985 0.1758994977188893 0.16382734561740725 0.0724231267092362
0 0.06748020466502394 0.8552895248856253 0.13496040933004788 0.07870949430041704
0 0.0758490707347924 0.8063980832062502 0.1516981414695848 0.07707425911805572
0 0.16246671201648247 0.5141937058314238 0.17361244872768505 0.07732883225631966
0 0.17281774311926013 0.46746417619614605 0.1672257476909258 0.07562086189159736
0 0.19403792370365822 0.4217704696991321 0.16621005183796284 0.08183449430041674
0 0.20636155791671368 0.37038980765503493 0.1821084539114813 0.08532317021222235
0 0.23841122323254682 0.27249782152274327 0.1641007476909258 0.0755481267092362
0 0.25158445796398193 0.22035409327423633 0.1693350518379628 0.08190722948277793
0 0.28135872379819465 0.12162630575517386 0.16906164976444432 0.07878222948277788
0 0.2977547033458335 0.0773859964846183 0.1641007476909258 0.07554812670923625
0 0.00003293694597283839 0.67721711664125 0.00006587389194567678 0.0700592332825
0 0.03364510226180598 0.47936149810013895 0.06729020452361197 0.06809799620027786
0 0.04579786017891237 0.3796888064207639 0.09159572035782473 0.06660823138263901
0 0.05476240280381972 0.32685474715020846 0.10952480560763944 0.0666445989738195
0 0.06771801442009313 0.28183318787965284 0.1227922425071295 0.06679006933854179
0 0.09627153284620404 0.17916278276940983 0.11994064458064804 0.06984233415618064
0 0.10930806654087988 0.12858155452090286 0.11314384043361096 0.06344686379145843
0 0.12845789919879644 0.07970829663711818 0.1227922425071295 0.06679006933854177
0 0.13809603081995375 0.03217933320625012 0.11130793836009248 0.060285496200277865