0 0.9471669332522421 0.6891898926642369 0.10566613349551587 0.061920731382639004
0 0.946267508584207 0.6454217088686466 0.10746498283158594 0.05570709897381967
0 0.9182748396717084 0.47678015843180627 0.13004202400410492 0.06395601006798621
0 0.8967220265381879 0.3973829459508688 0.1331579336450254 0.062466245250347364
0 0.8175673543060398 0.7556480812094798 0.13003293364502538 0.06239351006798621
0 0.8056122549699698 0.7147503242756257 0.12844316256778648 0.05766964247680555
0 0.7983310200952802 0.6716179201153132 0.12376475292686635 0.059123039703263915
0 0.6591463211285525 0.7816442707046534 0.13003293364502538 0.06239351006798621
0 0.6448383814334029 0.7391294623840283 0.12844316256778665 0.05766964247680555
0 0.628708866504484 0.6520470364722227 0.13003293364502538 0.06239351006798621
0 0.6172759419346449 0.5666362133339589 0.13002384328594588 0.06083101006798621
0 0.6092180022394952 0.524266875378056 0.12688066256778666 0.057633274885625065
0 0.6019413125443455 0.4819157212177435 0.12688066256778666 0.05763327488562524
0 0.5899771228491959 0.4394554642838894 0.13003293364502538 0.06239351006798621
0 0.5663300237095175 0.2686156342117713 0.12376475292686617 0.059123039703263915
0 0.5590578791939077 0.22704573005145878 0.12689884328594586 0.06075827488562509
0 0.5541022136010589 0.18084287727791715 0.13003293364502538 0.06239351006798621
0 0.5457806534926004 0.09316103932201433 0.12376475292686635 0.059123039703264005
0 0.5439454427202118 0.04624967173083379 0.1331579336450254 0.062466245250347344
0 0.4871895078968359 0.763581335674792 0.13001475292686618 0.05926851006798621
0 0.45181002321853814 0.5901249986688197 0.14096134328594587 0.06108558320625015
0 0.43985037870292826 0.5484459917349657 0.15034543364502545 0.06286628875333342
0 0.4403816438282388 0.5054954255305559 0.14565793364502558 0.06275718597979178
0 0.43623904449216877 0.4647795065526045 0.13002384328594588 0.06083101006798621
0 0.4320737192583996 0.4201573375746531 0.13315793364502543 0.062466245250347364
0 0.33683095959403814 0.8327281131258684 0.13003293364502558 0.06239351006798621
0 0.32876847471934867 0.7895775251699655 0.13313975292686625 0.05934124525034754
0 0.324616785024199 0.7472991061920141 0.12689884328594586 0.06075827488562506
0 0.1599412066671719 0.7723685753224654 0.1378272529268662 0.059450348023889175
0 0.151865086253863 0.7268742373665626 0.13002384328594588 0.06083101006798621
0 0.14069578209733274 0.6867759142282986 0.13315793364502548 0.062466245250347184