0 0.109375 0.1390625 0.0296875 0.1078125
0 0.2328125 0.1390625 0.0296875 0.1109375
0 0.315625 0.1390625 0.03125 0.1109375
0 0.3984375 0.1390625 0.03125 0.1109375
0 0.440625 0.1390625 0.025 0.1078125
0 0.06875 0.29140625 0.0328125 0.115625
0 0.5234375 0.29140625 0.03125 0.1109375
0 0.5640625 0.284375 0.0328125 0.115625
0 0.603125 0.28828125 0.0265625 0.1109375
0 0.6875 0.284375 0.0328125 0.115625
0 0.88125 0.4375 0.03125 0.1109375
0 0.80625 0.4375 0.03125 0.1109375
0 0.6046875 0.44453125 0.028125 0.1109375
0 0.5640625 0.44453125 0.03125 0.11875
0 0.525 0.44453125 0.03125 0.1078125
0 0.4421875 0.440625 0.0296875 0.1078125
0 0.3609375 0.44453125 0.0328125 0.1078125
0 0.06875 0.4515625 0.0359375 0.1109375
0 0.028125 0.60078125 0.034375 0.1109375
0 0.0640625 0.596875 0.0328125 0.1109375
0 0.1078125 0.60390625 0.0296875 0.1109375
0 0.359375 0.60078125 0.034375 0.1109375
0 0.4421875 0.596875 0.034375 0.1078125
0 0.60625 0.596875 0.03125 0.1109375
0 0.646875 0.596875 0.03125 0.121875
0 0.809375 0.590625 0.034375 0.1140625
0 0.73125 0.746875 0.0375 0.115625
0 0.5265625 0.75 0.0328125 0.1109375
0 0.403125 0.75703125 0.03125 0.1140625
0 0.2359375 0.75703125 0.03125 0.1109375
0 0.19375 0.75703125 0.0328125 0.1109375
0 0.1515625 0.76015625 0.0328125 0.1078125
0 0.109375 0.9234375 0.0265625 0.1109375
0 0.3609375 0.909375 0.03125 0.115625
0 0.6078125 0.903125 0.03125 0.1078125
0 0.6484375 0.903125 0.0296875 0.1078125
0 0.846875 0.8921875 0.03125 0.121875
0 0.95 0.88203125 0.0296875 0.11875