0 0.0265625 0.10078125 0.0328125 0.115625
0 0.065625 0.10390625 0.03125 0.115625
0 0.23125 0.090625 0.0375 0.11875
0 0.31875 0.08671875 0.0359375 0.11875
0 0.3625 0.090625 0.034375 0.115625
0 0.4921875 0.090625 0.034375 0.115625
0 0.6640625 0.08671875 0.0359375 0.115625
0 0.015625 0.4203125 0.03125 0.11875
0 0.096875 0.41328125 0.0390625 0.128125
0 0.1859375 0.409375 0.0375 0.125
0 0.2296875 0.409375 0.034375 0.128125
0 0.275 0.409375 0.034375 0.11875
0 0.40625 0.403125 0.03125 0.115625
0 0.49375 0.409375 0.0359375 0.11875
0 0.58125 0.403125 0.03125 0.1171875
0 0.625 0.40625 0.0375 0.1109375
0 0.6671875 0.39921875 0.0328125 0.115625
0 0.0515625 0.5765625 0.034375 0.128125
0 0.0953125 0.5765625 0.034375 0.128125
0 0.1390625 0.5796875 0.0359375 0.125
0 0.228125 0.5765625 0.0359375 0.1328125
0 0.3171875 0.5765625 0.0375 0.125
0 0.4921875 0.57265625 0.0359375 0.11875
0 0.625 0.56953125 0.0359375 0.125
0 0.66875 0.565625 0.0328125 0.125
0 0.05 0.75 0.0390625 0.125
0 0.315625 0.73984375 0.0375 0.128125
0 0.5390625 0.7359375 0.040625 0.1328125
0 0.628125 0.7359375 0.0375 0.128125
0 0.75 0.08359375 0.034375 0.125
0 0.7953125 0.0796875 0.0390625 0.11875
0 0.7140625 0.40625 0.0359375 0.11875
0 0.75625 0.403125 0.034375 0.121875
0 0.8015625 0.403125 0.0359375 0.125