0 0.6809869727037039 0.9975913166795978 0.05681548439090349 0.004817366640804366
0 0.5946774504711854 0.9823012854658308 0.059196439925866075 0.035397429068338225
0 0.5487201097270125 0.9764818491013127 0.06103175843752044 0.04703630179737459
0 0.509094614536336 0.9685737542520638 0.0630307680561673 0.06285249149587244
0 0.46308271008983226 0.964380590766363 0.06163195916315978 0.071238818467274
0 0.42094977379216303 0.9610962230382969 0.061741086567821624 0.0778075539234063
0 0.3789805286014865 0.9562493553102307 0.06174108656782158 0.0875012893795386
0 0.25250979783878014 0.9357133278894854 0.06804565027015244 0.11929187606301568
0 0.2074701163504345 0.9242020009180839 0.06330358656782158 0.11734673879011233
0 0.7582984955691947 0.9229405847266232 0.06724704210278461 0.14103933030538157
0 0.7129859955691946 0.9192417577552217 0.06541172359113005 0.13309928454774678
0 0.5859795514669772 0.8767517556291896 0.062450414698122715 0.13753169303247786
0 0.49732627923445866 0.8577628974440211 0.06746529691210804 0.14728933030538158
0 0.45423104366242895 0.8354416162302541 0.06541172359113005 0.13309928454774678
0 0.4113714210670906 0.8288091078953045 0.06724704210278457 0.14103933030538124
0 0.3670584258764141 0.8189240538027203 0.065466287293461 0.13466178454774685
0 0.06293641026731747 0.7329875853063512 0.06557541469812275 0.1377867845477468
0 0.02680923158493756 0.7249838956078534 0.05361846316987512 0.13284419303247788
0 0.009126941022174555 0.710251844849249 0.01825388204434911 0.13925368969849786
0 0.892060915076641 0.7944006097314722 0.07355160580511537 0.14311201333591955
0 0.7583952432069421 0.7631191745749023 0.06412204210278442 0.14078423879011231
0 0.7149180617185963 0.7517353933611353 0.07382442431676957 0.15092451333591955
0 0.6241120124442358 0.7270864665395149 0.07031747840045348 0.13973192182065047
0 0.5806621128070554 0.7149214353257479 0.06870041469812271 0.13804187606301604
0 0.4892385046396874 0.6855212356253103 0.07059029691210786 0.14754442182065047
0 0.2670832516444625 0.6305634422835718 0.06724704210278443 0.1410393303053814
0 0.22279753830495136 0.6198971381909876 0.06724704210278443 0.1410393303053814
0 0.17870279792359822 0.6037620840984033 0.06557541469812271 0.1377867845477468
0 0.13382680754224505 0.5875632571270017 0.07209823320977704 0.14610946757828494
0 0.08873256235156848 0.5776144301556002 0.06913692431676961 0.15054187606301603
0 0.963950817160892 0.6427900544309401 0.03794148801910069 0.14955346091032523
0 0.9390872264167189 0.6368430723087875 0.06724704210278461 0.1410393303053814
0 0.889868476416719 0.6328253809432995 0.0720982332097769 0.14610946757828494
0 0.8034870323145015 0.5936515685157656 0.06746529691210776 0.1472893303053814
0 0.7581745323145016 0.5899527415443642 0.0722073606144388 0.14923446757828493
0 0.6698759241471336 0.5608076333591956 0.06612105172143146 0.15341178454774695
0 0.6184771152541261 0.5519111233572559 0.07565974282842376 0.15886455909355418
0 0.5300966615332618 0.5251097651720874 0.06924605172143128 0.15366687606301604
0 0.4377008304077358 0.5011145425928325 0.06935517912609299 0.15679187606301603
0 0.39285212187754814 0.4841344656214311 0.07237105172143128 0.15392196757828494
0 0.34764874928220985 0.47731063865002943 0.0710268065307547 0.16004442182065048
0 0.3001834722403678 0.4679517430421761 0.07382442431676957 0.15092451333591955
0 0.16062246443581948 0.42600387485506797 0.06724704210278447 0.1410393303053814
0 0.969761851459128 0.47638380443094 0.03766866950744614 0.14174096091032523
0 0.9395932018219477 0.46530291215706654 0.0720982332097769 0.14610946757828494
0 0.8962251477382637 0.45079413094329956 0.07059029691210768 0.14754442182065047
0 0.800786162166234 0.42420006684877565 0.07711311542376223 0.15586710485118865
0 0.7535664217848809 0.40780992124092225 0.07248017912609299 0.15704696757828498
0 0.7061011447430389 0.398451025633069 0.07555061542376222 0.1557395590935541
0 0.6600892402965352 0.39234467578285015 0.074042679126093 0.15717451333591956
0 0.6144865636175127 0.3745195759326314 0.07226192431676956 0.15079696757828503
0 0.5694741639803326 0.3622269989612299 0.07248017912609299 0.15704696757828493
0 0.5221452961943177 0.3489618533533766 0.074042679126093 0.15717451333591956
0 0.47567952396179913 0.33341673062434046 0.07733137023308564 0.16211710485118863
0 0.19653022650153706 0.2503022442501241 0.07544148801910047 0.1526145590935541