0 0.9548941494008751 0.40156160098639015 0.09021170119824973 0.055387457649130625
0 0.956217404401845 0.4523383058068503 0.08756519119631001 0.05383404800821019
0 0.9530444135702897 0.549953649190992 0.09391117285942059 0.060165861239926774
0 0.9516890142540035 0.6483275166774346 0.096621971491993 0.05547836123992678
0 0.9485878484973387 0.6959292245229569 0.10282430300532255 0.053924951599006475
0 0.9499748763771259 0.7467013841638772 0.10005024724574837 0.04923745159900648
0 0.9529961648628266 0.7935672938047977 0.09400767027434682 0.052316999803608155
0 0.9518481241061618 0.8427542275480191 0.09630375178767636 0.05388859016268803
0 0.8308189206127026 0.18131221261910027 0.15640923879011231 0.06025676483072293
0 0.8228627704629213 0.22733778492600312 0.14795901000193973 0.05239881303532483
0 0.8225755991013127 0.28121676384876426 0.14065669303247788 0.05860336123992678
0 0.8190197775899231 0.38114858615566716 0.14703423879011232 0.06020222267624522
0 0.8160699918342281 0.4311076795398089 0.14795901000193973 0.05239881303532492
0 0.805530588809509 0.5794133693331543 0.15615414727484342 0.05713176483072289
0 0.8110303871522173 0.828545760921898 0.14652405575957417 0.05395222267624504
0 0.8087182012467412 0.9245804235878804 0.15159419303247787 0.05866699375348432
0 0.8019259383698637 0.9737726124578703 0.1450891015172086 0.05245477508425935
0 0.6477992554600118 0.1490122761454044 0.1676018303053814 0.06344539734428026
0 0.645104561219586 0.20209636952954613 0.1450891015172088 0.05550563231716561
0 0.6399385712215256 0.25360432737506844 0.16109673879011233 0.06028403590796181
0 0.6376580783485274 0.40742421896381203 0.15615414727484325 0.05713176483072293
0 0.631296121231224 0.5112441105525557 0.15615414727484342 0.05713176483072289
0 0.6328425168390772 0.5588867250139362 0.16084164727484343 0.05715903590796181
0 0.6297014124469307 0.606502068398078 0.14821410151720862 0.05552381303532492
0 0.6197675294260908 0.8578873063960255 0.1582268303053814 0.0633908551898024
0 0.6147928580644824 0.9117390142415477 0.16422173879011231 0.06030221662612121
0 0.6123692307935183 0.9585776528052292 0.16591178454774677 0.06187380698520073
0 0.4555959089437729 0.11900154751723087 0.17397937606301586 0.06504425878059869
0 0.4561537604609816 0.17366632161953183 0.17241687606301598 0.06503516842151909
0 0.4543040890993731 0.22753621018321332 0.16109673879011233 0.06028403590796179
0 0.45207178046486096 0.27671859874689486 0.1741069218206505 0.0666067587805987
0 0.2589275583446481 0.30214480386194265 0.15797173879011234 0.060265855189802583
0 0.2581780013771259 0.359925487605164 0.15809928454774685 0.061828355189802585
0 0.2538570342578828 0.41221924063022614 0.15809928454774685 0.06182835518980245
0 0.25812981713863975 0.4645629906302261 0.16578423879011234 0.06031130698520073
0 0.26084010001939667 0.5168976502711465 0.16396664727484325 0.05717721662612103
0 0.2633590642637018 0.5668885599120669 0.1644768303053814 0.06342721662612086
0 0.25584932426564144 0.6183828822189698 0.16916433030538142 0.06345448770335978
0 0.24908823866942614 0.8799380057555366 0.16265923879011232 0.06029312626704133
0 0.2448948173078176 0.9337942587805987 0.1644768303053814 0.0634272166261212
0 0.0898906448589473 0.27851588544042355 0.10121155575957422 0.05368860226293624
0 0.09272847349733876 0.33241304508134395 0.11084164727484327 0.05686814441741408
0 0.0868450063780957 0.3846977077473265 0.1014666472748433 0.05681360226293632
0 0.08955528925885262 0.4370323673882468 0.10927914727484327 0.05685905405833438
0 0.08936358380853918 0.5494778252337691 0.09352660151720875 0.055205650467538094
0 0.08928370653757524 0.5963300993360701 0.08571410151720874 0.05516019867214013
0 0.09639431805672363 0.7025710089769904 0.08309928454774688 0.0613920179539809
0 0.09978999821232384 0.8111329427202119 0.07177914727484329 0.05664088544042363
0 0.09859403109308076 0.8634448764634332 0.06071410151720873 0.05501475292686635