0 0.7840714921874999 0.5058140203125 0.7888623046875 0.5729719140625 0.871575 0.595523121875 0.8631977265625 0.5247006921875 0.7840714921874999 0.5058140203125
0 0.673776278125 0.4833522265625 0.675572534375 0.5471404765625001 0.7665947281250001 0.5615331890624999 0.7540265890625 0.4953509703125 0.673776278125 0.4833522265625
0 0.5766046953124999 0.4557172609375 0.573730546875 0.5268953749999999 0.6616606375 0.546076740625 0.6575285937500001 0.47507410156249996 0.5766046953124999 0.4557172609375
0 0.5455594890625 0.5218767718749999 0.55360540625 0.4550693328125 0.47642828281250005 0.4309552390625 0.460979271875 0.49625145625 0.5455594890625 0.5218767718749999
0 0.3557 0.40015810468749996 0.341683834375 0.46755298125 0.42909829843749997 0.49004495156249994 0.43839241875 0.422454303125 0.3557 0.40015810468749996
0 0.24279699531249999 0.3718437171875 0.2206498296875 0.434952753125 0.3066314859375 0.455346090625 0.3233290734375 0.38905168125 0.24279699531249999 0.3718437171875
0 0.13672096250000002 0.3448888421875 0.105638028125 0.40134736093749995 0.1930524953125 0.42383932968750004 0.21770639531249997 0.3656602875 0.13672096250000002 0.3448888421875
0 0.8070554984375 0.6011973687500001 0.8240658625 0.6840507390624999 0.9200624515625 0.7079317875 0.8948382109375 0.622886728125 0.8070554984375 0.6011973687500001
0 0.7011693 0.6555925921875 0.7986318125 0.6738277984375001 0.778849025 0.5860117781249999 0.6873634015625 0.57099515625 0.7011693 0.6555925921875
0 0.5747016234375 0.544897675 0.5742419875 0.62316991875 0.66969159375 0.64303089375 0.6620137046875 0.5639861500000001 0.5747016234375 0.544897675
0 0.4587064703125 0.5213719265625001 0.44348222656249997 0.5927573015625 0.53706435 0.6095442156249999 0.5459838312499999 0.5367891593749999 0.4587064703125 0.5213719265625001
0 0.34206846562500004 0.486909353125 0.31995275 0.5573490390625 0.412472203125 0.5734265656249999 0.429129003125 0.50076373125 0.34206846562500004 0.486909353125
0 0.310222125 0.4728512703125 0.22006552343750002 0.45082302500000004 0.19468084375 0.5234205984375 0.2862814 0.5491639328125 0.310222125 0.4728512703125
0 0.0939538984375 0.4245393703125 0.0556885859375 0.4894519609375 0.1556300078125 0.5143674140625001 0.18460859062499999 0.4463317328125 0.0939538984375 0.4245393703125
0 0.9382587625 0.7547990015625 0.8393591078125 0.7262788734375001 0.847523321875 0.8230280359375 0.954374990625 0.85570061875 0.9382587625 0.7547990015625
0 0.6959719390625 0.6876451921875 0.7069191828125 0.78460718125 0.8111623984375 0.8114258984375 0.792370909375 0.713403759375 0.6959719390625 0.6876451921875
0 0.5663924296875 0.6562504640625 0.5601974390625 0.7502681921875001 0.6684217453125 0.77864786875 0.6655244921875 0.6801408046875 0.5663924296875 0.6562504640625
0 0.426367328125 0.625095371875 0.41280923437499994 0.7166652765625 0.5194684828125 0.7415326453125 0.5254133921874999 0.6472757234375 0.426367328125 0.625095371875
0 0.301774275 0.5941040578125001 0.27204013125 0.6855680109375 0.375761721875 0.7112160296875001 0.401007228125 0.615298721875 0.301774275 0.5941040578125001
0 0.165333528125 0.5660799562500001 0.12102790000000001 0.6516548984375 0.2291173953125 0.6763803234375 0.2630463625 0.5855816828125 0.165333528125 0.5660799562500001
0 0.1374078640625 0.5558657109375 0.0329481984375 0.532135196875 0.0226520765625 0.55592179375 0.025688970312499997 0.630452484375 0.10649129375 0.64757963125 0.1374078640625 0.5558657109375
0 0.7307409578125 0.8337429578125001 0.742110528125 0.955113996875 0.8622006484375 0.9886731953125001 0.847234996875 0.86410646875 0.7307409578125 0.8337429578125001
0 0.70789800625 0.8267188734375001 0.5966586359375 0.799616503125 0.59185210625 0.9208815578125 0.7184166046875 0.953553609375 0.70789800625 0.8267188734375001
0 0.4520435328125 0.7653129437499999 0.43602772500000003 0.8862235109375 0.5609498546875 0.9158799578125001 0.5593297546875 0.7911932171875 0.4520435328125 0.7653129437499999
0 0.309110409375 0.724729665625 0.278213884375 0.841738059375 0.40379249375 0.8762195328125 0.41979869843750006 0.7546039671875 0.309110409375 0.724729665625
0 0.17516793749999998 0.692836140625 0.11750487031250001 0.8054104656250001 0.2388704109375 0.8398210953125 0.28683943125 0.7210301296875 0.17516793749999998 0.692836140625