0 0.20955553153513887 0.07535888797200824 0.0933889369297223 0.12561715186945538
0 0.35225152460128467 0.09791116204192493 0.08924695079743064 0.1486994543589663
0 0.421546385258611 0.11333617511417948 0.09128222948277798 0.16913035352912936
0 0.8550972355636108 0.48428394068523384 0.10007665444465275 0.21190984937994445
0 0.5747200577519441 0.4254720900558894 0.11021537385944455 0.24543274440092264
0 0.44123606373586777 0.3770085114218694 0.10498235999173637 0.2216400468904336
0 0.37135997483003447 0.3529305487645333 0.1066903303564585 0.22800844606059661
0 0.09216409052135395 0.2769903977202705 0.10498235999173629 0.2216400468904335
0 0.04081979606843728 0.2637082251048907 0.06261302203583351 0.21063076929603186
0 0.04386394880385398 0.5373233238601353 0.08772789760770797 0.22140324855010754
0 0.24535594681027728 0.5883450626619805 0.09557099240055573 0.2193671518694554
0 0.37978484498666615 0.6298365908810821 0.09222778685347244 0.20975535352912936
0 0.92585845155993 0.7729571996083034 0.0954255220358334 0.2131171518694554
0 0.869785717043159 0.9609924251141795 0.09237195079743046 0.07801514977164103
0 0.8082669887946521 0.9498530929556745 0.10370949430041669 0.10029381408865098
0 0.6001642012755896 0.9210041973099965 0.09687891926229178 0.15799160538000692
0 0.2593404859448604 0.8617592518740997 0.09190047853284736 0.19569285352912935
0 0.18997289010517288 0.8494592388018452 0.10483688962701407 0.2153900468904336
0 0.014564460962326099 0.7946855379673639 0.029128921924652197 0.1987460759347277