0 0.8477687748718873 0.9129654801168069 0.10646348755244546 0.031983065761513885
0 0.8550018570303923 0.8789890928439033 0.10127908008391273 0.045535382730975724
0 0.8590982837949571 0.835175319965086 0.10608497925407576 0.04748052000387944
0 0.8961409555851443 0.5922385208734715 0.09358497925407576 0.04646015394280312
0 0.7117506097296846 0.8021709855768187 0.12014747925407576 0.048628431822590204
0 0.738776896247156 0.6811729593640214 0.10717388257342346 0.041358065761513886
0 0.7403519742564761 0.639894255121656 0.11714087842423862 0.04993584030732112
0 0.8053215043496775 0.22308952133251356 0.1201474792540754 0.048628431822590176
0 0.8441984406620119 0.017699036879053925 0.12073947510489055 0.03539807375810785
0 0.5404890711376209 0.9310607443708104 0.11690408008391255 0.046810840307320946
0 0.549758249976778 0.8907068113402723 0.11678568091374952 0.045248340307320944
0 0.5598804564103368 0.808356696946186 0.11077247925407559 0.04786315727678305
0 0.574749362428977 0.724842695279196 0.11077247925407559 0.04786315727678296
0 0.5831188920979711 0.686115035127475 0.11065408008391273 0.046300657276782786
0 0.5887186192774544 0.6429549664910232 0.11077247925407559 0.04786315727678296
0 0.5956566261259316 0.5616411936122059 0.11702247925407558 0.04837334030732095
0 0.6379195941818524 0.3112905072476879 0.11702247925407558 0.04837334030732112
0 0.6694692825687791 0.09985879967134259 0.11065408008391256 0.04630065727678292
0 0.6750690097482622 0.056698731034890794 0.11690408008391255 0.04681084030732108
0 0.6837937369277454 0.019189518397232496 0.12026587842423861 0.03837903679446499
0 0.3926435669884361 0.935365091346091 0.11702247925407558 0.04837334030732095
0 0.3981248949977562 0.8937675227096396 0.11077247925407559 0.04786315727678314
0 0.4034286242518318 0.8545137040731877 0.11077247925407559 0.04786315727678314
0 0.409028351431315 0.8113536354367359 0.11077247925407559 0.04786315727678279
0 0.4346948927226711 0.6058370880121113 0.12315408008391256 0.047321023337859106
0 0.4524520004009854 0.5251929948298523 0.11065408008391256 0.04630065727678297
0 0.25637694811196704 0.8176031196849202 0.11678568091374952 0.045248340307321035
0 0.28606813857348623 0.6102052078662095 0.11702247925407558 0.04837334030732112
0 0.2813680605641661 0.651739003623844 0.11714087842423862 0.04993584030732112
0 0.3108816522704407 0.4466848418051331 0.11714087842423862 0.04993584030732094
0 0.31636298027976084 0.4050872731686813 0.11702247925407558 0.04837334030732112
0 0.321844308289081 0.36348970453222956 0.12014747925407558 0.048628431822590204
0 0.33677241389280277 0.2791944528652396 0.11089087842423861 0.04942565727678296
0 0.3432843682517691 0.1932569528652396 0.12002908008391255 0.04706593182259011
0 0.35448382261073536 0.10693681559233599 0.12038427759440165 0.05175343182259016
0 0.3639306002051371 0.06423913256179785 0.12014747925407558 0.048628431822590155
0 0.3746564578834513 0.001834082721277394 0.1163120842330974 0.003668165442554788
0 0.09468058628446795 0.9022326954483738 0.11065408008391257 0.046300657276782786
0 0.11174079956650396 0.7385688081754702 0.1106540800839126 0.04630065727678297
0 0.14432019168769708 0.5340408048414903 0.11065408008391256 0.04630065727678297
0 0.14991991886718023 0.49088073620503847 0.11702247925407563 0.04837334030732112
0 0.1791384352634271 0.238489188780414 0.12014747925407558 0.048628431822590204
0 0.01999931098837335 0.6207112416650503 0.0399986219767467 0.04295251666989941
0 0.023941449785574172 0.5783324230285984 0.047882899571148343 0.043335153942803115
0 0.030600941799554377 0.4547036043921467 0.061201883599108754 0.0451527454580722
0 0.03846190860607533 0.3291934213616085 0.07692381721215066 0.04515274545807211
0 0.06753011950116893 0.030979190906445915 0.09815408008391258 0.04528029121570666
0 0.06372969066201183 0.07088671378526318 0.09959818091374954 0.043845336973341184