0 0.9142709635939653 0.9939056140884268 0.1425347295815797 0.012188771823146283
0 0.9174306799287013 0.9721671219809347 0.1425347295815797 0.05566575603813071
0 0.9233408848306919 0.8771005123071337 0.1520188569862416 0.06654900512049763
0 0.934396125084818 0.7298915833397036 0.13120774983036404 0.061224468288794576
0 0.9372557410567343 0.6240511070172269 0.12548851788653154 0.057826452503779005
0 0.9379997855217714 0.5782303728022423 0.12400042895645705 0.059570963027122656
0 0.9414459447351897 0.27027365963394534 0.11710811052962064 0.07593941567207603
0 0.9454786803072194 0.22757792541896088 0.1090426393855612 0.06445588410204497
0 0.9547073473675948 0.1750444596198279 0.0905853052648105 0.06327281570031093
0 0.7436930795658815 0.9570778966915272 0.13940972958157988 0.06269596302712266
0 0.7473066636866325 0.9042714151073789 0.1443154843909035 0.06921897881213823
0 0.7583929527093739 0.7528832203549332 0.14727679328391083 0.06471348933548207
0 0.7723661395551973 0.5502055413875031 0.14727679328391083 0.06471348933548207
0 0.7983085583448533 0.24375041503679157 0.15530754809323427 0.0714185156438412
0 0.806664206167935 0.19277944923765858 0.15832342068857264 0.06847552616718486
0 0.8049181676933476 0.14277944923765856 0.14258929328391085 0.0644404735504664
0 0.8141641929210911 0.09497898606936153 0.1579960384745874 0.059100526167184905
0 0.5557292880960693 0.9328760152909054 0.16312004809323427 0.07187354195220053
0 0.5554639040679856 0.8806232705525773 0.1660813569862416 0.067368052475544
0 0.5678076474445636 0.8322235679076238 0.16786211179556504 0.0737090577372161
0 0.5787302453603126 0.6761478731551783 0.14258929328391085 0.06444047355046649
0 0.5825075205880561 0.6280288915710297 0.1520188569862416 0.06654900512049747
0 0.5773909454529799 0.5708156310476861 0.1535813569862416 0.06664001038216938
0 0.5990203756753811 0.3194652336502871 0.17065972958157988 0.06451606826055967
0 0.6075372254052287 0.2061307757436619 0.14727679328391083 0.06471348933548197
0 0.6158928732283104 0.1551598099445289 0.1582688569862416 0.0669130261671849
0 0.6148735210513923 0.10364281257536483 0.16786211179556504 0.073709057737216
0 0.6242559555349627 0.05974859940706778 0.1639732199629332 0.05165204721387231
0 0.3536335639567849 0.988026039356658 0.14791171034428627 0.023947921286683993
0 0.36024566250550605 0.9612531023202525 0.1551438569862417 0.06673101564384112
0 0.3669371174074967 0.8626258865211194 0.15374504809323425 0.07132751038216938
0 0.3747272808396751 0.7508084259836583 0.15519842068857254 0.06829351564384112
0 0.37844999236508775 0.7011269443995097 0.1661904843909034 0.07049305247554419
0 0.3781300446346732 0.6473116996611816 0.16312004809323427 0.07187354195220053
0 0.3856498787554241 0.5947327312312126 0.1551438569862417 0.06673101564384112
0 0.3947867765785058 0.5438072680629157 0.16791667549789596 0.0752715577372161
0 0.4027133492665113 0.4358960575254545 0.16144842068857254 0.06865753669052861
0 0.40638149708959315 0.38465207594130596 0.15207342068857255 0.06811150512049746
0 0.4160937698702659 0.1715906338196963 0.1660813569862416 0.06736805247554414
0 0.4290823539910168 0.11933018380557887 0.16786211179556504 0.073709057737216
0 0.4232390925582714 0.06363392065139925 0.15687004809323427 0.07150952090551306
0 0.43146825480932344 0.03136745222143034 0.16606150961864685 0.022146557737216
0 0.16393365769618265 0.9435819419804353 0.14894842068857256 0.0679294945971538
0 0.16765636922159527 0.8939004603962868 0.1568700480932342 0.07150952090551321
0 0.17116082593768445 0.8379689788121383 0.16144842068857254 0.06865753669052879
0 0.1755283782072699 0.7844267498588258 0.15369048439090335 0.06976501038216938
0 0.03933296177986665 0.9254095236775234 0.015808538474587387 0.05081904735504672
0 0.03990339145411383 0.8747647815700311 0.02055060217691824 0.0526545631400623
0 0.03815735297952645 0.8247647815700312 0.02055060217691824 0.052654563140062206
0 0.18143609390903376 0.6187030393213645 0.15687004809323427 0.07150952090551321
0 0.19051842802978466 0.5662150761530675 0.16317461179556508 0.07343604195220052
0 0.1948314165970393 0.5111103471997549 0.14264385698624168 0.0660029735504665
0 0.19774559627128646 0.46060211298477044 0.17254961179556508 0.07398207352223149
0 0.20572673266162286 0.3542534024473093 0.16619048439090334 0.07049305247554419
0 0.20376243937771205 0.2980034024473093 0.16797123920022683 0.07683405773721601
0 0.03929572312779402 0.6564243052475545 0.03450397477225653 0.05034861049510884
0 0.045280339099710354 0.6045355815559137 0.050074411069925676 0.0496961631118273
0 0.03935523211346868 0.5464955684017341 0.04237103847458738 0.052366136803468064
0 0.06464039727492758 0.15423944994353028 0.056542665879249096 0.0563101841585147
0 0.06666419954451305 0.10056071309770989 0.0534176658792491 0.056128173635171044
0 0.07167659255827138 0.0431577367752332 0.0549801658792491 0.05621917889684287
0 0.2159201550794759 0.13264371295653554 0.17723711179556512 0.07425508930724711
0 0.21560020734906135 0.0788284682182074 0.18510417549789598 0.07627261561560635
0 0.21479910998146656 0.033561470849043325 0.19522321996293313 0.05347215244730928