0 0.95860833745243 0.12297372540484348 0.08278332509514001 0.061164284130279835
0 0.9543174268820263 0.181248956988992 0.09136514623594749 0.06336382096198276
0 0.9574861892393158 0.2969194596198279 0.08502762152136825 0.060147815700310935
0 0.9553480276803288 0.3467374490964842 0.08930394463934235 0.06363683674699834
0 0.950192295474826 0.515768170157289 0.09961540905034809 0.06620039462538863
0 0.9467463019006168 0.5748701543722735 0.10650739619876645 0.06362142619541977
0 0.9442811823378241 0.6261596385872579 0.1114376353243518 0.06389444198043534
0 0.9544274800183719 0.6796941622647813 0.09114503996325637 0.0548078683170294
0 0.9441816939536765 0.7375143675405706 0.11163661209264716 0.0668374314570915
0 0.9440463841815754 0.9602238254471958 0.11190723163684915 0.0664734104104042
0 0.9393807653602202 0.9924491653897274 0.12123846927955953 0.015101669220545233
0 0.8054488453610953 0.1038079544993304 0.16798067885919252 0.067459057737216
0 0.7933082841061194 0.20753989925177602 0.18542284684397004 0.07471011561560632
0 0.7887719758168933 0.3257438676817449 0.17461268083635878 0.07719807878390342
0 0.7878355114058875 0.49403884137338566 0.18535917984777583 0.0731476156156063
0 0.782243380492979 0.6628420492800109 0.1806716798477755 0.07287459983059072
0 0.7822354047132668 0.7774127834949953 0.19017401384016425 0.07654563140062187
0 0.761249084066751 0.8362039545699176 0.19160917984777565 0.07351163666229361
0 0.7627280124316519 0.8916272019390817 0.18542284684397004 0.0747101156156063
0 0.5949915064257907 0.06505074943530265 0.16810801285158128 0.07058405773721602
0 0.5866722594287211 0.4729696652485531 0.16817167984777565 0.0721465577372161
0 0.5850580212917194 0.5289921520943734 0.1758568458553869 0.06947658404557515
0 0.5826625331547174 0.5849691363093579 0.16979784684397004 0.07380006299888783
0 0.5679619990857789 0.8171523047534442 0.18561384783255316 0.07939761561560629
0 0.5600897851690648 0.9735189774261332 0.18099001482874755 0.052962045147733505
0 0.38073534684397004 0.08608577332458747 0.18079901384016442 0.07599959983059079
0 0.37630646790822786 0.26430948386204867 0.17754667984777567 0.07269258930724706
0 0.3717701596190016 0.3825134522920175 0.18561384783255316 0.07939761561560629
0 0.37195318482787265 0.5017716865070019 0.17761034684397004 0.07425508930724725
0 0.3609639466908707 0.5572481417827913 0.1683626808363588 0.07683405773721592
0 0.36500945954245195 0.6182766470444631 0.16979784684397004 0.07380006299888783
0 0.3620873893902276 0.6804581286286117 0.18692167984777566 0.07323862087727821
0 0.3653516522418089 0.7414411312594476 0.17780134783255316 0.07894258930724725
0 0.35532668931367795 0.9162213233810572 0.16817167984777565 0.0721465577372161
0 0.3514323681728704 0.968271128840373 0.17761034684397004 0.0634577423192539
0 0.154748508402957 0.04876226564384121 0.19636034684397002 0.07534715244730927
0 0.15345260524692703 0.1125972524896616 0.20130251482874764 0.08187016823232483
0 0.14819871395389517 0.23231821828879456 0.19667868182494203 0.08315965244730927
0 0.15139930980928204 0.2917387209196305 0.21204901384016445 0.07781970506402773
0 0.14935399015134931 0.356309455134615 0.19329901384016446 0.07672764192396553
0 0.13931709836402587 0.47341365514873235 0.19317167984777567 0.07360264192396553
0 0.14239036022702395 0.5297091577795683 0.18379667984777565 0.07305661035393456
0 0.142656957070994 0.5936351498870606 0.19323534684397004 0.07516514192396553
0 0.13684465026464251 0.7187793630553576 0.1903013478325532 0.07967063140062187
0 0.1302311888193863 0.900772815700311 0.18704901384016445 0.07636362087727804