0 0.9794028637299043 0.21151511593431857 0.04119427254019144 0.05654089149054775
0 0.9741353209258335 0.255301477370637 0.051729358148332946 0.05973861436318471
0 0.9728831900324213 0.3029713629092564 0.05423361993515741 0.06132838544042354
0 0.970068559139009 0.35065033880695545 0.05986288172198186 0.06293633723582168
0 0.9681079528527029 0.4014497695251147 0.06378409429459424 0.06453519867214012
0 0.9340786901348652 0.7009866820929014 0.13184261973026956 0.06329086123992678
0 0.9289215599630694 0.8002827001450781 0.1326712588913402 0.06481699980360815
0 0.8509932274598088 0.18416279645608605 0.14517125889134022 0.06488972267624522
0 0.8412393918516669 0.22641847414918317 0.14971320967712848 0.061791993753484056
0 0.8104346557054057 0.370386642767094 0.13572348428423417 0.06327268052176756
0 0.7885297305601806 0.4705411788714475 0.1452440334984459 0.06645222267624522
0 0.7821919933804622 0.5190286758463853 0.1498587588913402 0.06491699375348396
0 0.7625430810555187 0.6676207119507389 0.14517125889134022 0.06488972267624522
0 0.7173056255122194 0.9882831907753042 0.12729024607105863 0.016361319085449112
0 0.66267343610348 0.15087409436610036 0.15291098428423416 0.06337267447164327
0 0.6465818633156196 0.24161726903413538 0.12769266046291677 0.05853972872636941
0 0.6402077388323482 0.28932351600907336 0.13557793507002244 0.060147680521767555
0 0.6151778136871231 0.389496232831586 0.13252570967712848 0.06169199980360833
0 0.5892639387895671 0.5881382659108775 0.13252570967712848 0.06169199980360816
0 0.47829628205070396 0.11834391637841564 0.14026543507002262 0.06017495159900634
0 0.4671254956567738 0.16373368443059239 0.14687930810555194 0.06802381303532483
0 0.4700535965663966 0.20982288925105258 0.12925516046291677 0.058548819085449025
0 0.455231271297337 0.2607041332009284 0.15000430810555176 0.06804199375348405
0 0.44573214681406564 0.3084285608940255 0.15171235731976349 0.07117608411256367
0 0.4174167098820162 0.455508093973317 0.15320208271265767 0.06962267447164336
0 0.4198910465236153 0.508633093973317 0.13579625889134017 0.06483518052176755
0 0.4087566474332382 0.5548041120254936 0.14048375889134018 0.06486245159900647
0 0.27891486621110373 0.1327887323406067 0.15000430810555193 0.06804199375348405
0 0.23389358043634614 0.42453587080609234 0.14985875889134012 0.064916993753484
0 0.21495314350429676 0.571560861730906 0.13259848428423426 0.06325449980360816
0 0.1833671573580356 0.7155335755283567 0.1450984842842343 0.06332722267624522
0 0.17216644581888035 0.8609506146577722 0.13557793507002258 0.0601476805217672
0 0.12802014619489308 0.06411652127363057 0.12009848428423431 0.06318177693097134
0 0.10954843610347989 0.15409208148028503 0.10574488585581085 0.05684996369925477