0 0.614591136492882 0.14343055640962846 0.09131859707395851 0.17171775805851838
0 0.6897729744487847 0.15780470617407275 0.09277199430041669 0.16716695909527762
0 0.7674985841561807 0.18097765749365596 0.09458906743868063 0.17824116013203684
0 0.8467503262723959 0.20272480984999838 0.09629703780340293 0.18462786116879615
0 0.2695007613022572 0.323747024175555 0.10727221181534734 0.2541980673893517
0 0.6574014580156253 0.40836178077347096 0.10062216831236129 0.2364637632423147
0 0.8946839056789239 0.45329073784249835 0.1073449469977085 0.2573230673893516
0 0.08176959764263936 0.5653898456174072 0.09586193313000017 0.23292866013203692
0 0.15300881800736157 0.5778597427899534 0.09771537385944465 0.24556536116879607
0 0.22366681012357686 0.59885503944412 0.10142225531833357 0.2708387632423147
0 0.2981946846486116 0.6186295886901846 0.10745404977125021 0.2620105673893516
0 0.5448521323119102 0.6643787519797675 0.10618249050069473 0.2743738663525924
0 0.6240493230413546 0.6837821543361099 0.10861650626826407 0.2449597684261109
0 0.784751086909063 0.7212315106039336 0.10868924145062522 0.24808476842611088
0 0.9461977331855909 0.7571867173901371 0.10745404977125048 0.2620105673893516
0 0.18304703580663267 0.8635040083413422 0.09887783035645854 0.22851456220555527
0 0.3413868658787507 0.8928548909756249 0.0988778303564585 0.21429021804875042
0 0.42452667419937573 0.904714768708935 0.09720622758291686 0.19057046258213006
0 0.5036874973376395 0.9158764441095366 0.10167552203583341 0.16824711178092677
0 0.5866454677023618 0.9257490215836569 0.10138458130638899 0.14850195683268624