0 0.10330483812058536 0.8926113391227986 0.050563621339908785 0.050766287427387626
0 0.0933389447803584 0.8413934414801634 0.052162484006999674 0.05396406203449331
0 0.06661171809354115 0.6917915477664696 0.06627952800763601 0.059306533498445904
0 0.05119525608685964 0.641881438998964 0.05686816534054513 0.0557448858558109
0 0.21742987810308617 0.769090410048632 0.166606792011454 0.09208910835322079
0 0.18150891740926922 0.567525755995856 0.15554202267663592 0.08064218610347992
0 0.16140495540258773 0.5173973234070328 0.1460942973424541 0.07395553846084475
0 0.13621295671545228 0.36552445430044495 0.17114884134309047 0.07980743217453848
0 0.11088514536918018 0.26908394789030415 0.16493520401018133 0.08264133374611501
0 0.1032539113621805 0.21719396215832779 0.1711670226766359 0.08136993217453847
0 0.09254313068904442 0.16906467721213972 0.1680420226766359 0.08122438296032675
0 0.4212912221116767 0.8418323589723935 0.1366829346753633 0.07039389081820957
0 0.581554918085587 0.6572134181114027 0.14611247867599958 0.07551803846084475
0 0.7977713587682681 0.785188676588458 0.17280224801081764 0.08769270678164443
0 0.7746691187539506 0.6787010820889761 0.15554202267663583 0.08064218610347992
0 0.7631316347469508 0.626629159839235 0.15863066000954493 0.07766273531769166
0 0.7516123320734966 0.576119737589494 0.16024770401018137 0.08242300992479734
0 0.7293549767265881 0.47513728039356484 0.15554202267663583 0.08064218610347992
0 0.7063163713796797 0.3741184358940829 0.15392497867599958 0.07588191149637406
0 0.6956055907065436 0.3259891509478948 0.14609429734245422 0.07395553846084475
0 0.6832323126989076 0.2691933413946009 0.14771134134309047 0.07871581306795061
0 0.6609658666852265 0.16742963419867182 0.15392497867599958 0.07588191149637402
0 0.6379090800047725 0.06484828969918982 0.15081816000954512 0.07729886228216232
0 0.9659459100493158 0.8072927706736552 0.06810817990136826 0.07544095574818713
0 0.9585964867122707 0.7546215349416789 0.08280702657545866 0.08078342721213971
0 0.951256154041998 0.6996065492097026 0.09748769191600389 0.07831339867609248
0 0.9454783213717256 0.646226838084832 0.10904335725654875 0.07882282092583352
0 0.9095413687141797 0.3921728848178444 0.14923747867599957 0.07566358767505647
0 0.864172682686181 0.18392158312243329 0.14765679734245402 0.07402831306795062