0 0.04921875 0.06875 0.0328125 0.1140625
0 0.090625 0.071875 0.0328125 0.103125
0 0.13046875 0.07109375 0.0375 0.11875
0 0.21484375 0.07109375 0.034375 0.1125
0 0.30078125 0.06796875 0.034375 0.134375
0 0.3453125 0.07109375 0.0375 0.1234375
0 0.3859375 0.07109375 0.0375 0.134375
0 0.43125 0.07265625 0.0375 0.1203125
0 0.47265625 0.06484375 0.0375 0.128125
0 0.51484375 0.06640625 0.0375 0.1203125
0 0.63984375 0.06328125 0.0421875 0.1265625
0 0.6859375 0.06328125 0.0390625 0.125
0 0.16953125 0.21953125 0.0359375 0.1265625
0 0.2125 0.2109375 0.0359375 0.1203125
0 0.340625 0.21796875 0.034375 0.1234375
0 0.428125 0.2125 0.0375 0.134375
0 0.47265625 0.22265625 0.0375 0.1203125
0 0.51484375 0.2171875 0.0359375 0.128125
0 0.5578125 0.21484375 0.0359375 0.121875
0 0.86171875 0.21640625 0.0359375 0.125
0 0.9015625 0.21328125 0.034375 0.1203125
0 0.94140625 0.2171875 0.0390625 0.128125
0 0.071875 0.37578125 0.0421875 0.128125
0 0.20390625 0.3703125 0.0328125 0.128125
0 0.24765625 0.36953125 0.040625 0.1375
0 0.3375 0.36875 0.040625 0.125
0 0.38125 0.36875 0.0390625 0.125
0 0.47265625 0.37265625 0.0390625 0.1328125
0 0.69296875 0.36640625 0.0359375 0.1265625
0 0.7375 0.36484375 0.0359375 0.128125
0 0.78203125 0.36875 0.0359375 0.125
0 0.8265625 0.371875 0.040625 0.1296875
0 0.871875 0.36953125 0.0359375 0.1375
0 0.02109375 0.5390625 0.0390625 0.14375
0 0.0625 0.53671875 0.0359375 0.1265625
0 0.109375 0.52734375 0.040625 0.13125
0 0.19921875 0.5421875 0.0359375 0.1328125
0 0.2421875 0.53359375 0.040625 0.1328125
0 0.33125 0.53828125 0.034375 0.140625
0 0.38125 0.5328125 0.0421875 0.1421875
0 0.4703125 0.53515625 0.0375 0.140625
0 0.56171875 0.53359375 0.0375 0.14375
0 0.60703125 0.53828125 0.0390625 0.140625
0 0.6515625 0.53203125 0.0359375 0.146875
0 0.69765625 0.52890625 0.040625 0.1375
0 0.8375 0.53203125 0.0359375 0.128125
0 0.05390625 0.69921875 0.0375 0.13125
0 0.09921875 0.69921875 0.040625 0.13125
0 0.14375 0.7015625 0.0390625 0.134375
0 0.23828125 0.7015625 0.04375 0.140625
0 0.2859375 0.7046875 0.0390625 0.1421875
0 0.3328125 0.7015625 0.0421875 0.140625
0 0.37734375 0.69453125 0.040625 0.14375
0 0.4234375 0.7 0.0390625 0.1375
0 0.46875 0.69921875 0.0390625 0.1421875
0 0.515625 0.69921875 0.040625 0.1421875
0 0.5625 0.70234375 0.0421875 0.146875
0 0.8421875 0.7078125 0.0421875 0.1359375