0 0.7207068588003402 0.04035514057463023 0.17433036660488846 0.08071028114926046
0 0.7918452819359835 0.2574990821387515 0.18225199400955017 0.08915811922731445
0 0.8170858733131284 0.37440361814250156 0.18855655771188112 0.09126742337435152
0 0.48686508293962455 0.009338169368333713 0.18623016587924912 0.018676338736667426
0 0.516302100995792 0.08648041046134358 0.21895338584218216 0.11417724307277735
0 0.5719519333872622 0.31121727884018624 0.21544643992586626 0.10296634099925886
0 0.599454429210911 0.42557301328879743 0.20590774881887378 0.09745863477870334
0 0.6031449136018144 0.4863738122520382 0.2153918762235353 0.10140384099925885
0 0.6222694250345597 0.5403388508476864 0.2122668762235353 0.1011304389257404
0 0.2792460450980093 0.07509101701199127 0.1996577488188737 0.09691183063166628
0 0.28293652948891274 0.135891815975232 0.1964236214142119 0.09351342855814777
0 0.3311260367453069 0.3040758879827321 0.19814981252120453 0.09833762959490704
0 0.3394767392850448 0.36368533383569507 0.19971231252120453 0.09847433063166626
0 0.35639390997361736 0.4217616739864821 0.2027827488188736 0.09718523270518471
0 0.37942716060658954 0.5427775115453711 0.1934077488188736 0.09636502648462937
0 0.40566476759283115 0.5984711454756025 0.1948065577118811 0.0918142275213885
0 0.4147421564302382 0.6564497408101859 0.1886656851165427 0.09439242337435161
0 0.4508954551564447 0.83900867111176 0.20774306733052797 0.10540783581546265
0 0.06754465326537737 0.07167065697449086 0.13181548439090338 0.07228368605101827
0 0.11715779518282736 0.41526483209226867 0.20111112141421197 0.09392353166842557
0 0.14002735470880695 0.5315931696511577 0.2170089399258662 0.10310304203601817
0 0.15629968465320662 0.5936441103203244 0.2122668762235354 0.1011304389257404
0 0.21403037221682011 0.8330880276624077 0.2169543762235353 0.10154054203601817
0 0.23466530914746145 0.9527464167764356 0.20676092068857255 0.07728283581546265