0 0.990625 0.8077671490948864 0.01875 0.12118579528527036
0 0.93671875 0.8274653730400384 0.0453125 0.12086046360606986
0 0.90078125 0.8353891890034733 0.0453125 0.12086046360606986
0 0.8609375 0.8474011914846725 0.05 0.13357878742738763
0 0.7828125 0.8705711718399656 0.0484375 0.13663101282028123
0 0.74375 0.883328037017612 0.0484375 0.12256851282028158
0 0.70234375 0.887600314105917 0.0484375 0.1272560128202816
0 0.6609375 0.9012475911942222 0.046875 0.11312073821317555
0 0.5296875 0.9253294081911143 0.046875 0.10218323821317554
0 0.44296875 0.9317121488854895 0.0484375 0.09756851282028159
0 0.39453125 0.936311911705771 0.0546875 0.09317211124870503
0 0.253125 0.9553980136488512 0.04375 0.06766268899896417
0 0.9859375 0.507204222916204 0.028125 0.13880994292790555
0 0.84921875 0.5416970010379665 0.0515625 0.14302656203449332
0 0.64375 0.5887668618723867 0.0546875 0.14004711124870503
0 0.68515625 0.5860570847840816 0.0484375 0.13350601282028157
0 0.59453125 0.5973092619962213 0.0578125 0.14019266046291676
0 0.4625 0.6214274662966662 0.05625 0.13386988585581072
0 0.31640625 0.6446381420610638 0.0609375 0.14815070967712848
0 0.9140625 0.19102060484307343 0.0515625 0.1461515620344933
0 0.834375 0.21270085980547213 0.05625 0.15261988585581088
0 0.753125 0.22820388937497676 0.05625 0.16043238585581088
0 0.709375 0.22164782837394076 0.0515625 0.1461515620344933
0 0.665625 0.23306051737290473 0.059375 0.16370293507002262
0 0.38125 0.27208674586617076 0.05625 0.1526198858558109
0 0.32890625 0.270618445204217 0.059375 0.1527654350700226
0 0.2265625 0.2941351819696507 0.0578125 0.16831766046291677
0 0.17265625 0.29117715591480275 0.059375 0.16057793507002263
0 0.69375 0.0571916459900053 0.059375 0.1143832919800106
0 0.509375 0.07437597280925089 0.059375 0.14875194561850177
0 0.4078125 0.08299114754019125 0.059375 0.1659822950803825
0 0.3609375 0.08250207299500265 0.0578125 0.1650041459900053
0 0.30546875 0.08655381431080486 0.059375 0.16214043507002257
0 0.20546875 0.09980513916557976 0.059375 0.16682793507002258
0 0.14921875 0.10320627502139061 0.0640625 0.15923375889134017
0 0.09765625 0.1079515870558839 0.059375 0.15120293507002258
0 0.04140625 0.11682147291169478 0.0671875 0.15312930810555186