0 0.6631856088592805 0.7777012129501093 0.08334736758448216 0.16908848960843983
0 0.32357145180224445 0.8426531316592133 0.08123856436617345 0.16116672896477802
0 0.26951773633111975 0.8596492435437122 0.08123856436617345 0.16116672896477802
0 0.010643842981401315 0.9082388348971924 0.02128768596280263 0.15730975544788173
0 0.029866049485961672 0.690723552966207 0.059732098971923345 0.17701025025210165
0 0.29415029365992773 0.4295629057965282 0.0831288462971587 0.16596348960843982
0 0.7522084481190736 0.3384476888127942 0.07709736758448216 0.16865144703379292
0 0.9199258258430145 0.3080614302628194 0.08356588887180579 0.17221348960843982
0 0.39649331570355584 0.20006144007330198 0.08233117080279087 0.17679172896477804
0 0.10395625443947547 0.24772766979438465 0.08367514951546741 0.17377598960843982
0 0.011850153954942839 0.26280600259789005 0.023700307909885678 0.1806379948042199
0 0.08835802363311197 0.08167098105846503 0.06483803218308674 0.08227690445914593
0 0.20954460878240586 0.06075791149651143 0.06694683540139543 0.09019866510280765
0 0.26321591200071454 0.04923054961201244 0.07007183540139543 0.09041718639013115
0 0.32475434554085403 0.04071016836938887 0.06538433540139543 0.08142033673877774
0 0.38529300779367015 0.037462341139815905 0.06738387797604233 0.07492468227963181
0 0.4993390822993023 0.026470392807078014 0.06694683540139543 0.05294078561415603
0 0.6159638535866258 0.019302748991593816 0.06807229282674854 0.03860549798318763
0 0.6711430264831035 0.010304807405682587 0.06396394703379293 0.020609614811365175
0 0.7277208084140888 0.0036506158197713552 0.06330838317182241 0.0073012316395427105
0 0.7840254387359197 0.0009573045556909909 0.0663241225281606 0.0019146091113819818