0 0.18268577800763602 0.05149384639165725 0.06849655601527202 0.1029876927833145
0 0.29375963800922683 0.059758126928755664 0.07501927601845368 0.11951625385751133
0 0.46034770134468134 0.07012632557216632 0.08007040268936265 0.14025265114433264
0 0.37446638737268 0.2660629819582862 0.08016130935708983 0.18000647748246607
0 0.8857407893857248 0.3294644339977829 0.074002216024817 0.1874184592838688
0 0.07238736139399721 0.44256942936507915 0.06757040268936258 0.17139294108527156
0 0.12097031206236078 0.4519654133259502 0.07225790268936258 0.17169332973421944
0 0.17497655939686071 0.45710469386304864 0.07859880935708982 0.17990634793281682
0 0.22898280673136068 0.4622439744001471 0.07225790268936257 0.17169332973421944
0 0.28377030406586057 0.4673331901624208 0.07220335868872621 0.16700582973421946
0 0.6228697140754056 0.5159676426633428 0.0784169960216353 0.16428134793281668
0 0.7355787994111782 0.5267270650885917 0.08008858402290801 0.17375647748246603
0 0.04123900075585953 0.6548784646825396 0.06439085868872625 0.16650518198597286
0 0.09127536342295042 0.6547993190937613 0.07064085868872624 0.1669057001845701
0 0.42248045743154095 0.69690316934293 0.06731586401972631 0.1495179410852714
0 0.25197705342931376 0.691411040254706 0.07058631468808993 0.1622182001845701
0 0.36847421009704096 0.6917638888058315 0.06887836401972632 0.14961807063492075
0 0.02632416744904013 0.8512923897286822 0.03457608935390814 0.1536652205426357
0 0.1140150714512673 0.8620913849483202 0.059357913351362826 0.13651729333702498
0 0.1657866567870399 0.8767558598098926 0.06404541335136278 0.1368176819859727
0 0.2777508547899034 0.8906903470099661 0.0655533693507265 0.13223031153562204
0 0.5039502754614487 0.9121591270856392 0.059121556015271894 0.11620479333702498