0 0.14375 0.11796875 0.034375 0.115625
0 0.184375 0.121875 0.034375 0.1109375
0 0.30625 0.125 0.034375 0.125
0 0.515625 0.128125 0.034375 0.125
0 0.8046875 0.128125 0.0390625 0.1390625
0 0.809375 0.29140625 0.0359375 0.125
0 0.765625 0.284375 0.03125 0.121875
0 0.725 0.284375 0.0375 0.125
0 0.346875 0.27109375 0.0375 0.121875
0 0.1828125 0.28125 0.0375 0.1390625
0 0.14375 0.278125 0.0359375 0.1328125
0 0.0203125 0.4234375 0.03125 0.121875
0 0.0984375 0.42734375 0.0375 0.1328125
0 0.2234375 0.42734375 0.040625 0.1328125
0 0.3875 0.4375 0.0328125 0.125
0 0.4296875 0.4375 0.0375 0.128125
0 0.471875 0.4375 0.0421875 0.128125
0 0.7265625 0.4375 0.0375 0.125
0 0.890625 0.44453125 0.034375 0.128125
0 0.6421875 0.596875 0.0359375 0.128125
0 0.346875 0.59375 0.0375 0.121875
0 0.30625 0.590625 0.034375 0.125
0 0.21875 0.5796875 0.0328125 0.1390625
0 0.1375 0.5796875 0.0375 0.1359375
0 0.0171875 0.58359375 0.0328125 0.128125
0 0.09375 0.746875 0.0328125 0.125
0 0.1328125 0.74296875 0.034375 0.1390625
0 0.3046875 0.74296875 0.0359375 0.125
0 0.3890625 0.746875 0.0390625 0.1390625
0 0.515625 0.753125 0.0359375 0.1359375
0 0.6859375 0.75 0.03125 0.128125
0 0.85625 0.76015625 0.0328125 0.125
0 0.975 0.91640625 0.03125 0.1359375
0 0.934375 0.9203125 0.03125 0.1328125
0 0.775 0.9203125 0.0359375 0.1359375
0 0.7296875 0.9234375 0.0328125 0.1359375
0 0.6 0.91328125 0.0375 0.1328125
0 0.5578125 0.91328125 0.040625 0.125
0 0.5171875 0.91328125 0.040625 0.125
0 0.3015625 0.90625 0.0359375 0.1359375
0 0.1359375 0.903125 0.0359375 0.128125
0 0.09375 0.903125 0.034375 0.1390625
0 0.0578125 0.903125 0.0390625 0.153125