0 0.8379722315700704 0.9621766879983399 0.04622299620027803 0.07564662400332019
0 0.753779069525973 0.9637200003829836 0.049311628609097366 0.07255999923403281
0 0.7077944222995146 0.9662494690753054 0.04291615824437507 0.06750106184938928
0 0.6656069222995147 0.9628945303802148 0.04622299620027803 0.07421093923957045
0 0.5525075102554174 0.9630459222683655 0.05403549620027785 0.07390815546326905
0 0.48475696580250077 0.9703182017257296 0.048911585106111134 0.0593635965485408
0 0.43626491441572995 0.9664725084809899 0.04589568787965277 0.06705498303802031
0 0.3895535685760424 0.9719517504614252 0.04869337955902786 0.05609649907714953
0 0.34427743616722306 0.9720623719915101 0.04862064437666671 0.055875256016979694
0 0.29909222273635494 0.9761793730712445 0.042116071238402775 0.04764125385751115
0 0.2515087079187161 0.9777523650516798 0.043533100873680654 0.04449526989664036
0 0.7813377590211464 0.8246945350036935 0.04996624525034754 0.13581638648947977
0 0.6942378025241326 0.8362747802233313 0.05327308320625015 0.1438291455887782
0 0.6497065525241326 0.8334210880583257 0.04996624525034736 0.13581638648947977
0 0.6054298756623966 0.8415048958933202 0.04676851006798621 0.13249112739018107
0 0.5609713608447576 0.8417762037283143 0.050184450797430634 0.14519138648947977
0 0.37619697055215345 0.8463171020948698 0.05647081838861121 0.14715440468807692
0 0.3287952936904174 0.8542006508305656 0.05639808320625015 0.14402940468807693
0 0.2811208598948271 0.8503654495662613 0.0533458183886113 0.14695414558877823
0 0.23431859507718816 0.8504865630767817 0.0564708183886113 0.14715440468807692
0 0.1866623450771882 0.8474326118124773 0.053200348023888996 0.14070414558877822
0 0.9825086011580211 0.6438309685308257 0.034982797683957755 0.14362888648947952
0 0.9497026332618408 0.6513838502399434 0.04498780452090294 0.12301599784053181
0 0.7751754119471881 0.6604818406792194 0.053200348023888996 0.14070414558877822
0 0.6832061174942714 0.6639491972499094 0.05011171561506948 0.1420663864894795
0 0.6363311174942714 0.6609453107604298 0.04498780452090294 0.12301599784053163
0 0.5903282864722227 0.6618977390457749 0.055271994300416696 0.16267927513842756
0 0.45233797720166724 0.6655362739018098 0.05327308320625015 0.1438291455887782
0 0.3099692924561464 0.6821556701088971 0.05305487765916679 0.13445414558877822
0 0.26160452763850756 0.682176654069768 0.050184450797430634 0.14519138648947952
0 0.2124766966164589 0.6829288232558145 0.05519925911805572 0.15955427513842757
0 0.16705509384291722 0.6753375663159842 0.05334581838861121 0.14695414558877823
0 0.11799999800322973 0.6792147355020306 0.04862195079743068 0.14509125693983033
0 0.9775924972923786 0.48718045033222845 0.04481500541524284 0.1389413864894795
0 0.6231557042159033 0.49706328346253387 0.04847648043270851 0.13884125693983035
0 0.5272074245806253 0.4971553161591006 0.05334581838861112 0.14695414558877823
0 0.4811136745806254 0.4942014944444457 0.050184450797430814 0.14519138648947952
0 0.43440232874093787 0.498228857954966 0.056616288753333424 0.15340440468807692
0 0.9307642632021181 0.30693294339239807 0.05320034802388918 0.14070414558877822
0 0.7499143067051044 0.3125054156330768 0.053200348023888996 0.14070414558877822
0 0.7022398729095141 0.30867021436877257 0.05327308320625015 0.1438291455887782
0 0.6079450122521878 0.3127686266149886 0.05349128875333342 0.15320414558877832
0 0.5595075122521878 0.3096646105758597 0.056616288753333424 0.15340440468807692
0 0.4146132395507641 0.3183213124584728 0.05825152393569457 0.15662953423772627
0 0.3662484747331253 0.31834229641934386 0.046913980432708426 0.138741127390181
0 0.31797462889343775 0.3222695303802149 0.05011171561506957 0.1420663864894796
0 0.2695371288934377 0.319165514341086 0.05032992116215294 0.1514413864894796
0 0.16822920203170164 0.3235945936138801 0.053200348023888996 0.1407041455887783
0 0.8291621295590279 0.13114359653931554 0.05832425911805572 0.15975453423772623
0 0.783795078172257 0.12589608959948523 0.055090156344514085 0.15486677513842761
0 0.7402450999237501 0.13168621220930424 0.05527199430041687 0.16267927513842756
0 0.5975127392664237 0.13268060841639134 0.05349128875333342 0.15320414558877826
0 0.5459502392664237 0.12937633327796377 0.058542464665138995 0.16912953423772623
0 0.3448968855429515 0.13833462137320132 0.058615199847500146 0.17225453423772624