0 0.06640625 0.10234375 0.0296875 0.109375
0 0.0984375 0.09609375 0.028125 0.1140625
0 0.16640625 0.078125 0.0296875 0.1046875
0 0.1609375 0.209375 0.0328125 0.1171875
0 0.1984375 0.209375 0.034375 0.1171875
0 0.2359375 0.21015625 0.034375 0.11875
0 0.27421875 0.20546875 0.0328125 0.1203125
0 0.35 0.20859375 0.0359375 0.1265625
0 0.38984375 0.209375 0.0328125 0.1171875
0 0.4265625 0.2109375 0.0296875 0.1203125
0 0.4625 0.21015625 0.0359375 0.11875
0 0.65078125 0.20078125 0.0375 0.1234375
0 0.5765625 0.21015625 0.0359375 0.1234375
0 0.72421875 0.2078125 0.034375 0.11875
0 0.76328125 0.20703125 0.0359375 0.11875
0 0.94453125 0.2078125 0.03125 0.11875
0 0.075 0.35859375 0.0296875 0.115625
0 0.1234375 0.35234375 0.034375 0.1203125
0 0.16171875 0.35390625 0.03125 0.10625
0 0.1578125 0.490625 0.0328125 0.1140625
0 0.19609375 0.49453125 0.028125 0.121875
0 0.2328125 0.4921875 0.0328125 0.1265625
0 0.30859375 0.48515625 0.0296875 0.11875
0 0.35078125 0.490625 0.0375 0.1140625
0 0.39140625 0.4875 0.03125 0.1171875
0 0.46328125 0.48359375 0.0328125 0.1328125
0 0.50234375 0.48671875 0.034375 0.115625
0 0.54296875 0.4828125 0.0328125 0.1140625
0 0.58203125 0.4890625 0.0359375 0.121875
0 0.6234375 0.48203125 0.0375 0.128125
0 0.69453125 0.48515625 0.0359375 0.11875
0 0.7359375 0.4875 0.03125 0.1171875
0 0.771875 0.484375 0.03125 0.1171875