0 0.015625 0.284375 0.0296875 0.125
0 0.1390625 0.27109375 0.0390625 0.125
0 0.2234375 0.27421875 0.034375 0.121875
0 0.5265625 0.26015625 0.0328125 0.121875
0 0.6140625 0.25703125 0.034375 0.121875
0 0.65625 0.25703125 0.0359375 0.125
0 0.7 0.253125 0.034375 0.125
0 0.834375 0.25 0.0375 0.128125
0 0.6625 0.4203125 0.0375 0.125
0 0.5296875 0.4234375 0.0359375 0.121875
0 0.1828125 0.434375 0.0375 0.1171875
0 0.096875 0.44453125 0.0375 0.125
0 0.05625 0.60078125 0.0328125 0.121875
0 0.0984375 0.60390625 0.0375 0.125
0 0.01875 0.7671875 0.0375 0.121875
0 0.0265625 0.91640625 0.0375 0.128125
0 0.065625 0.9203125 0.0375 0.125
0 0.275 0.91640625 0.0359375 0.1390625
0 0.31875 0.9234375 0.0375 0.1390625
0 0.359375 0.91640625 0.0375 0.1328125
0 0.4 0.91640625 0.040625 0.1328125
0 0.53125 0.909375 0.034375 0.128125