0 0.008361945843469748 0.1016124969749379 0.016723891686939496 0.0438499939498758
0 0.1377131025575239 0.09846074677854617 0.15809430113146816 0.049355626267041375
0 0.13550973224241084 0.20860790641946653 0.1674874818496274 0.052535168421519084
0 0.13361997931554462 0.2648488160603869 0.167496572208707 0.054097668421519085
0 0.13406488602959873 0.32266586123992674 0.1831397529268662 0.05731357201231528
0 0.1268149465308408 0.49450449980360833 0.16751475292686627 0.05722266842151917
0 0.35062671389564654 0.02860328561337418 0.1533977107723885 0.04776585518980253
0 0.3452665273237548 0.14420101453613532 0.15342498184962744 0.05245335518980254
0 0.34417165993550797 0.1981027193565955 0.15498748184962743 0.05246244554888215
0 0.3455109252572102 0.3707726048952149 0.17532725292686618 0.05726812021691714
0 0.3475319675098838 0.42625499043383436 0.16125566256778665 0.05562380698520055
0 0.3487399435057787 0.487201580792914 0.17532725292686618 0.05726812021691714
0 0.3460825761175319 0.5410941952542945 0.17690793364502538 0.060402210575996665
0 0.5538017108705844 0.021191282293724484 0.16114657825883114 0.03687380698520063
0 0.5628630934823375 0.07515207444820218 0.16904998184962744 0.05254425878059872
0 0.5594244760940909 0.12904014373004297 0.16909543364502538 0.06035675878059869
0 0.5598693828081449 0.18685718890958275 0.17999657220870696 0.05417039129415602
0 0.5610909943426592 0.24546002926866234 0.16904998184962744 0.05254425878059869
0 0.5638751058771736 0.3040719599868216 0.17688975292686618 0.05727721057599684
0 0.5604046722321481 0.36342877926866235 0.18001475292686617 0.05729539129415606
0 0.5581513049420972 0.4821696889095827 0.18312157220870695 0.054188572012315285
0 0.7764806867682834 0.01858040846257001 0.15641362646343318 0.029034035907961775
0 0.7809272922526735 0.060013929539808865 0.15811248184962742 0.0524806262670414
0 0.7837023134281083 0.12018836025796811 0.17532725292686635 0.057268120216917184
0 0.7842512383907309 0.2944162006170477 0.1972204336450254 0.060520385244031874
0 0.776883645104785 0.35218779400118944 0.18473861436318478 0.06357266237139489
0 0.7820160518188392 0.4100321102579681 0.18001475292686636 0.05729539129415606
0 0.780880277814734 0.47096506507842834 0.17063975292686634 0.05724084913967822
0 0.9429369337432213 0.010954781704549296 0.06412613251355737 0.011310204722264327
0 0.9481829699457707 0.04926784796132796 0.059665891490547907 0.05034543364502546
0 0.9550495517206432 0.34619284493626584 0.07216589149054756 0.05041815651766246
0 0.9562757084346973 0.4040144352953455 0.07688066256778683 0.0551329275949012
0 0.9566887988919731 0.46730023047488534 0.08160452400410492 0.06141019867214013
0 0.9618166604264873 0.525925796731664 0.07062157220870695 0.05353406615858276
0 0.3392093656397309 0.7824686289975158 0.16907725292686626 0.0572317587805987
0 0.34275654645608605 0.844210104895215 0.1706579336450254 0.06036584913967857
0 0.5591042300029156 0.7212458244482022 0.16907725292686634 0.0572317587805987
0 0.5618792511783504 0.7814202551663614 0.17687157220870695 0.05415221057599666
0 0.566998022353785 0.8416083214231401 0.18788179508134384 0.06671584308955403
0 0.5666525887087597 0.9009833214231401 0.1815954336450254 0.060429481653235584
0 0.5608520406023536 0.9579827551663614 0.1878545240041051 0.06202834308955403
0 0.9564019317001179 0.6508985256544252 0.08001475292686636 0.056713608313060604
0 0.9591678625164729 0.7126354563725844 0.07375566256778683 0.05511474687674216