0 0.9948192829929864 0.5900881540482668 0.010361434014027181 0.209850188998964
0 0.9589526379720082 0.5802015777457499 0.08209472405598355 0.23412675103345731
0 0.9070880203449392 0.5669524069437508 0.11307237552445386 0.2388142510334573
0 0.7681196861118417 0.5308971288219884 0.10625369046151914 0.21047092721213972
0 0.6313058477295593 0.5027271253073317 0.11153318631233429 0.21850175103345731
0 0.49954636225170634 0.46934308291754545 0.10672728714217125 0.2167209272121397
0 0.3658458684754837 0.45143849131354763 0.1092602912913561 0.20905397642635143
0 0.29747437677385347 0.4326841832079958 0.11141478714217126 0.2169392510334573
0 0.9518644949253762 0.8198976244787621 0.09627101014924762 0.20414815260503402
0 0.817047051263333 0.7861860963569995 0.11586548880184529 0.2140325748547749
0 0.7452429062423549 0.7734998517336831 0.10793458963168216 0.21210620181924558
0 0.67669381578548 0.7524017936281313 0.11489498465266035 0.22177230024766886
0 0.5409572253286054 0.7281744274170275 0.11309568631233428 0.21857452564056318
0 0.4062503386059969 0.6969885858130296 0.1151317829929864 0.22489730024766902
0 0.33642309068058934 0.6898438657968189 0.11380608133331246 0.22794952564056317
0 0.2690696473192852 0.6742509449948201 0.11259877884380157 0.2325642510334573
0 0.20255665354306251 0.659475661496374 0.10876338382282338 0.22304370181924577
0 0.9374107859159935 0.9871084716688404 0.08922936597668425 0.025783056662319125
0 0.8644701933845262 0.9714085430089586 0.08823555103961844 0.05718291398208279
0 0.7284376050022437 0.9462222983856421 0.10717572780418312 0.10755540322871582
0 0.5877534054171623 0.9423117402800903 0.09479412697434597 0.11537651943981934
0 0.4532241174497985 0.9216406944780914 0.09668851369695446 0.15671861104381718
0 0.3087753778227606 0.9003061767978551 0.09754061867597627 0.15712760339082193
0 0.17766708778080437 0.8755158844080688 0.0888993244848352 0.1458262303552928
0 0.11025444483441867 0.8591417136060698 0.08444862282516122 0.1487329065339754
0 0.05502584503026693 0.3871382810172467 0.06719119046151918 0.2086515620344933