0 0.790568827197031 0.07091066740251224 0.07472251834240015 0.14182133480502448
0 0.6526596502374268 0.06863385543943888 0.07329641066226814 0.13726771087887776
0 0.37704588479802065 0.06155057440111655 0.08534176959604131 0.1231011488022331
0 0.9671684311162393 0.32373531886250795 0.06566313776752146 0.21791119629109837
0 0.8338033163099713 0.31309546924662074 0.09046719028743944 0.21379690637700657
0 0.6953174778301692 0.3133112324756038 0.08559783386094857 0.2073012449116174
0 0.6269850149771878 0.304373323723748 0.08729672618081671 0.21207063206674714
0 0.556558854710631 0.30415199570458684 0.08537051332783499 0.1994887449116174
0 0.4203031059642723 0.3003386782008753 0.08743311850068469 0.21675813206674716
0 0.3513257854311589 0.29612921302658435 0.08743311850068469 0.21675813206674704
0 0.2831069828447342 0.29109755427472855 0.07622283386094857 0.20680992198083886
0 0.14885400329870527 0.27544265603832235 0.07622283386094857 0.20680992198083886
0 0.08141645071228053 0.27037005370890166 0.08743311850068462 0.21675813206674716
0 0.8088333747023839 0.5843463495043455 0.08743311850068461 0.21675813206674696
0 0.25400347070403323 0.5547406524202778 0.09230247492717539 0.22325379353213642
0 0.11915109758449509 0.5453766977614364 0.08274561850068465 0.21651247060135786
0 0.05109141937124974 0.5458137890095806 0.07663201082055268 0.22087242198083884
0 0.9310339497878438 0.8580560871798737 0.08050115690134448 0.1929930834462283
0 0.7854941292547303 0.8578590926069406 0.07434208511458973 0.1957905348257089
0 0.5046700265891633 0.8334543933751661 0.08537051332783516 0.1994887449116174
0 0.04278614053750139 0.7981951605608781 0.04538201082055269 0.21923467887824372