0 0.06276044773420367 0.6626990531431531 0.044062266396246864 0.25272689371369383
0 0.6417510533379255 0.7196209096388564 0.12808206888575774 0.25196922249741005
0 0.38009762262466856 0.41193264991894674 0.11356928299298641 0.22482452564056316
0 0.4986583684754837 0.4142506670824545 0.10923698050347533 0.22929370181924558
0 0.9963458941957857 0.4597662967375216 0.00730821160842865 0.21580909057054068
0 0.12139159315616714 0.10553937055432991 0.11465818631233429 0.21107874110865982
0 0.20299679066665624 0.10833473076957763 0.11536858133331244 0.21666946153915526
0 0.35687972987877553 0.12037558136961415 0.11390116971559472 0.2407511627392283
0 0.44124307448483524 0.12398857888841479 0.12183206888575779 0.24797715777682958
0 0.5122067699207318 0.1274569884225727 0.11174667386477957 0.24186647642635145
0 0.6690963099626881 0.1389659150155399 0.12145356058738806 0.26723034946188073
0 0.7483577574731772 0.1399782973566941 0.11330917386477957 0.24193925103345731
0 0.8244233500046445 0.1505476162156129 0.11233866971559472 0.24967897642635145
0 0.9054132408764376 0.1640236112532142 0.11439807718412745 0.23576202564056317
0 0.9631045738601353 0.16937889123700356 0.07379085227972944 0.23503427956950462