0 0.22388901105422726 0.9201284346068664 0.051349223591130214 0.13112888648947987
0 0.2679663932682124 0.9323070619970476 0.047896841377145095 0.12155362739018116
0 0.3135517117798666 0.942710785008306 0.04611608656782158 0.11457842998338812
0 0.3596727436310321 0.942990788478221 0.047896841377145005 0.11401842304355796
0 0.40528534399385174 0.9502770095607239 0.04924108656782167 0.09944598087855212
0 0.5869991354636641 0.9646782734403846 0.048968268056167295 0.07064345311923077
0 0.6308309810171604 0.9684739019102999 0.045679576949174815 0.06305219617940025
0 0.7690303854636641 0.9704857873200453 0.0505307680561673 0.05902842535990942
0 0.809709949165995 0.9733499714654865 0.05042164065150558 0.05330005706902696
0 0.8504167947194912 0.9769954056109276 0.05025794954451328 0.04600918877814486
0 0.4293279568857252 0.6199338772332974 0.048278787293461 0.13249112739018098
0 0.5234326209508758 0.6360979002122568 0.05000497840045348 0.13727875693983033
0 0.7077084172300114 0.6673943722960519 0.04822422359113023 0.130928627390181
0 0.7986607994439966 0.6825768861757127 0.047896841377145095 0.12155362739018098
0 0.8424653631463276 0.6869430135658936 0.05118553248413775 0.1264413864894797
0 0.1251959844757214 0.3930967627999265 0.04622521397248329 0.11832849784053164
0 0.3942560085223385 0.44151898056478506 0.047896841377145095 0.12155362739018098
0 0.4884970818433162 0.46158925354374436 0.047896841377145095 0.12155362739018098
0 0.5338368636944816 0.46527426048357456 0.046225213972483206 0.11832849784053182
0 0.8999082969969259 0.5238107603266912 0.0429365228654909 0.1134407387412331
0 0.08713544536816183 0.21838785703211538 0.04789684137714505 0.12155362739018098
0 0.12945935462398897 0.22499760487264706 0.048278787293461044 0.13249112739018098
0 0.17547125907049269 0.22560767658730202 0.04806053248413762 0.12624112739018098
0 0.21946679573098155 0.235442553977483 0.048278787293461 0.13249112739018098
0 0.2649702686891395 0.24381506091731336 0.05102184137714509 0.12175388648947967
0 0.6868105523544035 0.3144999097729807 0.051403787293461 0.1326913864894797
0 0.14086310217691825 0.060474029918789585 0.04735120435383648 0.10592862739018098
0 0.22696429328391082 0.07066865514950224 0.04767858656782167 0.11530362739018099
0 0.3191790751350762 0.07735754857881219 0.05085815027015243 0.11706638648947965
0 0.4139012980932343 0.08888413633259612 0.055927596186468476 0.1283042751384276