0 0.8785267495726714 0.9719691765317563 0.12101162252816096 0.056061646936487367
0 0.8790784066297075 0.9344675003383557 0.12602690445914605 0.06932356909549356
0 0.8774502046522361 0.8903348630654522 0.13540190445914604 0.07008884364130097
0 0.8821266329965954 0.8459311588230868 0.13216764381548424 0.06827125212603206
0 0.8845685719846166 0.7997736359442694 0.13405792574646966 0.07308629788366652
0 0.8848306519381305 0.7510810444290004 0.1403079257464693 0.07359648091420468
0 0.8719917983515048 0.7099618368526549 0.12380884059717552 0.0598210233378591
0 0.8704728570176951 0.6642666995797514 0.12973105866619045 0.05564370636839726
0 0.8434400994761265 0.533989397154157 0.11890281930985216 0.056313386064955576
0 0.8273448419345577 0.40460491503200446 0.14590236188449887 0.06473166394474279
0 0.8277761666922915 0.3197835048802836 0.13485560124083734 0.06227634364130097
0 0.8234218024620039 0.2809282989709282 0.14266810124083734 0.06291407242947367
0 0.8138496965295898 0.14814774987931378 0.1314028193098519 0.05733375212603189
0 0.716015313938845 0.8056574898773741 0.1381991225281606 0.06565643515657023
0 0.7151683619613736 0.7615886254832878 0.13830838317182242 0.06721893515657004
0 0.7020177879599445 0.623801711997587 0.12671531930985208 0.05695111485312836
0 0.6977726843733187 0.5833840060882316 0.13830838317182242 0.06721893515657004
0 0.682742900096545 0.4949433883601654 0.1381991225281606 0.06565643515657005
0 0.6691663551761096 0.4081928163897337 0.14579310124083733 0.06316916394474266
0 0.6632494909458221 0.36921006472274376 0.13496486188449897 0.06383884364130096
0 0.662293278324689 0.32670370032865736 0.13808986188449895 0.06409393515657005
0 0.6549667334042535 0.24046331138876384 0.14277736188449897 0.06447657242947358
0 0.6485853294493107 0.15194294532768757 0.15058986188449897 0.06511430121764632
0 0.6469571274718393 0.10781030805478398 0.14801116510280768 0.07267170970237724
0 0.5514229362149041 0.8110789582045651 0.1429958831718224 0.06760157242947358
0 0.549685473593771 0.7685088209316616 0.14277736188449913 0.06447657242947358
0 0.5211662617289425 0.5021824482026256 0.12715236188449897 0.06320111485312836
0 0.50015391124441 0.33075398729230027 0.13485560124083734 0.06227634364130097
0 0.38477638559448557 0.8234041307741217 0.13496486188449897 0.06383884364130096
0 0.3813396651796822 0.7264813333494973 0.1428866225281607 0.06603907242947357
0 0.35544270876273537 0.4226549606204612 0.13027736188449895 0.0634562063683973
0 0.3451004244859616 0.33459698016529854 0.13819912252816077 0.06565643515657005
0 0.3424067492436954 0.24952047849830858 0.1268245799535138 0.05851361485312827
0 0.3312832149669217 0.16139872516432868 0.1268245799535137 0.05851361485312827
0 0.3247925503683171 0.07444085910325242 0.12671531930985208 0.056951114853128273
0 0.21784025787054473 0.8286342804648609 0.1601833831718225 0.06900457576345351
0 0.2164305771803968 0.7813766431919573 0.1590579257464694 0.07512703000581915
0 0.2117866358465871 0.7354264144037848 0.1559329257464694 0.07487193849054989
0 0.20258587051134835 0.5523907737969012 0.1506991225281607 0.06667680121764637
0 0.20391877756838434 0.5108569780392667 0.1428866225281607 0.06603907242947357
0 0.1990016846254203 0.46881299925109393 0.14277736188449902 0.06447657242947358
0 0.19804547200428715 0.4263066348570076 0.1461208831718225 0.06785666394474266
0 0.16383862487394923 0.05030237318807801 0.13445140965492602 0.03427888939893551
0 0.06320629625781776 0.9721619134857008 0.12641259251563552 0.05567617302859844
0 0.06239219526908205 0.9343108403073209 0.1247843905381641 0.06823930121764618
0 0.05858967008492351 0.8844543615191484 0.11717934016984702 0.06460411818710839
0 0.05891191618808844 0.8348529742462448 0.11782383237617688 0.07423420970237729
0 0.0613593910039299 0.7855066784886102 0.1227187820078598 0.07161939273291544
0 0.05689308921061702 0.7426814497004376 0.11378617842123404 0.06629416394474283
0 0.060367650474697374 0.692553903942803 0.12073530094939475 0.0764344384905499
0 0.05194564020918796 0.468765717578285 0.10389128041837592 0.06565643515657005
0 0.04775516694439307 0.3877230116689296 0.09551033388878614 0.06607102333785919
0 0.037216140713391056 0.17219373545613245 0.07443228142678211 0.060012470912264915