0 0.9155446568475453 0.0005545527179510151 0.04671431369509058 0.0011091054359020302
0 0.5790459523440384 0.02017998774781227 0.061216904688076924 0.04035997549562454
0 0.24274750693983033 0.03973007475378452 0.06111677513842757 0.05290810087368061
0 0.17717257171465498 0.04203876358336791 0.05114099784053172 0.04331489532659727
0 0.11361071946290158 0.05134233482177074 0.060916516039128954 0.04978310087368061
0 0.0553674228866742 0.05817486949104163 0.060916516039128954 0.04978310087368061
0 0.14188232109634613 0.2361167251143749 0.08459145280546379 0.20011040919430564
0 0.27208096082502825 0.2166555974552081 0.0823280459579185 0.18913654160312507
0 0.33717503469915155 0.219052592421215 0.08459145280546379 0.20011040919430564
0 0.40913037785160633 0.20642399943131912 0.08701554595791858 0.18924564437666672
0 0.4720611744278337 0.19948236198850655 0.0901405459579184 0.1893183795590278
0 0.1784961512919909 0.4778132626334374 0.0826284346068665 0.19382404160312508
0 0.3074827444444456 0.4638572525654512 0.08731593460686646 0.1939331443766667
0 0.3750509762458484 0.4560252623490969 0.07850213911037329 0.17812630642076394
0 0.6424690137227771 0.44119447046163146 0.07018899136212671 0.17013196846486114
0 0.9100675239018099 0.4169704947785757 0.08459145280546351 0.20011040919430556
0 0.8808956677925451 0.682105838718402 0.07255252775932135 0.18266833605604163
0 0.414278666712811 0.714091682276979 0.07724002775932118 0.18277743882958325
0 0.18635962753783927 0.9423849089099651 0.07419656847545246 0.11093880642076429
0 0.24835897978959265 0.9331177052627428 0.07519786397194572 0.12656380642076429
0 0.30871548888889133 0.9348425530022915 0.0732348457733484 0.12027743882958361
0 0.5813519524916968 0.915978224545694 0.0810869185677376 0.14542290919430556
0 0.7120011751938009 0.9035483468865273 0.0763994185677376 0.1453138064207639
0 0.7768449251938008 0.9020390918525341 0.06934838217054295 0.1326683360560416