0 0.9867766778313122 0.7885988409986269 0.0264466443373756 0.16451885698624177
0 0.9585341313031875 0.8025323662263704 0.07788105913900907 0.16495536660488846
0 0.8997049408564817 0.8121776955377978 0.08086050992479735 0.16193949400955035
0 0.6220016259265042 0.8617585109694093 0.07744441149637389 0.15558036660488844
0 0.5711304846940098 0.874801658792491 0.07900691149637407 0.15563493030721923
0 0.13443531347772614 0.9417708377489479 0.055530870140045166 0.11645832450210421
0 0.9877869061196906 0.5661608458079502 0.024426187760618844 0.16876984736759476
0 0.9588902914587727 0.5802853439938518 0.08221941708245453 0.16673612141421187
0 0.7381380864322022 0.625580452709374 0.07886136228216216 0.1525099303072194
0 0.6831787586819431 0.6345809412766286 0.07886136228216234 0.1525099303072194
0 0.6266569309316842 0.6435268661415524 0.07744441149637407 0.15558036660488844
0 0.5159570254311662 0.6615005614248961 0.08285965756743252 0.1713690577118811
0 0.9609996201400453 0.3526786991659949 0.0780007597199095 0.16673612141421187
0 0.9111409770455239 0.3711087514355804 0.08056941149637424 0.15568949400955018
0 0.46796036538253427 0.4515700007177902 0.07900691149637389 0.1556349303072194
0 0.4130010376322752 0.4605704892850448 0.0742466368892682 0.15390873920022674
0 0.2999573821317572 0.4784623390148924 0.08078773531769165 0.16037699400955016
0 0.24190944168505119 0.4881349501774853 0.08078773531769165 0.16037699400955036
0 0.859238066996892 0.16104178147264728 0.07922523531769166 0.16032243030721935
0 0.8040968027288684 0.16613602003990188 0.07788105913900907 0.16495536660488855
0 0.6912350837461151 0.18793411976974944 0.08100605913900907 0.1650644940095502
0 0.637838255995856 0.19698917203933491 0.08264133374611511 0.16668155771188112
0 0.580535178245597 0.20590781505309322 0.08122438296032683 0.16975199400955018
0 0.41434940611969057 0.23832346705252622 0.08078773531769161 0.16037699400955024
0 0.14904327564056316 0.10192214246560419 0.05996150496239876 0.08165179328391083
0 0.09486519789030416 0.1109499128840242 0.059961504962398715 0.08165179328391083