0 0.9069597464655967 0.7358141491469411 0.12203150889724838 0.051304236102552817
0 0.912310432739163 0.6427269999767781 0.1189701758934433 0.052629937762226756
0 0.9120768942587812 0.036808886699386444 0.1298440088972484 0.05189623195336797
0 0.9107664036503216 0.010042125300738992 0.1315338428896375 0.020084250601477983
0 0.7338855686693495 0.019975077585112872 0.13765650889724873 0.039950155170225744
0 0.7353752010279517 0.5696833541306073 0.13459517589344294 0.05381392946385688
0 0.7413639213704567 0.7094203603543846 0.13147017589344295 0.053577131123531
0 0.7379232449827221 0.7556325095245476 0.1253475098858317 0.056228534442878876
0 0.5617599930055557 0.7783274161678879 0.1313428419010542 0.05045213112353082
0 0.5612944193932903 0.7324112649231325 0.1347225098858317 0.056938929463857056
0 0.5608288457810249 0.686495113678377 0.1315975098858317 0.056702131123530994
0 0.5666862094309087 0.542745113678377 0.12502917490485982 0.048416034442878876
0 0.561880645704475 0.45042755911427357 0.13446784190105418 0.05068892946385706
0 0.5579995479091029 0.12516744998606683 0.13453150889724858 0.05225142946385706
0 0.5613765573006431 0.08051780081590382 0.1375291749048598 0.0493632278041831
0 0.5569410666921832 0.036460147496555906 0.13140650889724856 0.052014631123531
0 0.5604135765780149 0.00773703194407919 0.13140650889724856 0.01547406388815838
0 0.3875663255894318 0.01724975943591231 0.14397017589344294 0.03449951887182462
0 0.3846548898101571 0.09780315704432552 0.13140650889724856 0.052014631123531
0 0.387943080000875 0.3802721149277768 0.1312791749048598 0.048889631123530994
0 0.38237221783386577 0.5169908649277768 0.13147017589344295 0.053577131123531
0 0.38323969806220226 0.6103856674172877 0.1378475098858317 0.05717572780418312
0 0.3828126392415034 0.8884631232261466 0.13446784190105418 0.05068892946385688
0 0.2097743872643371 0.9109212315291607 0.13765650889724856 0.05248822780418294
0 0.20989906266348846 0.8696333806993237 0.14709517589344295 0.05476112282516112
0 0.20552723905122297 0.8240132273799758 0.1375928419010542 0.05092572780418303
0 0.20831399943134632 0.7747352777948943 0.1347225098858318 0.056938929463857056
0 0.20465975882288645 0.7306184248904649 0.1313428419010542 0.050452131123530995
0 0.20661087247277052 0.5871644228158724 0.12847250988583173 0.05646533278320494
0 0.20536404886050502 0.5413074711561985 0.13446784190105418 0.05068892946385706
0 0.2150891477188225 0.07326786617717665 0.13459517589344294 0.05381392946385706
0 0.05220448714841873 0.13960602904429414 0.10440897429683746 0.052037941911411686
0 0.049258594088185274 0.7026621360979084 0.09851718817637055 0.04794243776222675
0 0.048003829506583454 0.8420914890023379 0.09600765901316691 0.050712240251737484
0 0.049846866559861966 0.8878892410769303 0.09969373311972393 0.05563653859206354