0 0.08778180113146813 0.043341205346376456 0.0519715661585828 0.07331567363517102
0 0.13699600595192835 0.039693289603713204 0.045730656517662414 0.07451415258848362
0 0.18933066559284872 0.03616959481597404 0.045730656517662414 0.07233918963194808
0 0.24320055415653025 0.02958988299838853 0.050372704722264315 0.05917976599677706
0 0.3002636204133089 0.034201788288295246 0.05201701795398091 0.06840357657659049
0 0.40819936114173083 0.17707437933448333 0.05571471057599684 0.1797476841585147
0 0.46450844847574835 0.18395443991429677 0.04946471057599684 0.1793836631118273
0 0.9145039032962086 0.15696367455280422 0.05097266842151882 0.17009966837349916
0 0.13437656264254136 0.3954350553887288 0.05257152985783753 0.17644067363517096
0 0.18752428854024042 0.3962471264918859 0.0525897105759968 0.17956567363517095
0 0.30312656264254134 0.3856064871281691 0.04780221662612103 0.16210515785015547
0 0.35314019818116077 0.3850380687546699 0.05413402985783762 0.17653167889684288
0 0.4164078126425414 0.37900860565696004 0.05407948770335982 0.16715667889684288
0 0.5297163337197802 0.3770982241857509 0.05405221662612103 0.16246917889684287
0 0.5844174692583997 0.3762567900272362 0.04939198770335977 0.16688366311182729
0 0.6961953065924172 0.379906163817699 0.05571471057599666 0.1797476841585147
0 0.08166114968197129 0.6032622369164076 0.04621244554888215 0.15732665258848363
0 0.1332463755796703 0.6041653132812366 0.05248971662612103 0.16237817363517096
0 0.18950546593874998 0.60245162386105 0.04941016842151909 0.1700086631118273
0 0.2402776255796703 0.5979314528567149 0.05415221057599684 0.17965667889684286
0 0.0743536854917372 0.8248565158556028 0.052535168421519084 0.17019067363517096
0 0.12744232405541872 0.8155123369587599 0.049364716626120984 0.16219616311182738
0 0.47543842075921017 0.5850164109751016 0.055696529857837615 0.1766226841585148
0 0.5317020562978296 0.584083971554915 0.055696529857837615 0.1766226841585148
0 0.7111269776462149 0.7971468717243242 0.05258971057599684 0.17956567363517095
0 0.8916366342620732 0.7936670140012257 0.05100902985783762 0.17634966837349922
0 0.9684237888348282 0.15616774302512543 0.05405221662612121 0.16246917889684287
0 0.9396190954272452 0.5783003482585624 0.04773858411256384 0.15116765785015537
0 0.9851981983775525 0.576305937777571 0.029603603244894926 0.16597361049510884