0 0.054218416046528786 0.7704210634281082 0.10843683209305757 0.0459397347764936
0 0.06999660117885301 0.8835477773237548 0.10357128121376698 0.044331782981095455
0 0.08833239981142546 0.9841744912194013 0.10242336939505617 0.030269282981095456
0 0.12771157226029578 0.32956880445111786 0.1086414184866706 0.04904655405833438
0 0.1418381030150208 0.40523187978308284 0.1117664184866706 0.049064734776493604
0 0.15915340664856312 0.4800955243968885 0.1086414184866706 0.04904655405833438
0 0.18512661997478436 0.6689171298812787 0.11176641848667054 0.049064734776493604
0 0.20309588572659987 0.8218648678792262 0.10682382697140155 0.045912463699254856
0 0.21344371223895947 0.8959881691088901 0.10864141848667061 0.04904655405833438
0 0.22776156163013628 0.9693074944408551 0.1053888727290361 0.04746587334017534
0 0.2740123584750326 0.25921942213395227 0.11345646424430508 0.0506363251355733
0 0.2988215555903963 0.41447000351604146 0.11176641848667064 0.049064734776493604
0 0.36789209617788315 0.9075836783804683 0.10682382697140155 0.045912463699254856
0 0.3742697708734716 0.9442478862259904 0.10357128121376694 0.044331782981095816
0 0.42358205271545835 0.3114490217646099 0.1117664184866705 0.049064734776493604
0 0.4463024624081373 0.4253251694034777 0.10682382697140155 0.045912463699254856
0 0.45327019740522784 0.502591651351301 0.10864141848667064 0.04904655405833438
0 0.4675244028555413 0.6149552959651067 0.105388872729036 0.04746587334017516
0 0.4814596149738145 0.6929621212970717 0.11176641848667046 0.049064734776493604
0 0.4853659939117684 0.7312024646812134 0.11151132697140156 0.04593973477649378
0 0.5215593590547607 0.9574468021134267 0.10864141848667046 0.04904655405833438
0 0.5480710960571968 0.0873933773471959 0.117888872729036 0.04753859621281209
0 0.5519774749951509 0.12563372073133763 0.117888872729036 0.04753859621281209
0 0.5590088539331047 0.1638558833973201 0.1181439642443051 0.05066359621281209
0 0.5635051642346068 0.20443543160192199 0.117888872729036 0.04753859621281207
0 0.5666302931725606 0.24268032016560354 0.12295901000193972 0.052253367290050964
0 0.7275199957479362 0.25189571800086313 0.1181439642443051 0.050663596212812044
0 0.7382027910465288 0.36974629333282805 0.11176641848667064 0.049064734776493604
0 0.7507030489224366 0.4461997090238727 0.11501896424430509 0.050645415494652825
0 0.7609233296771616 0.5218855102535367 0.1181439642443051 0.050663596212812224
0 0.7717971857362982 0.5608661970218202 0.11501896424430509 0.050645415494652825
0 0.785668753913708 0.6779173416356258 0.11996155575957416 0.05379768657189175
0 0.8123593154231582 0.8292525826586352 0.12295901000193972 0.05225336729005079
0 0.8156757629975638 0.8651537212223168 0.12295901000193972 0.05225336729005079
0 0.8455039475744057 0.031001435019767577 0.117888872729036 0.04753859621281209
0 0.8666618572670846 0.14488667301771505 0.11176641848667046 0.049064734776493604
0 0.9091856154328564 0.570999200243274 0.09158146424430527 0.05050906010845857