0 0.2690226508387492 0.9264341932111911 0.1259455573706944 0.04135222872636959
0 0.2636454730270826 0.8889705546475095 0.12282055737069442 0.04133404800821019
0 0.26304671419336734 0.8475733950065891 0.1259455573706944 0.04135222872636959
0 0.26326557295083264 0.804609190186129 0.1306330573706945 0.04137949980360815
0 0.262703181708298 0.7616495305452087 0.12598192496187507 0.04291472872636941
0 0.2621407904657633 0.7186898709042883 0.12598192496187507 0.04291472872636941
0 0.26161476681440915 0.6741677112633678 0.13074216014423615 0.04606699980360833
0 0.261088743163055 0.6296455516224475 0.130669424961875 0.042941999803608334
0 0.26519566812493006 0.5874398709042883 0.13059668977951394 0.03981699980360833
0 0.2732478235195136 0.40929214500658917 0.1339398953265972 0.04921018052176755
0 0.26959679986815943 0.364788166083828 0.13386716014423614 0.046085180521767556
0 0.43085050361229094 0.9208058410464506 0.11976829255305557 0.04444086729005079
0 0.4295802507624993 0.8411365217646101 0.12605466014423622 0.04603972872636959
0 0.4255493270348952 0.7122711783804683 0.1260546601442361 0.04603972872636959
0 0.42814830338354104 0.6677308380213886 0.1307421601442361 0.04606699980360816
0 0.4314739783454161 0.6255297024827692 0.13379442496187507 0.04296018052176755
0 0.4309843222852425 0.5794450428418487 0.1369921601442361 0.046103361239926775
0 0.43042193104270793 0.5364853832009284 0.1369921601442361 0.046103361239926775
0 0.5916633298846868 0.7909814647794093 0.11809668977951393 0.03974427693097127
0 0.5941895710509716 0.7495661244203297 0.12292966014423605 0.04602154800821019
0 0.5936635473996175 0.7050439647794093 0.1308148953265972 0.04919199980360815
0 0.6035730627859373 0.31285191959986947 0.14004442496187508 0.042996541958086
0 0.6002292040284718 0.3558343051384889 0.14324216014423605 0.04613972267624522
0 0.6007915952710066 0.3987939647794093 0.14629442496187509 0.043032903394404444
0 0.6013176189223607 0.4433161244203296 0.13386716014423605 0.046085180521767556
0 0.5987550101648955 0.4862939647794093 0.13386716014423605 0.046085180521767556
0 0.7482925767505547 0.9080229981532882 0.11504442496187509 0.042851096212812224
0 0.7515091489388881 0.8705093626146688 0.11497168977951411 0.03972609621281222
0 0.7509103901051729 0.8291122029737483 0.12605466014423605 0.04603972872636959
0 0.7593794663775688 0.7001741367169698 0.13074216014423623 0.04606699980360816
0 0.7661217352792702 0.6118656156397309 0.13379442496187507 0.04296018052176755
0 0.7655593440367356 0.5689059559988106 0.13699216014423604 0.0461033612399266
0 0.7603458203853815 0.524411067435129 0.1370648953265972 0.04922836123992678
0 0.7606010467340273 0.4798843626146688 0.14316942496187507 0.043014722676245044
0 0.7583878493550692 0.3064832240509873 0.12605466014423605 0.04603972872636941
0 0.7547186419081248 0.2627604951282262 0.12129442496187508 0.04288745764913058
0 0.7572448830744095 0.22134515476914657 0.12292966014423605 0.04602154800821019
0 0.7613699918318749 0.1783582240509873 0.11188305737069441 0.041270415494652865
0 0.759701655110243 0.017497282155935535 0.12278418977951393 0.03499456431187107
0 0.7626987153307291 0.054148564410066935 0.11809668977951393 0.03974427693097134