0 0.0859375 0.27109375 0.034375 0.121875
0 0.1234375 0.2671875 0.034375 0.11875
0 0.1640625 0.2671875 0.034375 0.121875
0 0.20625 0.2671875 0.034375 0.125
0 0.2484375 0.2671875 0.0375 0.121875
0 0.290625 0.2671875 0.0375 0.121875
0 0.334375 0.2671875 0.0390625 0.125
0 0.378125 0.2671875 0.0375 0.125
0 0.4203125 0.27109375 0.034375 0.125
0 0.5953125 0.28125 0.0421875 0.128125
0 0.6390625 0.278125 0.0390625 0.128125
0 0.084375 0.43046875 0.0375 0.115625
0 0.1640625 0.43046875 0.0390625 0.121875
0 0.290625 0.42734375 0.0390625 0.121875
0 0.334375 0.43046875 0.0390625 0.125
0 0.3765625 0.434375 0.0375 0.128125
0 0.421875 0.434375 0.0390625 0.13125
0 0.4640625 0.434375 0.0390625 0.13125
0 0.20625 0.590625 0.034375 0.1140625
0 0.246875 0.59375 0.040625 0.11875
0 0.290625 0.59375 0.0421875 0.125
0 0.6765625 0.6078125 0.0359375 0.1359375
0 0.634375 0.60390625 0.040625 0.1390625
0 0.5921875 0.60390625 0.0359375 0.1421875
0 0.5484375 0.60390625 0.040625 0.128125
0 0.50625 0.60078125 0.0390625 0.128125
0 0.084375 0.74296875 0.0375 0.1109375
0 0.121875 0.746875 0.034375 0.1109375
0 0.1625 0.746875 0.040625 0.121875
0 0.2890625 0.75703125 0.0390625 0.125
0 0.3765625 0.7640625 0.0359375 0.128125
0 0.41875 0.7640625 0.0390625 0.1328125
0 0.4625 0.76015625 0.0421875 0.1328125
0 0.50625 0.76015625 0.0375 0.1390625
0 0.6765625 0.76015625 0.0390625 0.121875
0 0.7203125 0.75703125 0.0359375 0.1171875
0 0.7609375 0.76015625 0.0390625 0.11875
0 0.803125 0.7640625 0.0375 0.1078125
0 0.9640625 0.7640625 0.0328125 0.11875
0 0.925 0.7671875 0.034375 0.1140625