0 0.92825509375 0.4212266984375 0.9076039890625 0.35113784375 0.8254929609375001 0.353521234375 0.84193435 0.4208476796875 0.92825509375 0.4212266984375
0 0.8177628234375 0.41525964374999996 0.7937427953125 0.35106199375 0.7117086718750001 0.3607933578125 0.7245812625 0.4254965546875 0.8177628234375 0.41525964374999996
0 0.710536715625 0.42822229375000004 0.694083609375 0.35678573125 0.6100999687499999 0.359181284375 0.619603646875 0.43271743125000006 0.710536715625 0.42822229375000004
0 0.505996875 0.361329090625 0.5019508765625 0.43230006718749997 0.5906662593750001 0.43530916875000003 0.5870743546875 0.36482265156250004 0.505996875 0.361329090625
0 0.46911109218749997 0.4346945 0.46662662812500005 0.363065390625 0.38037039375 0.3629414484375 0.37811650625 0.43566467812500004 0.46911109218749997 0.4346945
0 0.341074684375 0.4327955484375 0.346191140625 0.36046215 0.2629712140625 0.3649465953125 0.2518721625 0.43551795625 0.341074684375 0.4327955484375
0 0.22244738437499997 0.43172316562499996 0.2369003484375 0.365503521875 0.15260961875 0.36647012968750003 0.1314527984375 0.43269334375 0.22244738437499997 0.43172316562499996
0 0.9960914828125 0.5228259390625001 0.9561854359374999 0.4428180609375 0.86496343125 0.44470948281249995 0.896305603125 0.524728559375 0.9960914828125 0.5228259390625001
0 0.8342242703125 0.43691964062500005 0.740472615625 0.4466458953125 0.768925365625 0.5293257859375 0.86919071875 0.521250990625 0.8342242703125 0.43691964062500005
0 0.7353831359375 0.52511429375 0.7140001828125 0.44643004218750004 0.6236989421875 0.45085073593749997 0.6368406671875 0.530975759375 0.7353831359375 0.52511429375
0 0.5974350109375 0.527239015625 0.59368000625 0.45043424375 0.504051228125 0.45859765625 0.5012871343749999 0.535730525 0.5974350109375 0.527239015625
0 0.46703472343749997 0.5244724796875 0.47100404687499997 0.4456413375 0.38186282031249996 0.455342659375 0.3720687875 0.5333977734375 0.46703472343749997 0.5244724796875
0 0.2413716609375 0.533055053125 0.3371015609375 0.5342606578125 0.3476933453125 0.4497028046875 0.2540474734375 0.45189849375 0.2413716609375 0.533055053125
0 0.200894296875 0.534505103125 0.21794315625 0.45702607031250003 0.12384204375 0.4595993625 0.09699865468749999 0.5364316890625 0.200894296875 0.534505103125
0 1 0.5652983953125 0.918878546875 0.5636967734375 0.9438221062500001 0.6603427374999999 1 0.66240078125 1 0.5652983953125
0 0.9055816921875 0.6584503578125 0.8698295328125001 0.56341603125 0.76931656875 0.5635099968749999 0.7970696968750001 0.6596107140624999 0.9055816921875 0.6584503578125
0 0.757681209375 0.66407121875 0.7376794265625 0.5641850140625 0.63476821875 0.5669375 0.644931840625 0.6647273078125 0.757681209375 0.66407121875
0 0.6028378359375 0.666961940625 0.5923835125 0.568996203125 0.4898550859375 0.5734728328124999 0.49225791250000006 0.6707788781249999 0.6028378359375 0.666961940625
0 0.45440253437499994 0.67536330625 0.4628879421875 0.57041069375 0.3603445890625 0.575945978125 0.3466136171875 0.6775772265625 0.45440253437499994 0.67536330625
0 0.302255503125 0.6799510078125001 0.32028116406249996 0.5778500421875 0.21954637031250002 0.5846989812500001 0.1902753578125 0.68430501875 0.302255503125 0.6799510078125001
0 0.1750851953125 0.6841240046875 0.189950728125 0.5819131953125 0.081759665625 0.5862892109375 0.05820920625 0.690622165625 0.1750851953125 0.6841240046875
0 0.987224884375 0.8256195500000001 0.9506721515625 0.702406446875 0.829339378125 0.7033014843750001 0.861754271875 0.8242340031250001 0.987224884375 0.8256195500000001
0 0.7061115109375 0.8304288234375001 0.8378780859375 0.829133165625 0.8053616671875 0.7023831796875 0.6898304703125 0.7051711203125001 0.7061115109375 0.8304288234375001
0 0.6744561250000001 0.8337864984375001 0.6511780468749999 0.7067930125 0.5397975109375001 0.7097465390625 0.5448497171875 0.83771415 0.6744561250000001 0.8337864984375001
0 0.510997196875 0.8363244234374999 0.50581293125 0.70763889375 0.3903491328125 0.7074427109375 0.3798984328125 0.8355005328124999 0.510997196875 0.8363244234374999
0 0.3403694296875 0.8443244421875 0.36751888906249996 0.7097655328125 0.251367521875 0.7115562062499999 0.21348024375 0.8424182468750001 0.3403694296875 0.8443244421875