0 0.08600024137518619 0.3045482371484187 0.043016160610762834 0.1263370069200822
0 0.1265614684963689 0.30211164524736456 0.04875597758022465 0.12034167490485981
0 0.1680314913751862 0.30120571984821315 0.04483375212603189 0.12952567391627667
0 0.21471517273873442 0.29695195996238144 0.052391160610762835 0.12671900889724858
0 0.2950563769810999 0.29211060965837027 0.058099026671839124 0.1394100098858317
0 0.3830027871328207 0.29401400787148435 0.052518706368397436 0.12828150889724857
0 0.4313765142540035 0.29125908098945824 0.04939370636839726 0.1281541749048598
0 0.5561851956175516 0.2838219712939069 0.04652379788366652 0.13115184091247106
0 0.7303561481929272 0.26653501772013505 0.05548420970237729 0.14553267589344293
0 0.28802564273291537 0.1387627751716899 0.04563097758022465 0.120214340912471
0 0.19982414106592544 0.13373437695857582 0.0456309775802247 0.120214340912471
0 0.2427131427329154 0.14060911806132725 0.04926616061076281 0.12659167490485976
0 0.32968698424818443 0.14020059977253854 0.044068477580224655 0.12015067391627658
0 0.3720658028846363 0.14082534087528994 0.04939370636839744 0.12815417490485975
0 0.41640573424818444 0.13666708148374979 0.04926616061076281 0.1265916749048598
0 0.4563930054600117 0.1271992395826956 0.04432356909549391 0.12327567391627658
0 0.4998719384905499 0.13169839718734985 0.04614116061076281 0.126464340912471
0 0.542394278338829 0.12447880479200409 0.04639625212603189 0.129589340912471
0 0.8408477537930219 0.10291157502077812 0.04875597758022465 0.12034167490485981
0 0.8811538893989355 0.09734998311972394 0.05290134364130097 0.13296900889724855
0 0.8167560337988409 0.2590952494313463 0.05290134364130097 0.13296900889724855
0 0.77482362531411 0.2639392583285949 0.04872402667183913 0.13902800790866543
0 0.8606973524352928 0.25965632353790336 0.05561175546001209 0.14709517589344295
0 0.9056909880412063 0.253903730648266 0.05497402667183913 0.13928267589344295
0 0.9485321922835718 0.25059038825292024 0.04563097758022465 0.12021434091247103
0 0.1348198628962743 0.4608963962359477 0.048979118187108206 0.1421530079086654
0 0.18077009168444694 0.4668625533463103 0.05248675546001182 0.1469678419010542
0 0.22432877304799512 0.4627361274528674 0.05535666394474274 0.14397017589344294
0 0.35266106713863976 0.45045235026683017 0.04939370636839735 0.1281541749048598
0 0.44212217986573615 0.4421039979856526 0.051880977580224655 0.12046900889724857
0 0.6162133841081016 0.43344262790997795 0.04496129788366652 0.13108817391627667
0 0.8351547027445534 0.42687299844276316 0.04690643515656987 0.13583934091247105
0 0.9229257697140152 0.41702581315778 0.051849026671839125 0.1391553419010542
0 0.23759353184198684 0.6252361274528674 0.04952125212603189 0.1297166749048598
0 0.2789997818419868 0.6235489520537161 0.049648797883666426 0.1312791749048598
0 0.36852466744790047 0.6159818497725384 0.052359209702377285 0.1454053419010542
0 0.7235470072961796 0.5960288581383144 0.05003143515657005 0.1359666749048598
0 0.8572205056291896 0.5819597464655968 0.058099026671839124 0.1394100098858317
0 0.9482281429020933 0.582954560686322 0.051849026671839125 0.1391553419010542
0 0.11426708639361302 0.7948694896198767 0.0456309775802247 0.12021434091247088
0 0.15736338215124754 0.794681147224531 0.04301616061076281 0.12633700692008212
0 0.19935956351479575 0.7906183883272823 0.05210411818710816 0.14228034190105418
0 0.24642588215124756 0.7910521284414506 0.05315643515657005 0.13609400889724874
0 0.42566697199952663 0.7782616738790955 0.05003143515657005 0.1359666749048598
0 0.47260574487834395 0.7771329139932638 0.058099026671839124 0.1394100098858317
0 0.5211070177571612 0.7759404871112376 0.05223166394474284 0.14384284190105417
0 0.7401280847266231 0.7607452741459257 0.05277379788366652 0.1314065088972484
0 0.7860942889689886 0.7573045977581911 0.05315643515656987 0.13609400889724874
0 0.969815584726623 0.7513862257053502 0.05248675546001173 0.1469678419010542
0 0.16407525200534567 0.9441227317112112 0.047608065761513885 0.10627917490485998
0 0.25313775200534566 0.940493712928131 0.047608065761513885 0.10627917490485964
0 0.3461862503383557 0.9280799431564674 0.055261069095493734 0.1237213428896375
0 0.5756664562477111 0.925783978213989 0.050860611519148335 0.10796900889724839
0 0.6216326604900766 0.9223433018262547 0.05111570303441759 0.11109400889724838
0 0.6683801147324421 0.9188707919404226 0.05124324879205204 0.11265650889724839
0 0.8072512960959903 0.9108606792791221 0.05124324879205204 0.11265650889724839