0 0.988833053840602 0.10511395346641025 0.01673119665368965 0.14256944591631598
0 0.9129708907987404 0.09060007488062219 0.058982363649884205 0.1456051658792491
0 0.8688216427759066 0.08278014039705159 0.057419863649884204 0.14555060217691823
0 0.6764723166921833 0.06005327936168571 0.05522069368794007 0.12010655872337142
0 0.6306014011788637 0.05774673489664854 0.056719526691745695 0.11549346979329708
0 0.5824185691636412 0.0550632063571941 0.05509335969555131 0.1101264127143882
0 0.53488965315603 0.05512769374332236 0.05678319368794007 0.11025538748664472
0 0.48404473615983556 0.05763141760852962 0.06316052768032883 0.11526283521705924
0 0.38992732163509913 0.04913936052962072 0.06389535672980173 0.09827872105924144
0 0.3384603221293907 0.047695911618079845 0.0637043557412186 0.09539182323615969
0 0.29105874011416827 0.042209803450711826 0.05538251977166349 0.08441960690142365
0 0.24252573961987664 0.04542657268800552 0.05869852076024671 0.09085314537601104
0 0.06275732657801497 0.03126735816736802 0.043235346843970054 0.06253471633473603
0 0.97232735026683 0.28044133568039536 0.03548119665368965 0.14322421034428617
0 0.7472610246773984 0.2516343225183695 0.06255303262324467 0.15665179328391082
0 0.6516766106469534 0.2424899902117171 0.06580536661563344 0.15988592068857255
0 0.6044341961222169 0.23399793313280823 0.06223469764227278 0.14883929328391082
0 0.5539076141069945 0.22952125345856106 0.0609268656270503 0.1550347295815799
0 0.45695170106513283 0.21574398485423957 0.06392453163466172 0.15201885698624162
0 0.36152645452517396 0.2026934025475872 0.058727695665106515 0.1393551658792491
0 0.2636937909890207 0.19128716579443109 0.05942803262324477 0.1565426658792491
0 0.9422181086326059 0.636455722703704 0.052987031634661716 0.1516369110699257
0 0.8994403596211893 0.6332687245178026 0.057547197642272604 0.14867560217691816
0 0.7017031965793276 0.6230108147138212 0.06650570357377177 0.17707342068857237
0 0.6531211165412715 0.6091045713372432 0.06899403361182799 0.16155754809323425
0 0.6004099520165349 0.6008034872164922 0.07125687056996632 0.17879961179556503
0 0.5521316195070209 0.5985887119887489 0.06443386760421674 0.1645188569862416
0 0.4511421224727705 0.5880728526402544 0.06405186562705048 0.1551438569862416
0 0.15311579935479663 0.5501115834877787 0.06360619665368965 0.1442063569862416
0 0.10196713483006017 0.5417559356646969 0.06248936562705039 0.15508929328391083
0 0.054565552814837735 0.5371701285857882 0.06392453163466158 0.1520188569862416
0 0.01814386904991043 0.53263888520921 0.03628773809982086 0.16597222958158006
0 0.7080553783670884 0.9457662684346854 0.053854511862997965 0.058050602176918174
0 0.6549940453632829 0.9460589343139347 0.05398184585538672 0.06117560217691818
0 0.5008477148309353 0.9381794908446892 0.061314184790691506 0.08795635698624196
0 0.39882229981190714 0.9339409133473604 0.06338602076024671 0.10051092068857237
0 0.34507521730239316 0.9319171110777749 0.052257519771663485 0.09544147477225665
0 0.2971152197738511 0.9218898358500315 0.059080522737412974 0.1097222295815797
0 0.2416464697738511 0.923826847282777 0.057008686767857863 0.09716766587924894
0 0.1921558057434062 0.9130728857573642 0.06233285672980182 0.1129563569862416
0 0.08853605722628097 0.9096701219623661 0.05570085475263546 0.10336310217691817
0 0.03588855969773892 0.8998065378416152 0.05621019072219058 0.11586310217691817
0 0.008591161027514298 0.8983184489115409 0.017182322055028596 0.11273810217691818