0 0.14921875 0.1 0.0375 0.125
0 0.22890625 0.0953125 0.034375 0.121875
0 0.26953125 0.09296875 0.0359375 0.1234375
0 0.3109375 0.090625 0.0375 0.1234375
0 0.14453125 0.253125 0.0359375 0.128125
0 0.184375 0.2546875 0.0359375 0.1359375
0 0.31015625 0.24140625 0.0375 0.125
0 0.3515625 0.24140625 0.034375 0.125
0 0.3921875 0.24375 0.0390625 0.125
0 0.4359375 0.24765625 0.0359375 0.128125
0 0.47734375 0.2453125 0.0375 0.1328125
0 0.56171875 0.23984375 0.040625 0.125
0 0.64453125 0.240625 0.0359375 0.1296875
0 0.6875 0.240625 0.0359375 0.11875
0 0.73125 0.24453125 0.0390625 0.1265625
0 0.81015625 0.24765625 0.0390625 0.121875
0 0.85234375 0.25078125 0.034375 0.1390625
0 0.89296875 0.2421875 0.0328125 0.1328125
0 0.18046875 0.4 0.0375 0.1265625
0 0.221875 0.39765625 0.0328125 0.121875
0 0.13046875 0.7234375 0.0328125 0.128125
0 0.25703125 0.88515625 0.0359375 0.1359375
0 0.3015625 0.88359375 0.0390625 0.1375
0 0.39140625 0.8796875 0.0421875 0.153125
0 0.43671875 0.87890625 0.0390625 0.1453125
0 0.4796875 0.8796875 0.0390625 0.146875
0 0.565625 0.87421875 0.04375 0.146875
0 0.6109375 0.87421875 0.040625 0.146875
0 0.65234375 0.8765625 0.0375 0.1515625
0 0.69765625 0.87734375 0.0484375 0.1546875
0 0.74296875 0.87734375 0.0359375 0.1359375
0 0.7859375 0.8765625 0.0390625 0.134375
0 0.8265625 0.87578125 0.040625 0.1390625