0 0.1421875 0.09296875 0.0328125 0.1171875
0 0.2265625 0.09375 0.03125 0.1203125
0 0.31328125 0.08828125 0.034375 0.1265625
0 0.3578125 0.09296875 0.0328125 0.1171875
0 0.4 0.090625 0.034375 0.1140625
0 0.4453125 0.08828125 0.0359375 0.1203125
0 0.48671875 0.0890625 0.0328125 0.1203125
0 0.575 0.09140625 0.0359375 0.11875
0 0.61875 0.090625 0.0328125 0.1125
0 0.66171875 0.09296875 0.0359375 0.1109375
0 0.70390625 0.090625 0.0359375 0.1171875
0 0.74921875 0.09296875 0.03125 0.11875
0 0.790625 0.09453125 0.034375 0.1203125
0 0.8765625 0.1 0.034375 0.1203125
0 0.9171875 0.10078125 0.0359375 0.11875
0 0.95859375 0.096875 0.0328125 0.121875
0 0.1328125 0.25234375 0.034375 0.1234375
0 0.1265625 0.40703125 0.034375 0.128125
0 0.21875 0.24453125 0.034375 0.1265625
0 0.39765625 0.2421875 0.0328125 0.1234375
0 0.4421875 0.24296875 0.03125 0.11875
0 0.4859375 0.24375 0.0328125 0.13125
0 0.53125 0.24609375 0.0375 0.1328125
0 0.215625 0.40234375 0.0359375 0.1375
0 0.25625 0.40078125 0.0359375 0.134375
0 0.30390625 0.40234375 0.0359375 0.1296875
0 0.48671875 0.4015625 0.0359375 0.1234375
0 0.534375 0.40703125 0.0359375 0.128125
0 0.5765625 0.403125 0.0359375 0.13125
0 0.61953125 0.403125 0.034375 0.13125
0 0.24609375 0.7375 0.0375 0.1296875
0 0.340625 0.73515625 0.0421875 0.1328125
0 0.38984375 0.73671875 0.0390625 0.1390625
0 0.48515625 0.73515625 0.0375 0.14375
0 0.5328125 0.73984375 0.034375 0.134375
0 0.578125 0.7375 0.0421875 0.14375
0 0.05625 0.92578125 0.0390625 0.1359375
0 0.10078125 0.92578125 0.0359375 0.1359375
0 0.815625 0.73984375 0.0375 0.1234375
0 0.8625 0.73984375 0.0390625 0.134375
0 0.953125 0.74296875 0.0421875 0.1375