0 0.0819699453125 0.75827309375 0.10099579218750002 0.85875541875 0.2153177484375 0.8713879625000001 0.20175611875000002 0.7755240624999999 0.0819699453125 0.75827309375
0 0.2345443484375 0.7879007296875 0.2590578421875 0.8809264890625 0.374284084375 0.8834293515624999 0.3653160359375 0.791868096875 0.2345443484375 0.7879007296875
0 0.38518900624999997 0.7908378859375 0.39820137031249997 0.8923618 0.515124734375 0.9053405203124999 0.51204909375 0.802273265625 0.38518900624999997 0.7908378859375
0 0.65994566875 0.9225594875 0.6753279671875 0.825649259375 0.5525792234375 0.8043137953124999 0.5478672171875 0.9020373906250001 0.65994566875 0.9225594875
0 0.7212486140625 0.82871768125 0.7148419406250001 0.927799478125 0.8345736578125 0.9446868187499999 0.847709084375 0.8450172328125 0.7212486140625 0.82871768125
0 0.994966975 0.8666350859374999 0.8987391421875 0.856145521875 0.8816832734375 0.9547237171875 0.9869885375 0.9637494359375 0.994966975 0.8666350859374999
0 0.1730683203125 0.7382142390624999 0.1405665140625 0.6219906046875 0.0247758078125 0.6080418703125 0.027439753125 0.6734197749999999 0.046165370312499995 0.7231387453125 0.1730683203125 0.7382142390624999
0 0.21467138125 0.754894609375 0.3461642640625 0.7596754031249999 0.3180399296875 0.640349034375 0.17773137187500002 0.6320325671875 0.21467138125 0.754894609375
0 0.36402683125 0.6526469078125 0.382886009375 0.7651029703125001 0.5088586890625 0.776518375 0.501638978125 0.6636762093749999 0.36402683125 0.6526469078125
0 0.55583134375 0.6764569234375 0.5504764062499999 0.7829094578125 0.67603049375 0.7890425375000001 0.6904809828125 0.6834017859375 0.55583134375 0.6764569234375
0 0.7364842484375 0.705537153125 0.7201268749999999 0.8132820703125001 0.8452157078125 0.8172036671875 0.8695527000000001 0.7116558296875 0.7364842484375 0.705537153125
0 1 0.7296984875 0.91821611875 0.7172447953125001 0.8918768734375 0.8315892984375 0.9968451249999999 0.8437740484375 1 0.8053725703125 1 0.7296984875
0 0.0932596515625 0.4261034875 0.0236949859375 0.41382088906250003 0.0191273453125 0.46941869062499997 0.022380971875 0.5492684031249999 0.11459053906250001 0.5639746156250001 0.0932596515625 0.4261034875
0 0.14608809843749998 0.43611953437500006 0.182646225 0.5738669203125 0.322200415625 0.5932173015625 0.2968940015625 0.4555522234375 0.14608809843749998 0.43611953437500006
0 0.3521904359375 0.457045775 0.3662148578125 0.5984194890625 0.5094643078125001 0.6145750984375 0.5088096625 0.47799382343749997 0.3521904359375 0.457045775
0 0.5675558734374999 0.4830757140625 0.5685898875000001 0.6199555015625 0.7115451625 0.633663575 0.721598196875 0.49925228437499997 0.5675558734374999 0.4830757140625
0 0.7747832781249999 0.50027813125 0.748562071875 0.6431050484374999 0.8916837359375 0.655358734375 0.9247303062500001 0.5181204109374999 0.7747832781249999 0.50027813125
0 1 0.5247944453125 0.9866389078125 0.52344955 0.9475654234374999 0.6605021328125 1 0.6642617375000001 1 0.5247944453125
0 0.0557452765625 0.19018183125000002 0.0895375625 0.3668735703125 0.25810593593750003 0.3891561875 0.22974437499999997 0.2164056890625 0.0557452765625 0.19018183125000002
0 0.44667422500000004 0.23804233125000002 0.263565575 0.21428907812500003 0.29126762500000003 0.395067225 0.45204217187499995 0.41361982499999994 0.44667422500000004 0.23804233125000002
0 0.49108311562500007 0.2395552734375 0.5059261562499999 0.418878184375 0.6609611625 0.4363984375 0.6715549734375 0.25926683281249996 0.49108311562500007 0.2395552734375
0 0.7183609109375 0.2677405703125 0.70785165 0.4458860109375 0.8681220281250001 0.4685333140625 0.9002508046875001 0.2942820421875 0.7183609109375 0.2677405703125
0 1 0.29655125937500004 0.9563426953124999 0.2897964234375 0.9001366640624999 0.469760428125 1 0.4821557140625 1 0.29655125937500004