0 0.9294294511041574 0.8184239338539664 0.06343256134007831 0.1619466209411627
0 0.5217607948435553 0.8661400539810549 0.06499506134007813 0.1619738944801128
0 0.28575880745742704 0.894463471593081 0.06995537985173242 0.16986821509696384
0 0.1055256704341185 0.91322492857237 0.06655756134007813 0.16200116801906325
0 0.7986779920258157 0.6052126420510715 0.06893851687504107 0.1854659415580137
0 0.32958076244423573 0.6680549301972232 0.0715178798517325 0.1698954886359143
0 0.2745658802302506 0.678384504060485 0.06499506134007813 0.16197389448011296
0 0.21265615727209258 0.6849305588490234 0.06699407095872498 0.17450116801906326
0 0.49881194519852573 0.4277457556853381 0.06337799763774718 0.16038412094116264
0 0.2597940852170592 0.45299872037526495 0.0668303798517325 0.16981366801906325
0 0.1412796981937507 0.47068287256601565 0.0651587524470707 0.16666139448011297
0 0.028671848506312166 0.4774158879872911 0.05734369701262433 0.16981366801906325
0 0.02261655526481036 0.26048748660731935 0.04523311052962072 0.16027502678536126
0 0.7677678533580445 0.021647534499294255 0.05508929328391084 0.04329506899858851
0 0.4766517800370669 0.03826011039115104 0.05919643992586625 0.07652022078230208
0 0.4179216207812398 0.040710977476994745 0.05607143992586625 0.08142195495398949