0 0.9533779627199674 0.8891107418327773 0.060813131037096825 0.10682979333702498
0 0.8461421242401652 0.8889383659837558 0.06278480799670091 0.12099242288667433
0 0.6347499831739386 0.8868308551864141 0.06369409012915472 0.15224242288667433
0 0.3643549151481076 0.8744157025009219 0.07352373119538154 0.1684682001845701
0 0.3071190766683055 0.8710391810631222 0.06727373119538153 0.1680676819859727
0 0.2506644881885035 0.8676125948504978 0.0703078029821361 0.16514294108527147
0 0.9168541263517364 0.7098633328257636 0.06543844655564542 0.1585925524363235
0 0.8666722699252457 0.706817478414542 0.07030780298213628 0.1651429410852714
0 0.699674986539151 0.6971687754521947 0.07481344655564541 0.15919332973421946
0 0.4359701877136498 0.6725842897932806 0.07361465940862696 0.17159320018457008
0 0.32919735048748894 0.6614243491694344 0.07048965940862688 0.1713929410852714
0 0.9383102745440993 0.5057673157069006 0.07030780298213628 0.1651429410852714
0 0.8811880963308539 0.5062970442691007 0.06709187476889085 0.16181768198597285
0 0.7220487770513817 0.4977101935585068 0.06543844655564542 0.1585925524363235
0 0.6198270475053528 0.4815623642857127 0.0703078029821361 0.16514294108527156
0 0.45742633590601256 0.4684882726744174 0.06727373119538153 0.16806768198597286
0 0.9537892073761981 0.3114468167866347 0.06543844655564542 0.1585925524363235
0 0.5826667136444043 0.28043995527869914 0.06718280298213627 0.16494268198597287
0 0.3689619148189032 0.2526513240310068 0.06883623119538154 0.16816781153562219
0 0.2575243096460537 0.24257302205610864 0.0703078029821362 0.16514294108527147
0 0.14604124036658156 0.23093222008121042 0.07352373119538154 0.16846820018457018
0 0.09248433135366607 0.21949287476928733 0.0702168747688908 0.16201794108527148
0 0.812290714502334 0.10213927283130098 0.06874530298213628 0.16504281153562217
0 0.44234427586424746 0.06696115399593894 0.06525659012915472 0.13392230799187788
0 0.3897959373844454 0.06512269895256506 0.06525659012915472 0.13024539790513012