0 0.9270208042357773 0.18759536125278817 0.053773520849682656 0.13172484387822053
0 0.8366769490629279 0.16674700897161068 0.053773520849682656 0.13172484387822053
0 0.7882167170096166 0.16399208208958452 0.053682592636437224 0.12859984387822054
0 0.7426314323698804 0.15277073919994716 0.06172241316955045 0.1367306788591925
0 0.6957564323698804 0.15086072931411543 0.058824733702664035 0.14441584486680373
0 0.6025148977301444 0.13769754304054915 0.05524509263643722 0.1286635108744149
0 0.8820756802583094 0.3324648508726648 0.06208612602253183 0.14923067885919253
0 0.5936891301791671 0.2902813735728968 0.05547241316955045 0.1364760108744149
0 0.5435300058059878 0.2827752796946763 0.06208612602253201 0.14923067885919253
0 0.4934845416993651 0.27917543581645576 0.05868834138279588 0.13972834486680377
0 0.44950722116625164 0.26958025992301277 0.0571713054894186 0.1412271778706093
0 0.40316341857982696 0.25910833353527823 0.05896112602253201 0.14910334486680374
0 0.9696990153728994 0.5279948681728704 0.05739862602253183 0.1490396778706092
0 0.7759119114536909 0.4920069941428631 0.06208612602253201 0.14923067885919253
0 0.6763749127073322 0.4770266398845192 0.06172241316955045 0.13673067885919252
0 0.5777555562808414 0.46676561912427256 0.06075094655564541 0.15697951186299802
0 0.5315254139609734 0.46019994273653797 0.05427362602253201 0.14891234387822044
0 0.48373277164110534 0.453570599352609 0.059052054235777265 0.15222834486680373
0 0.4352498075344827 0.4500344224705829 0.06387594655564541 0.1571068458553869
0 0.23677520361527443 0.4138555474519924 0.0638304824490227 0.1555443458553869
0 0.18817857924209505 0.40641312056996626 0.05896112602253201 0.14910334486680377
0 0.13914168566858576 0.41065761018984287 0.06718280298213615 0.16348417984777566
0 0.7727283901417901 0.677594325663794 0.057625946555645416 0.1568521778706092
0 0.669194213182186 0.6593298039149641 0.05932483887551356 0.16160334486680378
0 0.6192624093421198 0.6596362100367436 0.06373955423577726 0.1524193458553869
0 0.5186259118494023 0.6336865222803025 0.05896112602253201 0.14910334486680377
0 0.4685804477427796 0.6300866784020819 0.058824733702664035 0.14441584486680376
0 0.42009748363615695 0.6265505015200559 0.05450094655564541 0.15672484387822044
0 0.22017403998350543 0.5942142095052709 0.06208612602253201 0.14923067885919253
0 0.16767116561032602 0.5866126151327589 0.06208612602253201 0.14923067885919253
0 0.07293532713052397 0.5757295118629981 0.06088733887551347 0.16166701186299798
0 0.9600023842692952 0.8920109472223434 0.0571713054894186 0.1412271778706092
0 0.9144398316828706 0.8815708543327059 0.06208612602253183 0.14923067885919253
0 0.7106783341901529 0.8514191448274351 0.06575669530200426 0.16810801285158128
0 0.6106328700835302 0.845781957070994 0.05896112602253219 0.14910334486680377
0 0.5594424431239261 0.8296502796946763 0.06387594655564541 0.15710684585538673
0 0.5039282290173034 0.8258276013297754 0.06575669530200408 0.16810801285158128
0 0.40326899947127454 0.7990966635733343 0.06088733887551352 0.16166701186299798
0 0.30476330331134055 0.7927418928130876 0.06718280298213619 0.16348417984777583
0 0.2537092686716044 0.78129771543677 0.05905205423577744 0.15222834486680376
0 0.1996438942984251 0.7736324540680635 0.05896112602253201 0.14910334486680377
0 0.1495984301918024 0.7700326101898429 0.06387594655564541 0.1571068458553869
0 0.09799046608517972 0.766369099315428 0.06387594655564544 0.1571068458553871
0 0.9574349769057324 0.9989003453982764 0.04957410266556721 0.0021993092034470864
0 0.8095968704792416 0.9896579965771399 0.048375315518548324 0.020684006845720047
0 0.760469048692487 0.9917961581361269 0.04663095909205772 0.016407683727746303
0 0.7095286743193077 0.9851814022046279 0.05788670783841656 0.02963719559074427
0 0.6555087640527509 0.9801928132693231 0.05655152837152997 0.03961437346135384
0 0.4434944973597036 0.967676249277153 0.056915241224511345 0.06464750144569394
0 0.39023310503983544 0.9650791605889942 0.052136813011266006 0.06984167882201149
0 0.3359404101335427 0.9524179817483922 0.05727895407749291 0.09129084486680342
0 0.2874119819202973 0.9473193048663662 0.05250052586424747 0.08797484387822045
0 0.12999428701400456 0.9276395217488298 0.050710705331134066 0.08009867688202625