0 0.8792740255198093 0.0359031125477782 0.13707487012586875 0.05779541335136281
0 0.8934675026992924 0.07874459321296008 0.12433807178554268 0.054524962682999244
0 0.9384790996922945 0.2987025572088239 0.12304180061541103 0.05299882535009015
0 0.9417287878671174 0.3423980132081875 0.11654242426576503 0.05147268801718106
0 0.9476832512493999 0.38840085654046036 0.10463349750120017 0.05614200668363552
0 0.9556267284288829 0.4750196092059604 0.08874654314223421 0.05768632535009015
0 0.9723774431608115 0.6069144992043696 0.055245113678376964 0.055851105346908445
0 0.9805577186806207 0.6959224552037332 0.03888456263875852 0.04949201734563573
0 0.9859439583076586 0.7365020018698696 0.02811208338468276 0.05252611067790856
0 0.9828548471048594 0.781869045870506 0.03429030579028129 0.05888519867918127
0 0.7281142672214395 0.053300792568459064 0.14801237012586893 0.05792268268618093
0 0.7504288203356503 0.1414002292330046 0.15390717261537984 0.05330790802036271
0 0.7589759487598889 0.18196159456559555 0.1400814709557059 0.05626927601845368
0 0.7626463230349427 0.23039909456559554 0.14656826929603195 0.059467001352635496
0 0.7723298989696704 0.2756388692314138 0.14019987012586893 0.057831776018453684
0 0.7859197249043981 0.3208331905633684 0.1400814709557059 0.05626927601845368
0 0.8244764298880642 0.49944853922664123 0.13082487012586874 0.057722688017181056
0 0.8373442054078735 0.5454332012253686 0.12746307178554267 0.05456132535009015
0 0.8478682309276827 0.5914451352244141 0.13719326929603176 0.05935791335136287
0 0.8621209076922474 0.6350678658895961 0.13828217261537964 0.053126094684908406
0 0.8950904635057505 0.8121843492202778 0.12566377344521698 0.05141814401654452
0 0.9043004427598262 0.8511741238860961 0.12890717261538 0.053017006683635515
0 0.5546525338181789 0.027241836966910616 0.13418666846619481 0.05448367393382123
0 0.590616112452199 0.15811665658818544 0.13828217261537984 0.05312609468490823
0 0.5913390854824974 0.20893426925527633 0.15606166846619499 0.061138589353908125
0 0.6137128381817897 0.2978149559198219 0.14656826929603178 0.059467001352635405
0 0.6242960632866804 0.34460813991886735 0.14644987012586874 0.057904501352635494
0 0.6410108892214081 0.3897660985837311 0.14656826929603178 0.059467001352635496
0 0.6505760659859728 0.43344337324954924 0.14019987012586874 0.057831776018453594
0 0.6700024174405097 0.5247041725811858 0.1369564709557059 0.056232913351362865
0 0.6775790417155634 0.5730962192473221 0.13743006763635784 0.06248291335136287
0 0.709695569934665 0.7079979305776859 0.14488737012586875 0.05788632001909004
0 0.7299031713892019 0.7992496392425495 0.13215057178554285 0.0546158693507266
0 0.739409148568685 0.842145663908368 0.14680506763635784 0.0625920013526354
0 0.7535560041724068 0.9256485072406406 0.13527557178554267 0.054652232017817326
0 0.3974329522843739 0.0852984166136388 0.1532918659766839 0.06578972668681726
0 0.4239497533239923 0.17725864994432075 0.14981166846619484 0.06106586401972636
0 0.431407978428883 0.22408819661045715 0.14692346680652105 0.06415450135263549
0 0.4723559776036904 0.4136228639401846 0.1561800676363579 0.06270108935390813
0 0.4949665286433088 0.5056285506047301 0.14656826929603195 0.059467001352635405
0 0.5493267549975994 0.7380137892664121 0.14488737012586891 0.05788632001909004
0 0.2170583680512764 0.057683588637819506 0.14777557178554285 0.054797682686180925
0 0.22349854481584108 0.10139722597072862 0.1498116684661949 0.06106586401972636
0 0.23648471950581335 0.14894438796945594 0.159660265146847 0.06742495202099903
0 0.25494056681116534 0.24803586863463783 0.14031826929603192 0.059394276018453686
0 0.26558299150113757 0.2956103026336833 0.14656826929603187 0.059467001352635496
0 0.2958885659859728 0.43757053596436524 0.15618006763635792 0.06270108935390813
0 0.31350304109086347 0.4842819039624563 0.15305506763635793 0.06266472668681722
0 0.35445104026567087 0.6738165712921838 0.14656826929603195 0.059467001352635405
0 0.3448266639160247 0.6293580466263655 0.14969326929603194 0.059503364019726314
0 0.3896226361211304 0.869673963956093 0.14993006763635802 0.06262836401972649
0 0.06759300954776962 0.1696761533259094 0.11411096680652096 0.06377269334818117
0 0.08124295768295861 0.2672596779917277 0.1264925676363579 0.0623556440165447
0 0.08971923112817538 0.31720513399109135 0.13586756763635793 0.062464732017817326
0 0.10012485747782156 0.36165456799013684 0.150285265146847 0.06731586401972631
0 0.10258792926336438 0.4147977493236823 0.14668666846619488 0.06102950135263545
0 0.11641455353841812 0.4631170706556369 0.15618006763635792 0.06270108935390813
0 0.12705697822839035 0.5106915046546824 0.164347765146847 0.0674794960216353
0 0.15945784897895915 0.6596648066518188 0.17504846680652095 0.06448176535645338
0 0.17328447325401286 0.7079841279837735 0.164347765146847 0.0674794960216353