0 0.8892869103995708 0.9053665514657976 0.16896060015828454 0.0658021594086268
0 0.8925997785045439 0.8451648373591748 0.1668812746106063 0.10164873119538172
0 0.8830860376757439 0.769724568158845 0.19036423871722902 0.10389319279472176
0 0.8822797071135007 0.6901279963720903 0.19634145407749273 0.09470004922121245
0 0.8821864303913234 0.6128524425320243 0.2009834899708701 0.09327394154108042
0 0.8803441002247915 0.38107124511844903 0.20562552586424737 0.09184783386094857
0 0.8652683326738144 0.2285145464512326 0.21054034639736088 0.09979672618081663
0 0.8472266894960164 0.07058002599726146 0.2168812746106063 0.1031035826073073
0 0.8388662717076123 0.022932416996981276 0.2160174565847754 0.04586483399396255
0 0.629167764318779 0.8848340572717852 0.24013691818411545 0.09753554420664727
0 0.33229511282771085 0.9738727913701606 0.24153428213245362 0.038251472419892706
0 0.3274294195707707 0.8459978439565854 0.20406302586424746 0.09180236975432585
0 0.3194530981797275 0.6908928068095669 0.2212959899708702 0.09386497492717538
0 0.3121694470843709 0.619290591449303 0.2181709899708702 0.09377404671392994
0 0.2987949203621936 0.5424014825155298 0.23839256175762474 0.0912400801000249
0 0.26931228965430104 0.026509709554276166 0.21069345909205772 0.05140469028743927
0 0.06384823667216485 0.4253205972552907 0.1276964733443297 0.0774838054894186
0 0.07582056202198749 0.6496840997625732 0.15164112404397498 0.07954641066226813
0 0.07398227154301015 0.7222494215493278 0.1479645430860203 0.079273626022532