0 0.9735816659015967 0.1934600075230622 0.036510811219586256 0.19855567466803503
0 0.9415982133262212 0.18349465506373414 0.10277354000775887 0.20674996974937895
0 0.8788749437813838 0.16746110978599846 0.12464854000775887 0.2068772347764936
0 0.7408008589340745 0.13702924210316408 0.11332840273485516 0.2021261022629363
0 0.67645131651042 0.121786037184508 0.1161983112195859 0.19901928298109556
0 0.5347260731783796 0.0899654280858806 0.10867285364324068 0.1799308561717612
0 0.4677298918148315 0.08782621116517199 0.11454021637033698 0.17565242233034398
0 0.40052641636063874 0.07864665388538376 0.11144716727872254 0.15729330777076753
0 0.3301979409064459 0.06947618696467517 0.1083541181871082 0.13895237392935034
0 0.6762289495312597 0.37323036251647296 0.12566890606883502 0.2193772347764936
0 0.6040191096829807 0.3681843142136752 0.1240744551604493 0.23810905405833438
0 0.5385534774110468 0.3474814496540988 0.12474413485700761 0.22718064441741398
0 0.46353750195685406 0.33854733206946025 0.1240744551604493 0.23810905405833438
0 0.05440870317934952 0.24177388866187738 0.10881740635869903 0.22243860226293632
0 0.8809016345186519 0.7070366941931499 0.11705918061464224 0.22869769262201595
0 0.4614019486131758 0.6134291574014252 0.12085386031120038 0.21778746369925486
0 0.24902936543285645 0.5748398769544124 0.11798395182646945 0.22089428298109545
0 0.01667796165923128 0.5021528524593281 0.03335592331846256 0.21444429508134388
0 0.7487116614803551 0.9202048355855016 0.11380689273291544 0.15059087334017535
0 0.6819067987532587 0.9159082210259253 0.11457216727872269 0.15996587334017534
0 0.6053920961778831 0.9062019438003663 0.1177927621279716 0.18028746369925486
0 0.5310298249660559 0.8988257810361879 0.125318219704317 0.1959488251355733
0 0.46376257663304576 0.8906274616561513 0.12828372303829685 0.21314541549465282
0 0.32186199011874655 0.8688075246914762 0.13032445516044938 0.23814541549465282
0 0.17344033663498543 0.8407784943426592 0.13306681788754576 0.23347609621281212
0 0.10263350012068621 0.8185449460398615 0.13096218394862205 0.24595791549465282
0 0.04872563839626266 0.8041329880961433 0.09745127679252533 0.24598518657189175