0 0.8828572029137313 0.9534880544389083 0.09129416394474284 0.0930238911221835
0 0.48872482351673535 0.8745410340808426 0.0926971672787225 0.16448160703211548
0 0.26029706351479576 0.8086099437061651 0.09814994182452974 0.17415699568106327
0 0.09350830517984604 0.7551776557678112 0.07707216727872261 0.1634803115356222
0 0.8052591350261855 0.7440558042820248 0.10086035364324068 0.1883196252307126
0 0.3489137980528443 0.6184436235326697 0.10140248758216437 0.17591975478036198
0 0.29430604638585434 0.6063954040697681 0.0926971672787226 0.1644816070321154
0 0.23528186168832627 0.5878468607327433 0.09840503333979891 0.17728199568106326
0 0.5586401291071318 0.46479339913252254 0.09256962152108805 0.16291910703211537
0 0.32904848183228846 0.39412474398302033 0.09658744182452983 0.17405686613141408
0 0.21313656834658773 0.3641590368586199 0.09464230455162621 0.16926923658176474
0 0.1010193345574452 0.3235562183831674 0.09658744182452983 0.17405686613141408
0 0.13509209030732108 0.12212292874677036 0.09256962152108805 0.16291910703211537
0 0.9037623419743109 0.17993035239941169 0.06951501666989941 0.08994268198597281
0 0.620934124396026 0.09496985733665719 0.07302265394280312 0.09483044108527147
0 0.5644450083349497 0.07891525832410627 0.06951501666989941 0.08994268198597284