0 0.1859375 0.14921875 0.03125 0.121875
0 0.4328125 0.14921875 0.0328125 0.115625
0 0.5546875 0.1421875 0.03125 0.1078125
0 0.6796875 0.15625 0.0328125 0.115625
0 0.8 0.159375 0.03125 0.1078125
0 0.88125 0.1734375 0.03125 0.11875
0 0.1453125 0.30234375 0.0328125 0.121875
0 0.2234375 0.2984375 0.0328125 0.115625
0 0.2640625 0.30234375 0.0328125 0.11875
0 0.259375 0.44765625 0.0328125 0.1109375
0 0.3015625 0.44453125 0.0375 0.115625
0 0.5578125 0.4546875 0.03125 0.1109375
0 0.5984375 0.4546875 0.0328125 0.115625
0 0.640625 0.45859375 0.0328125 0.115625
0 0.9640625 0.471875 0.0296875 0.1078125
0 0.384375 0.6109375 0.0328125 0.125
0 0.55625 0.61484375 0.0328125 0.1140625
0 0.596875 0.61484375 0.034375 0.121875
0 0.6828125 0.621875 0.0359375 0.1171875
0 0.7671875 0.621875 0.0328125 0.1140625
0 0.9671875 0.63203125 0.03125 0.1171875