0 0.8277389061369528 0.9803317981977763 0.06881018415851478 0.039336403604447415
0 0.893377129616832 0.7801786130654522 0.06881018415851478 0.060044421820650486
0 0.9129230611445107 0.7276115935206148 0.06384966837349922 0.05497428454774678
0 0.9323779874105178 0.6766070739757775 0.057872684158514785 0.05915160151720862
0 0.9512028530967112 0.5690336900368538 0.04408319994353036 0.06269118969849785
0 0.9660157819935542 0.5168652832191126 0.020463689420186525 0.057653003333980025
0 0.6827295140012256 0.9466652560882316 0.18331229991529535 0.10360271637033698
0 0.7023664507905762 0.8925357365433942 0.18331229991529535 0.10360271637033698
0 0.7210856296874191 0.8406861941197394 0.1737552893919517 0.09971244182452983
0 0.7647739874811048 0.7374972923029685 0.1800052893919517 0.1002226248550679
0 0.7771521611162759 0.6867000668487757 0.18460178413027997 0.09904276212797143
0 0.7905390979056265 0.6320603642734002 0.1736642841302798 0.09814994182452992
0 0.8070510346949773 0.5776757532132937 0.17348227360693613 0.09502494182452974
0 0.8353272241151638 0.5234664853354463 0.18460178413027997 0.09904276212797161
0 0.8924025186982002 0.3656378809432996 0.1800052893919517 0.10022262485506798
0 0.9005482186417304 0.3066455182162032 0.17724431043863903 0.10621753333979882
0 0.5229890349067388 0.7782028142637017 0.1878177893919517 0.10086035364324068
0 0.5362849664344175 0.7251256116883262 0.19590330517696727 0.1061855824314133
0 0.5487541453312603 0.6727658862341335 0.18956229991529536 0.10411289940087513
0 0.6774222608056923 0.3504440892685509 0.19286931043863903 0.10749299091614421
0 0.694715447595043 0.2961232510872618 0.18505681043863903 0.10685526212797161
0 0.7122816501694091 0.23711491290597256 0.18174979991529536 0.1034751706127025
0 0.7275496053746113 0.1771340060882316 0.17660727360693612 0.09528003333979891
0 0.2326315324876643 0.9723529742462448 0.1734976841585147 0.05529405150751039
0 0.239131432445312 0.9347885566776581 0.20086382096198277 0.111255719704317
0 0.25720586923466265 0.880531491375186 0.1784427893919517 0.10009507909743362
0 0.082626064808416 0.7580831801556002 0.165252129616832 0.106568219704317
0 0.09055966214934522 0.7017374563683973 0.18111932429869043 0.10567539940087514
0 0.09972511113039337 0.6463165037930219 0.1979208314853265 0.11412562818904774
0 0.1179815584430877 0.5889344384905499 0.19139781570031095 0.10892794515850959
0 0.1482444530684764 0.4736601248550679 0.21832433674699833 0.11734622303829667
0 0.20852804763739533 0.3011790890993731 0.213818847270342 0.12008858576539314
0 0.2319802291650741 0.24893093394862204 0.18956229991529538 0.10411289940087513
0 0.26416266858526066 0.19504053046486097 0.1897443104386391 0.10723789940087518
0 0.27235387115962684 0.13526691773776456 0.2088583314853265 0.11501844849248961
0 0.29161908162650085 0.07404237531410991 0.20269933674699833 0.11607076546195146