0 0.7524743902685278 0.9748101753773604 0.15079696757828512 0.05037964924527927
0 0.7663772646645537 0.9349221551845817 0.1526145590935542 0.08316239745537005
0 0.7889853304260677 0.831464964515415 0.15717451333591956 0.0820100005656478
0 0.8164084419452161 0.7268553769565261 0.14923446757828493 0.0797639953818516
0 0.8625971421046955 0.5176655961365724 0.16654951333591975 0.08283020678620331
0 0.8808048792278178 0.4681146554674057 0.1635520590935541 0.08411930471268488
0 0.9035404907469664 0.363094964798239 0.14441942182065048 0.07779139227157383
0 0.9124370007489061 0.3119425679085167 0.14272937606301603 0.07609219123481452
0 0.9254787478739681 0.21000892101879448 0.1334819218206505 0.076834485014259
0 0.931393779087735 0.16646397257393336 0.12751896424430526 0.060799381903981244
0 0.5584691698153048 0.9371901183323599 0.16017196757828495 0.08072090263916643
0 0.6292110730092018 0.6199923478799987 0.1569194218206505 0.0788850005656478
0 0.6555340701342638 0.5192206598027301 0.15054187606301603 0.0767756964186109
0 0.6693093987726553 0.4661346160232857 0.15379442182065048 0.07861159849212936
0 0.7005112145341692 0.3634292810562949 0.1506694218206505 0.07833819641861081
0 0.7229917345380485 0.26153459038712823 0.15054187606301603 0.0767756964186109
0 0.7366395174188055 0.21001104660768374 0.14741687606301604 0.07650229434509229
0 0.46993128104458914 0.4699356848732398 0.1472893303053814 0.07493979434509228
0 0.47811031392534603 0.4179336874651379 0.14429187606301602 0.07622889227157384
0 0.4926668925637376 0.36491599420407306 0.14091178454774678 0.07283049019805539
0 0.5328927640848256 0.20949576234736006 0.1441643303053814 0.07466639227157383
0 0.1664887060300416 0.8328684544771292 0.16017196757828503 0.08072090263916643
0 0.1848877617896158 0.7809737638079625 0.16342451333591956 0.08255680471268505
0 0.19391181754919 0.7282588669182403 0.1526145590935541 0.08316239745537005
0 0.22127115618952117 0.6244305293593514 0.15404951333591957 0.08173659849212936
0 0.26240582346824376 0.46751614802101793 0.1472893303053814 0.07493979434509228
0 0.31615193211245424 0.26213487238486044 0.1526145590935541 0.08316239745537005
0 0.014590076802223656 0.8855560826579165 0.029180153604447312 0.07423716531583295
0 0.021382081803193488 0.8344036857681942 0.042764163606386976 0.07505737153638856
0 0.028237859682980586 0.7832512888784721 0.05647571936596117 0.07900257775694416
0 0.03797939256373752 0.6782609925071295 0.07595878512747505 0.078396985014259
0 0.045743966201159156 0.624051946135787 0.09148793240231831 0.08247889227157383
0 0.06049985120309882 0.5213076549482405 0.12099970240619765 0.08228340263916642
0 0.07408386120503849 0.4186706704996294 0.14816772241007697 0.07833819641861091
0 0.10830761014202255 0.26362158553263865 0.15392196757828502 0.08017409849212935
0 0.1218916201439622 0.21287929175319417 0.15379442182065048 0.07861159849212936