0 0.5984375 0.10078125 0.0359375 0.128125
0 0.275 0.4375 0.0375 0.125
0 0.36875 0.440625 0.0390625 0.125
0 0.4140625 0.440625 0.040625 0.128125
0 0.5515625 0.44453125 0.040625 0.121875
0 0.6421875 0.44453125 0.0390625 0.11875
0 0.6875 0.44765625 0.0375 0.121875
0 0.9125 0.44765625 0.0359375 0.1140625
0 0.95625 0.4515625 0.0375 0.121875
0 0.09375 0.60078125 0.0375 0.1328125
0 0.1359375 0.6078125 0.0375 0.128125
0 0.4140625 0.6109375 0.0390625 0.1328125
0 0.8671875 0.621875 0.034375 0.1328125
0 0.9546875 0.61796875 0.034375 0.121875
0 0.05 0.77421875 0.034375 0.125
0 0.09375 0.77421875 0.0390625 0.125
0 0.18125 0.78125 0.0390625 0.1328125
0 0.36875 0.78125 0.0390625 0.125