0 0.8987943497725386 0.32779630812376703 0.14081068380210837 0.08284995735199914
0 0.8859335469205198 0.1830468821212217 0.13280718281352505 0.07807155068427192
0 0.6368341551331962 0.06212366542008692 0.24820668973360754 0.1122112880330894
0 0.6867161610275143 0.4300656907622229 0.22419618676785796 0.0978760680299077
0 0.6909195468833387 0.5762776194302683 0.2243235207602467 0.10100106802990769
0 0.7084041827391631 0.72264408943345 0.23200868676785777 0.09796697469763486
0 0.6998475834237351 0.798361704766041 0.22725751977166359 0.0963499306969986
0 0.7237413867700455 0.9408946501034045 0.22425985376405233 0.09943856802990751
0 0.43722290802458375 0.8367316720639515 0.2289473537640522 0.09949311203054387
0 0.4261474396592453 0.6865316773949517 0.2509496877564411 0.1028726507001803
0 0.41419522079961535 0.5386663420591791 0.24151102076024666 0.10120106269890758
0 0.3973645009514021 0.39543396272277015 0.22926568874502423 0.10730561203054405
0 0.3941386832706358 0.32114248738858836 0.22626802273741298 0.11039424936345314
0 0.13090255973491996 0.5087948393539081 0.22713018577927474 0.0932249306969986
0 0.14464543026770516 0.727808468690317 0.23682352076024663 0.10114651869827114
0 0.16376420889943616 0.9856471460057271 0.24027217292769346 0.028705707988545725