0 0.1459392086648637 0.010415199570458684 0.07374658267027256 0.020830399140917367
0 0.2192948926639092 0.01556304500247439 0.07703521467218159 0.03112609000494878
0 0.35270682932845476 0.027666897331895063 0.07583634134309047 0.055333794663790126
0 0.4924414913271821 0.03335697535105623 0.07449201734563574 0.06671395070211246
0 0.7660329853198643 0.061738724277202936 0.07645450668363551 0.12347744855440587
0 0.8339017379853644 0.06404381558314762 0.0779442813494537 0.12276247060135784
0 0.9672682213160464 0.07657371381955384 0.0637908746817267 0.11421298620519008
0 0.10795630864100118 0.1832894555633525 0.0914260733609078 0.20779256784239583
0 0.5217728132956836 0.24982966587640337 0.08826471069381689 0.20450379353213632
0 0.6550938432925019 0.2662658141128096 0.08659312269254435 0.19504690637700656
0 0.7260421426241382 0.2750399485544059 0.08664766669318062 0.19973440637700662
0 0.8648682852880476 0.288064491747858 0.089718122692544 0.19521068068726607
0 0.9754876119510023 0.3095942537336456 0.04284312269254435 0.19275406603337358
0 0.6092433519255489 0.5161739608788778 0.08185107869190791 0.1901137449116174
0 0.6762217665897763 0.5306215632082985 0.08492153469127146 0.1855900192218769
0 0.7456075659214128 0.5394775848050244 0.0801794906906352 0.18065685775648746
0 0.9522206452498676 0.5645650367503323 0.08179653469127146 0.18542624491161738
0 0.027713730625410986 0.706956006897405 0.05542746125082197 0.20483798620519006
0 0.08151669923618629 0.7109164885800393 0.0930249360279987 0.2109994549975255
0 0.1492854545671864 0.724541897331895 0.09442380402608971 0.19701884215265544
0 0.286503643897232 0.7415545776804768 0.09135334802672598 0.20154256784239574
0 0.4954422918921413 0.7680816988930902 0.08341357869190809 0.19019563206674697
0 0.7667627612190053 0.8014895839005133 0.09286130402608954 0.1969369549975255
0 0.0036029739417754057 0.8886121206467863 0.007205947883550811 0.0634007587064275
0 0.11196562587527845 0.9123218583223144 0.061555665340545115 0.056318599050060314
0 0.18215085654046034 0.9195744363414757 0.066279528007636 0.059689260515449406
0 0.3185968865372787 0.9358468102676223 0.06629770934118148 0.06125176051544941
0 0.4581951885344152 0.9496116598835096 0.06466248400699967 0.054919873360319824
0 0.6618650811983244 0.959237886139077 0.06262726933481808 0.014212986205190247