0 0.8795318900424492 0.7892854793173264 0.11287953423772627 0.059781722497410074
0 0.8832867481542988 0.7306917293173264 0.12225453423772628 0.06021837014004525
0 0.6615271599390894 0.9773642135013713 0.172454793337025 0.04527157299725744
0 0.6870835741878902 0.7599489280362001 0.16776729333702498 0.0654538337461151
0 0.7305574760981901 0.4728320717498938 0.17774307063492073 0.07526548138875011
0 0.7398812137596888 0.4129305328747643 0.17567992288667417 0.06738020678164425
0 0.7492550161960125 0.35224774399963477 0.17285531153562203 0.07192215756743262
0 0.7886724737818382 0.06729270119556384 0.18002746144333717 0.03798380521006774
0 0.4388313371447003 0.9886944346557378 0.16520349784053162 0.022611130688524383
0 0.4463224645348813 0.9587352227022979 0.17285531153562222 0.07192215756743252
0 0.4733121684200793 0.7821192187733563 0.16856832973421945 0.07795383374611511
0 0.5070606169066064 0.500034464844415 0.1840932001845701 0.07711907981717374
0 0.5191577035806562 0.3846277886657325 0.18233044108527138 0.0739213052100677
0 0.2255698735418949 0.9758422931136572 0.17029151603912895 0.048315413772685646
0 0.23610565777962114 0.925436763439454 0.16963018198597285 0.07021410835322114
0 0.2617633991417478 0.7573781222069598 0.16630492288667426 0.06694355913900925
0 0.26892266194167425 0.6456593722069597 0.1728553115356222 0.07192215756743252
0 0.29092447717792425 0.4735125444567007 0.1757800524363235 0.06894270678164424
0 0.050880468078625604 0.9514041422659517 0.10176093615725121 0.05593328453190338
0 0.07734389304632638 0.5595270113725395 0.15468778609265277 0.06879715756743252
0 0.08787847972037614 0.3284953351938571 0.1757569594407523 0.06894270678164434
0 0.10094552899593894 0.21000004631872757 0.17285531153562217 0.07192215756743262
0 0.114074189544112 0.0907235074435981 0.17774307063492079 0.07526548138875015
0 0.11689760333148755 0.03443712014004516 0.1662047933370249 0.06538105913900917