0 0.054608170499629426 0.10704093262955985 0.04613128916129603 0.1349750178569075
0 0.2561905028747221 0.08403762946257923 0.044900979830462796 0.12091251785690749
0 0.2975967528747221 0.08476037824476323 0.04660018086722193 0.12250229139585782
0 0.3419229513195832 0.08319392410484791 0.04531108294074056 0.1256000178569075
0 0.3863858508012036 0.08318996996493262 0.051561082940740556 0.12570911201270882
0 0.475956198727685 0.08163319845457716 0.051150979830462615 0.12102161201270885
0 0.5163077966541666 0.079217310467286 0.046600180867222105 0.12250229139585782
0 0.5613468945806479 0.07688324309684587 0.048162680867222106 0.12252956493480816
0 0.6487101935438888 0.0768480612780649 0.04972518086722211 0.1225568384737585
0 0.3607590086241662 0.24499449472169896 0.04898288708777745 0.13190456493480818
0 0.44832735914254584 0.24730306290291798 0.051092191234814524 0.13818183847375848
0 0.5757688539587495 0.24172699309684584 0.05265469123481452 0.13820911201270886
0 0.6242063539587496 0.24257247280430638 0.04898288708777745 0.13190456493480818
0 0.7122825524036107 0.2417696777550006 0.050408686051018316 0.13036933847375848
0 0.7570482482565737 0.23631061038456047 0.05462729434509228 0.14292388555165916
0 0.2730539570690273 0.24112342654047988 0.04640469123481452 0.13810001785690745
0 0.22068683204578593 0.5787540657455871 0.05279139227157381 0.13977161201270896
0 0.2643684815274063 0.5787364748361966 0.04660018086722193 0.12250229139585792
0 0.3068293836009248 0.5825978603878558 0.050408686051018316 0.13036933847375848
0 0.3503059815274063 0.5802365194784652 0.04728368605101831 0.13031479139585792
0 0.39371422893550817 0.5770939285690748 0.049256289161296075 0.1350295649348082
0 0.4399446799722675 0.5794609979681098 0.054080490198055386 0.13667388555165907
0 0.5246908268619896 0.5762599058409034 0.052244588124536764 0.13352161201270896
0 0.56837247634361 0.5762423149315129 0.05068208812453676 0.1334943384737585
0 0.6601498732333322 0.5731639537295828 0.05421719123481452 0.13823638555165907
0 0.7946909685679155 0.5684918648487873 0.054080490198055386 0.13667388555165907
0 0.15213019608930411 0.7491699314117438 0.05040868605101827 0.13036933847375848
0 0.19176889453416526 0.7475216566549776 0.04599458812453676 0.13341251785690744
0 0.2333801960893041 0.7505881554371616 0.05421719123481452 0.13823638555165907
0 0.27644669090550783 0.743539314527771 0.052517990198055295 0.13664661201270878
0 0.3222376445341652 0.7497989971573309 0.05503739745537004 0.14761138555165906
0 0.4996791393503689 0.7450956805976696 0.055174098492129356 0.14917388555165906
0 0.5432924383136097 0.7442968396882792 0.05347489745537004 0.14758411201270896
0 0.6323549383136097 0.7458514314084486 0.055174098492129356 0.14917388555165906
0 0.6781069357217115 0.7427497508074836 0.049666392271573656 0.139717064934808
0 0.7231849898687486 0.7497770466675683 0.052517990198055385 0.13664661201270878
0 0.7674428377952301 0.747429342527653 0.05462729434509228 0.14292388555165908
0 0.38139590546740565 0.9177637930174157 0.04898288708777754 0.13190456493480837
0 0.42565375339388717 0.9154160888775003 0.052244588124536764 0.13352161201270896
0 0.4683491013203687 0.9130411111986347 0.05449059330833315 0.14136138555165942
0 0.5147846039122668 0.9177519305976697 0.05577969123481452 0.13826365909060953
0 0.6066987018387483 0.9162360693957396 0.05347489745537004 0.1475841120127086
0 0.7908002997652298 0.9163293469918798 0.05191239745537004 0.1475568384737585
0 0.8377142559857852 0.9265089163909149 0.05958819641861055 0.14613070616851012
0 0.9285347456181927 0.912493055188985 0.05605309330833315 0.14138865909060955