0 0.39693852775469096 0.9051368403656529 0.10011669961943906 0.16061647642635143
0 0.4684315257775246 0.8924142084387834 0.10713070357377177 0.1796575748547749
0 0.6734081858536368 0.8515579603008101 0.10521537650146531 0.20919952564056316
0 0.9460206734963471 0.7801558794501793 0.10521537650146513 0.20919952564056316
0 0.32576522881982384 0.6759801873463342 0.1169805474519924 0.23002144789030404
0 0.39368755786929677 0.6524656046336764 0.11085788144438116 0.23285534946188058
0 0.4639363908731024 0.6476282473139129 0.11717154844057553 0.23470894789030403
0 0.6761207144853678 0.5915643761404104 0.10496070851668779 0.20294952564056318
0 0.7396420450177155 0.5752993672490703 0.10696887749004844 0.21395980024766903
0 0.8111522890862165 0.5437903480186479 0.1070962114824372 0.21708480024766902
0 0.11084192988495671 0.4535187981807544 0.11009387749004844 0.21410534946188076
0 0.18002301140588756 0.44168657816454376 0.10872237847863161 0.2187200748547749
0 0.31400142197629133 0.40648532464988707 0.11328254448624282 0.21581339867609248
0 0.46425874855430627 0.36739493776061893 0.11184737847863176 0.21886562406898663
0 0.5308414120904595 0.3494218796550671 0.11560904844057554 0.23463617328319836
0 0.6018887411399325 0.32576174772819766 0.11535438045579802 0.22838617328319835
0 0.6756936556646689 0.3121487038906694 0.10872237847863157 0.2187200748547749
0 0.7472184871855998 0.30020732196379996 0.12036021543677008 0.23641699710451594
0 0.8912894807598091 0.2629705335029552 0.11379188045579802 0.2283133986760925
0 0.9534453115207121 0.24748677461161508 0.09310937695857575 0.210325377997928
0 0.046190544980534445 0.21153465942945943 0.08334037650146528 0.20818068114108118
0 0.09442245653952137 0.1850235093056249 0.10834037650146526 0.20934507485477488
0 0.16103695357377185 0.16783170120007304 0.11503604547482604 0.22057367328319827
0 0.2361497001137307 0.14789588275543897 0.113791880455798 0.22831339867609243
0 0.308982363649884 0.12963172622146366 0.11009387749004844 0.2141053494618807
0 0.5290110207602468 0.08744853432701553 0.11427204152049342 0.17489706865403107
0 0.603134270265955 0.08343096836358081 0.1187685405319101 0.16686193672716162
0 0.6783106838021083 0.06669507857882853 0.10662136760421674 0.13339015715765706
0 0.7455936842963999 0.06758333643671137 0.11618736859279988 0.13516667287342274
0 0.8863314308363588 0.047720292599183145 0.10078786167271758 0.09544058519836629