0 0.1703125 0.096875 0.0359375 0.11875
0 0.2140625 0.096875 0.0359375 0.121875
0 0.2578125 0.096875 0.034375 0.121875
0 0.3453125 0.096875 0.034375 0.115625
0 0.0828125 0.26015625 0.0421875 0.128125
0 0.2625 0.4234375 0.0453125 0.1390625
0 0.6078125 0.41640625 0.0453125 0.1328125
0 0.9515625 0.40625 0.0375 0.128125
0 0.4546875 0.5765625 0.040625 0.11875
0 0.5203125 0.5796875 0.0359375 0.121875
0 0.825 0.5765625 0.0359375 0.11875
0 0.8671875 0.57265625 0.0328125 0.1140625
0 0.953125 0.57265625 0.0328125 0.11875
0 0.1328125 0.746875 0.046875 0.125
0 0.303125 0.74296875 0.040625 0.125
0 0.3484375 0.746875 0.0390625 0.1328125
0 0.434375 0.73984375 0.0375 0.1328125
0 0.48125 0.73984375 0.0421875 0.1328125
0 0.5203125 0.73984375 0.0359375 0.128125
0 0.6078125 0.73984375 0.0390625 0.1421875
0 0.6515625 0.74296875 0.0375 0.128125
0 0.69375 0.73984375 0.0359375 0.1328125
0 0.7390625 0.7359375 0.0390625 0.125
0 0.78125 0.7359375 0.0375 0.125
0 0.825 0.7359375 0.0375 0.125
0 0.8671875 0.73984375 0.0375 0.128125
0 0.9546875 0.7328125 0.0375 0.125
0 0.0421875 0.91640625 0.0375 0.1390625
0 0.084375 0.91640625 0.0328125 0.125
0 0.1265625 0.91328125 0.0359375 0.121875
0 0.1703125 0.91328125 0.0359375 0.121875
0 0.3890625 0.90625 0.0359375 0.121875
0 0.7875 0.903125 0.04375 0.11875