0 0.1640625 0.096875 0.034375 0.125
0 0.2515625 0.09375 0.0359375 0.11875
0 0.828125 0.090625 0.034375 0.121875
0 0.871875 0.090625 0.0375 0.125
0 0.915625 0.2640625 0.034375 0.121875
0 0.871875 0.26015625 0.034375 0.128125
0 0.34375 0.2640625 0.0359375 0.125
0 0.209375 0.26015625 0.0359375 0.121875
0 0.165625 0.2640625 0.0375 0.115625
0 0.165625 0.43046875 0.0328125 0.121875
0 0.209375 0.43046875 0.0375 0.125
0 0.253125 0.43046875 0.0375 0.121875
0 0.3890625 0.4234375 0.03125 0.115625
0 0.478125 0.42734375 0.0328125 0.125
0 0.7875 0.42734375 0.034375 0.125
0 0.8296875 0.4234375 0.03125 0.128125
0 0.871875 0.42734375 0.034375 0.121875
0 0.915625 0.4234375 0.034375 0.121875
0 0.959375 0.4234375 0.0328125 0.125
0 0.9203125 0.58671875 0.034375 0.1328125
0 0.834375 0.590625 0.034375 0.121875
0 0.565625 0.590625 0.03125 0.121875
0 0.4359375 0.596875 0.0359375 0.121875
0 0.346875 0.596875 0.0375 0.128125
0 0.0828125 0.60078125 0.0328125 0.125
0 0.0828125 0.7640625 0.034375 0.128125
0 0.121875 0.7640625 0.034375 0.1359375
0 0.165625 0.7671875 0.0328125 0.128125
0 0.2125 0.7640625 0.0375 0.125
0 0.2546875 0.7671875 0.0328125 0.121875
0 0.390625 0.7640625 0.0375 0.11875
0 0.434375 0.7640625 0.0328125 0.125
0 0.878125 0.75 0.0359375 0.125
0 0.8375 0.9203125 0.0359375 0.125
0 0.3015625 0.93046875 0.03125 0.121875
0 0.16875 0.934375 0.034375 0.121875
0 0.125 0.934375 0.0375 0.128125