0 0.11938512642489581 0.03704344547909712 0.046585365691319505 0.05574216014423615
0 0.30156184678961806 0.02760447558934016 0.04662173328249999 0.05520895117868032
0 0.4243090157675694 0.02423301453329844 0.04818423328249999 0.04846602906659688
0 0.5470380009499305 0.020470928477256727 0.04967399810013902 0.04094185695451345
0 0.6095743685411111 0.018126525266874756 0.040226262917777686 0.03625305053374951
0 0.06298639000826371 0.2124805097836458 0.05868793502986125 0.1731478656913195
0 0.733844403875972 0.1734413131671869 0.056943597073958505 0.16529899810013893
0 0.7935103446054166 0.15955934470232572 0.05868793502986129 0.1731478656913195
0 0.8512319256274651 0.16211999382864511 0.04913109707395833 0.16511716014423614
0 0.9678563811745484 0.15003560828569362 0.04462543502986094 0.17282055737069446
0 0.856023955928333 0.3923523544859715 0.05069359707395833 0.16515352773541672
0 0.7958313383371525 0.39531500674642295 0.05723453780340293 0.17779899810013894
0 0.7379642869503816 0.39900435762010356 0.05687086189159736 0.16217399810013902
0 0.6161256545415622 0.40027852973218697 0.05374586189159736 0.16210126291777788
0 0.4971392651988885 0.4131987166619093 0.058433361891597355 0.1622103656913195
0 0.06530738373999963 0.44823617182774306 0.06319359707395847 0.16544446846486113
0 0.01930749216466989 0.6712385671543403 0.03861498432933978 0.16522626291777787
0 0.06108808995267305 0.6630617380321527 0.058506097073958464 0.1653353656913195
0 0.12575000199677028 0.6693649829981596 0.05381859707395846 0.16522626291777787
0 0.4972437954997564 0.6435401800927774 0.06006859707395851 0.1653717332825
0 0.61935518484243 0.6305472579806939 0.059995861891597356 0.1622467332825
0 0.8609614565939232 0.6163347151432979 0.05694359707395833 0.165298998100139
0 0.9211540741851036 0.6133720628828465 0.05734364057694456 0.182486498100139
0 0.7462404206903812 0.848567946525937 0.05850609707395833 0.1653353656913196
0 0.5638091271873951 0.8699922708984718 0.05708906743868063 0.17154899810013902
0 0.317515355435902 0.8843139165094094 0.056943597073958505 0.165298998100139
0 0.2549789878447215 0.8873311201566316 0.058506097073958506 0.16533536569131968
0 0.19387783368440897 0.8957807062126733 0.058433361891597355 0.1622103656913197