0 0.6953125 0.0765625 0.028125 0.1015625
0 0.8078125 0.08359375 0.028125 0.09375
0 0.915625 0.090625 0.0265625 0.09375
0 0.9875 0.096875 0.025 0.096875
0 0.28125 0.1875 0.0296875 0.096875
0 0.3578125 0.19453125 0.0296875 0.1015625
0 0.4328125 0.2046875 0.0296875 0.096875
0 0.6203125 0.21171875 0.0296875 0.1015625
0 0.771875 0.215625 0.028125 0.096875
0 0.8453125 0.21875 0.03125 0.096875
0 0.91875 0.22578125 0.0296875 0.09375
0 0.2390625 0.33359375 0.03125 0.103125
0 0.39375 0.34375 0.0296875 0.1015625
0 0.8828125 0.36484375 0.028125 0.096875
0 0.9203125 0.36796875 0.0265625 0.09375
0 0.315625 0.471875 0.0296875 0.1015625
0 0.4296875 0.4828125 0.028125 0.096875
0 0.50625 0.4828125 0.0296875 0.096875
0 0.6171875 0.4859375 0.0296875 0.09375
0 0.6953125 0.49296875 0.0296875 0.1015625
0 0.7328125 0.49296875 0.0265625 0.1015625
0 0.9578125 0.50703125 0.0296875 0.096875
0 0.1203125 0.6109375 0.028125 0.1078125
0 0.1578125 0.6109375 0.028125 0.1078125
0 0.196875 0.61484375 0.03125 0.1078125
0 0.2359375 0.61484375 0.028125 0.1078125
0 0.2734375 0.61484375 0.0296875 0.1109375
0 0.3109375 0.7671875 0.03125 0.1078125
0 0.4265625 0.7671875 0.0296875 0.1015625
0 0.503125 0.77109375 0.0296875 0.1046875
0 0.578125 0.77421875 0.0296875 0.1078125
0 0.6171875 0.78125 0.0296875 0.1046875
0 0.7328125 0.784375 0.0328125 0.1078125
0 0.884375 0.7953125 0.0296875 0.1109375
0 0.9203125 0.7953125 0.0296875 0.1109375
0 0.1171875 0.89921875 0.028125 0.1078125
0 0.23125 0.909375 0.03125 0.1015625
0 0.6546875 0.9234375 0.0296875 0.1046875