0 0.712359620315113 0.11843784742995009 0.07272949375348396 0.14771134134309047
0 0.6145715601084586 0.0946452640833598 0.07113063231716552 0.14144316000954502
0 0.2581033914905478 0.05299992003499839 0.07245678298109555 0.10083634134309045
0 0.11989538524403183 0.1982567813494538 0.07425563231716562 0.14147952267663594
0 0.07689481898725317 0.19228804467695407 0.06807835518980254 0.1539067973424541
0 0.27083117134838536 0.22657378003658923 0.07431017447164337 0.15085452267663593
0 0.5226800176593933 0.27871972473740586 0.07272949375348396 0.14771134134309047
0 0.7318515263417961 0.51473159209895 0.067996541958086 0.13984429734245402
0 0.6325009661351417 0.4909208274188142 0.067996541958086 0.13984429734245402
0 0.485475975210328 0.4634305320655424 0.067996541958086 0.1398442973424542
0 0.4346538185944698 0.4558083887253154 0.07273858411256366 0.14927384134309046
0 0.2464594478865732 0.6028271973663166 0.07581813231716553 0.14149770401018139
0 0.3489122821955286 0.6227680747135433 0.06963176483072289 0.15236247867599956
0 0.4943974990180413 0.6541464387332697 0.07273858411256384 0.14927384134309046
0 0.6383429417382531 0.6894128714194505 0.07587267447164336 0.15087270401018138
0 0.7892287308676688 0.709136120106586 0.07906130698520072 0.1618465666772723
0 0.8885292940993853 0.7243531347867218 0.07587267447164336 0.15087270401018138
0 0.6518837878528694 0.8684645720878141 0.067996541958086 0.1398442973424543
0 0.5087514113894362 0.8386759800684059 0.06482609016268803 0.1319954346753633
0 0.407856531900941 0.8179720340547247 0.07745335518980259 0.15401588534372693
0 0.30858323974646334 0.807442519374589 0.06641586123992678 0.13670111600890883