0 0.2597948856559505 0.08936755296346208 0.06304087226160834 0.17873510592692415
0 0.2612735029695009 0.332768040992116 0.05817151583511766 0.17436480032431162
0 0.7374328376883792 0.28463313515121264 0.06818301332783498 0.19640344155801356
0 0.5948588927820865 0.3003962771956936 0.06161476458147632 0.1853568474022122
0 0.529211160728775 0.30232301583160787 0.05522837226160835 0.18056025324641087
0 0.7337920459890143 0.5439399513038368 0.06473976458147632 0.18541139448011296
0 0.5937209754559009 0.5541934330398922 0.06290447994174038 0.17600912094116267
0 0.5257294934025895 0.556161081984232 0.058489764581476325 0.18530230032431164
0 0.3911499049227874 0.5655378563339613 0.0631772645814764 0.1853841209411627
0 0.5270944504495831 0.8044485775200052 0.06630226458147633 0.18543866801906325
0 0.32622227223633776 0.8110782272751239 0.06134197994174029 0.1759818474022122
0 0.13222221964991304 0.823053896104966 0.058216979941740285 0.17592730032431164