0 0.1073045669378847 0.07150236505167985 0.04537445499752559 0.09322836829088235
0 0.1516310990500603 0.0704498072166855 0.04677318068726608 0.09020349784053168
0 0.19924640547249545 0.0727225084809898 0.048499454997525594 0.09342862739018098
0 0.24690265547249543 0.0757764597452941 0.05030761646291486 0.0982162569398303
0 0.29369576831736566 0.07721784623477373 0.05047139077317438 0.10134125693983032
0 0.3871591632744116 0.077756869213733 0.04718261646291486 0.09801599784053168
0 0.4341569940071063 0.08310450570321264 0.047755826548823065 0.10895349784053168
0 0.5282788082314575 0.08134984345699656 0.05030761646291495 0.0982162569398303
0 0.8105999853006789 0.09009829194352367 0.04619997060135787 0.07926599784053168
0 0.8592012596109384 0.09632730798265264 0.0496525192218769 0.08571625693983032
0 0.9045137596109385 0.09923106492248294 0.0465275192218769 0.08551599784053168
0 0.16791891960598965 0.2326692049649321 0.05219102103089916 0.13415375693983034
0 0.21619264529573012 0.23264822100406107 0.05062852103089917 0.13405362739018098
0 0.35895667740790577 0.23790382479697395 0.05358974672063965 0.13112888648947968
0 0.6380300237444326 0.24410826418420242 0.0503828595655099 0.129366127390181
0 0.023965280980521853 0.39785650909929865 0.012719085255250395 0.12383801819859733
0 0.0935784181356516 0.4038747740586935 0.05046474672063965 0.130928627390181
0 0.2798058452048731 0.4064652552417873 0.05046474672063965 0.130928627390181
0 0.32927025667026233 0.4143068360557409 0.05046474672063965 0.130928627390181
0 0.3742961516273082 0.41174184299557126 0.05202724672063965 0.13102875693983035
0 0.654931997963835 0.41804641193244907 0.05021908525525039 0.12624112739018098
0 0.7495860786965297 0.42644799968623304 0.0503828595655099 0.129366127390181
0 0.8438716672311404 0.4278183374400169 0.05038285956551007 0.129366127390181
0 0.8906238364984459 0.4284784739294965 0.05062852103089917 0.13405362739018098
0 0.9367994736535756 0.4329947956441515 0.05062852103089917 0.13405362739018098
0 0.04135857813070282 0.5811696568475453 0.02899918249628841 0.1373393136950906
0 0.24876164235505405 0.5866743869509049 0.05062852103089917 0.13405362739018098
0 0.4383187873120999 0.5933713772332975 0.05079229534115868 0.137178627390181
0 0.5326043758467106 0.5947417149870814 0.05046474672063965 0.130928627390181
0 0.6722434079588864 0.5997970596806956 0.047257859565509895 0.12916586829088245
0 0.7663242786056726 0.5972611474344796 0.05358974672063965 0.1311288864894795
0 0.9092930286056726 0.6064230012273925 0.05062852103089917 0.13405362739018098
0 0.9890093475797223 0.6032059685308256 0.02198130484055554 0.1342538864894795
0 0.22285864088471602 0.7609839720837952 0.05079229534115868 0.13717862739018116
0 0.411593592264197 0.7668496475913631 0.05235479534115868 0.13727875693983016
0 0.5043166807988078 0.7681198557954977 0.05062852103089917 0.13405362739018117
0 0.6937919386007239 0.7732543460778902 0.05046474672063965 0.130928627390181
0 0.83248594640264 0.7751346259966798 0.05046474672063965 0.1309286273901808
0 0.8784568656699454 0.7757446977113347 0.047339746720639654 0.13072836829088227
0 0.9728652849372509 0.7794587854651187 0.050219085255250207 0.1262411273901808
0 0.2395558972162941 0.9310158698320418 0.048656585255250386 0.12614099784053182
0 0.5219180178630805 0.9375155949243268 0.05202724672063965 0.12496881015134634
0 0.7093361307079508 0.9403983679032862 0.05251856965141819 0.11920326419342757