0 0.0578125 0.06953125 0.034375 0.1046875
0 0.0984375 0.07265625 0.0375 0.1109375
0 0.140625 0.07265625 0.0359375 0.121875
0 0.184375 0.07265625 0.0375 0.115625
0 0.2265625 0.06953125 0.034375 0.115625
0 0.2703125 0.0765625 0.0375 0.121875
0 0.4046875 0.0796875 0.0375 0.1140625
0 0.446875 0.08359375 0.0359375 0.11875
0 0.6625 0.090625 0.034375 0.1078125
0 0.7078125 0.09375 0.0375 0.1109375
0 0.7484375 0.09375 0.0328125 0.1109375
0 0.790625 0.096875 0.034375 0.115625
0 0.8328125 0.096875 0.0328125 0.115625
0 0.0953125 0.2359375 0.0328125 0.11875
0 0.1390625 0.2328125 0.0328125 0.11875
0 0.18125 0.2359375 0.034375 0.11875
0 0.5328125 0.25 0.034375 0.115625
0 0.5734375 0.25 0.03125 0.115625
0 0.8328125 0.25703125 0.03125 0.1109375
0 0.053125 0.403125 0.034375 0.121875
0 0.1375 0.39921875 0.034375 0.121875
0 0.3578125 0.409375 0.0375 0.115625
0 0.5328125 0.409375 0.034375 0.1109375
0 0.6171875 0.41328125 0.034375 0.1109375
0 0.7921875 0.41640625 0.0328125 0.1078125
0 0.834375 0.4203125 0.03125 0.1109375
0 0.225 0.56953125 0.0359375 0.121875
0 0.3140625 0.56953125 0.0375 0.1171875
0 0.3625 0.56953125 0.0421875 0.121875
0 0.446875 0.57265625 0.034375 0.121875
0 0.4890625 0.57265625 0.034375 0.121875
0 0.53125 0.5765625 0.0359375 0.121875
0 0.575 0.57265625 0.0328125 0.121875
0 0.6609375 0.5765625 0.0328125 0.1140625
0 0.75 0.5765625 0.0375 0.1140625
0 0.7921875 0.5796875 0.034375 0.1109375
0 0.834375 0.5765625 0.034375 0.11875
0 0.0921875 0.72890625 0.03125 0.121875
0 0.134375 0.72890625 0.034375 0.121875
0 0.178125 0.7328125 0.034375 0.1140625
0 0.26875 0.7328125 0.0375 0.11875
0 0.265625 0.89921875 0.034375 0.121875
0 0.4 0.89921875 0.0375 0.121875
0 0.4859375 0.89921875 0.0328125 0.11875
0 0.53125 0.89921875 0.0328125 0.11875
0 0.5734375 0.903125 0.0359375 0.115625
0 0.7046875 0.903125 0.034375 0.115625