0 0.24856318613802958 0.0071747607335763105 0.12162362772394084 0.014349521467152621
0 0.21260962462184768 0.10502841964354148 0.1242458831718225 0.059050304520902895
0 0.1616212889683507 0.26533079321864567 0.12123014381548418 0.060540069338541794
0 0.139314964210617 0.35008765292604155 0.1273708831718224 0.059123039703264005
0 0.048067251337382315 0.7946383931423957 0.09613450267476463 0.05563436379145834
0 0.0459748736134415 0.8353724959159374 0.091949747226883 0.062029834156180644
0 0.3908217419542283 0.01571265292604153 0.13085651609154336 0.03142530585208306
0 0.3744647684373319 0.04354279293430524 0.12446440445914594 0.06217530452090288
0 0.3287266614965114 0.2068428799402775 0.12246486188449897 0.0558889369297223
0 0.3202532437958137 0.24993891650940947 0.1371829257464694 0.06559124525034736
0 0.3056937170606086 0.2908366734432636 0.1273708831718224 0.059123039703264005
0 0.25255301952261267 0.5042276794271873 0.12737088317182244 0.059123039703263915
0 0.23977451407473102 0.5419640687698608 0.13194912252816077 0.05766964247680555
0 0.2322462373395259 0.5826981715434025 0.1340579257464694 0.06551851006798622
0 0.17959721269800774 0.7890579275273262 0.11966764381548423 0.060503701747361124
0 0.6915430077936702 0.037722671924652194 0.14633940445914603 0.06268445079743068
0 0.632206940577505 0.250477898273298 0.13707366510280766 0.06402874525034737
0 0.6089554748542788 0.33759669177628415 0.13718292574646931 0.06559124525034736
0 0.528493170627564 0.6405411602411453 0.13049588317182242 0.05919577488562524
0 0.5147148938923587 0.6814207333794092 0.1340579257464693 0.06551851006798622
0 0.49593240688180906 0.7715554241088537 0.13373014381548423 0.06083101006798621
0 0.4800289014339274 0.8093645486338884 0.1403079257464693 0.06566398043270852
0 0.9674610155873402 0.08511912310333251 0.05415190445914604 0.06053876291777782
0 0.9624403798176278 0.12345492449010335 0.05873014381548423 0.0590853656913195
0 0.9251596290613232 0.34427657076663115 0.10248014381548387 0.060103658244375066
0 0.9031539530627523 0.4805050114960755 0.1276986651028075 0.06381053970326392
0 0.8696480483515046 0.6138812091593742 0.14365144703379268 0.06886171561506949
0 0.8579403700071453 0.6586124809108673 0.14343292574646932 0.06573671561506948
0 0.8484671810191241 0.7048517012755895 0.13718292574646931 0.06559124525034736
0 0.8220360849740669 0.7928244799609369 0.14532320767745466 0.07046058320625015
0 0.8118362763078766 0.8383006341212493 0.14052644703379294 0.06878898043270851
0 0.8001832282853479 0.8822506558727422 0.14041718639013112 0.06722648043270851
0 0.7870769409064812 0.9246745452154158 0.1435421863901311 0.06729921561506984
0 0.776079456745923 0.9592495669669091 0.14201253737886682 0.04542421561506984