0 0.08898609034507397 0.0255468202884723 0.10952781930985205 0.04934799620027787
0 0.0819823374950824 0.0809428351061112 0.11418246832111634 0.07129573138263898
0 0.0689635314267821 0.1440240633546181 0.10636996832111634 0.07111389342673621
0 0.04569278130073134 0.3936058360560417 0.09138556260146267 0.0713320989738195
0 0.04376161762291947 0.4591762846692709 0.08752323524583894 0.06991506933854179
0 0.03451783958876934 0.5199501305089583 0.06903567917753868 0.06490026101791671
0 0.034621746393703766 0.5864109318957291 0.06924349278740753 0.06969686379145834
0 0.017751320647234368 0.7103387411662847 0.035502641294468736 0.0675524823325695
0 0.0022795039352723643 0.8413341680280209 0.004559007870544729 0.07016833605604163
0 0.2443516614965114 0.22088077013597243 0.20357275025210156 0.07805618407993072
0 0.22965038710709482 0.3527847335668405 0.21607275025210154 0.07834712480937522
0 0.22199107039513283 0.4175557483844794 0.197541271539425 0.0810357137152085
0 0.18366127186840114 0.6075988669255905 0.21294775025210155 0.07827438962701408
0 0.15745976876630802 0.7361050734226043 0.2257755321830867 0.0832528303564585
0 0.5152372339084567 0.0511183564763546 0.2147287715394249 0.08143575721819463
0 0.4966404171964946 0.11563479815572959 0.22275979282674854 0.0847425951740974
0 0.4885986882317165 0.18587456297336846 0.21538433540139543 0.09081075721819465
0 0.44115633363668466 0.4390898287409379 0.2051352502521016 0.07809255167111129
0 0.4313171578902152 0.501462542171806 0.2031357076774547 0.07180618407993081
0 0.4236578411782532 0.5662335569894449 0.21327553218308673 0.08296188962701408
0 0.4096392638226295 0.6324216014423615 0.22130655347041017 0.08626872758291686
0 0.40477716517968226 0.7019528514423615 0.21640053218308672 0.08303462480937522
0 0.39717247878955114 0.7659426162600005 0.22711951089576327 0.08016419794763899
0 0.3893492711120965 0.8330573810776393 0.21974405347041018 0.08623235999173637
0 0.35964035575718734 0.9611040936070314 0.2262125747577337 0.07779181278593725
0 0.7556055077936701 0.07158089931375064 0.22711951089576346 0.08016419794763907
0 0.7304584063007313 0.1961990396063548 0.21640053218308672 0.08303462480937522
0 0.7094525015894838 0.3287387826725006 0.22777507475773362 0.08953919794763907
0 0.6963244348775218 0.3933825109210075 0.21952553218308674 0.08310735999173638
0 0.6884465968782364 0.46127852573864647 0.20033848960843983 0.07642094889756948
0 0.6805141285571201 0.5299557905562853 0.21451025025210163 0.07831075721819455
0 0.6729640724888197 0.5931643053739242 0.20502598960843982 0.0765300516711113
0 0.665976745133196 0.6595160039871534 0.24932229282674853 0.08536084422416686
0 0.6141257599642317 0.9777672029816322 0.22123014381548423 0.044465594036735466
0 0.9282296347613063 0.27748932645982716 0.11251070767745475 0.06969686379145842
0 0.9161723951528664 0.3492006722995147 0.12657320767745475 0.07002417211208342
0 0.909512849728228 0.4108648709127438 0.13115144703379294 0.0685707748856252
0 0.9000725117289425 0.4787245181392022 0.14107275025210164 0.07660148043270851
0 0.858738409479699 0.8236369746362161 0.12802644703379293 0.06849803970326392
0 0.8335531031592973 0.9599920487244106 0.1381662715394249 0.07965374525034719