0 0.978125 0.45222948538291285 0.04375 0.058576159090609536
0 0.92109375 0.7777965012112255 0.0734375 0.06690685633066593
0 0.89140625 0.13587205397116894 0.171875 0.0858125892845374
0 0.88515625 0.19435670981536762 0.1796875 0.0906364569792891
0 0.86171875 0.30332260673111244 0.15625 0.08085235389503395
0 0.84453125 0.36005384780265876 0.171875 0.08581258928453739
0 0.821875 0.47059588148787884 0.171875 0.08893758928453739
0 0.7984375 0.5819055284036236 0.1796875 0.0859489569792892
0 0.784375 0.6363475665530707 0.184375 0.08915577759614024
0 0.778125 0.6917072223972693 0.1625 0.08096144805083547
0 0.734375 0.9065685633066598 0.178125 0.09060918344033872
0 0.7140625 0.9566402195595431 0.175 0.0867195608809137
0 0.69296875 0.08006456452447579 0.1703125 0.08891031574558705
0 0.64375 0.3073304480475401 0.1890625 0.0908000982129911
0 0.63359375 0.36418442004436286 0.18125 0.08753873051823949
0 0.6203125 0.42176509496328496 0.190625 0.09395237175194157
0 0.609375 0.47469918019063256 0.1875 0.08921032467404082
0 0.53984375 0.8078605077073424 0.184375 0.08759327759614025
0 0.4796875 0.03806047645775437 0.178125 0.06248418344033876
0 0.4609375 0.14007694399035028 0.175 0.08899213636243807
0 0.45 0.1945735292176979 0.171875 0.08581258928453739
0 0.4359375 0.25448431736714483 0.184375 0.08759327759614015
0 0.40546875 0.42426498335761326 0.19375 0.08931941882984215
0 0.38515625 0.4770354273512588 0.1796875 0.0937614569792892
0 0.32109375 0.819667212254295 0.1828125 0.09537850405718977
0 0.30234375 0.8701211797868907 0.1953125 0.09403419236879244