0 0.046875 0.065625 0.03125 0.1078125
0 0.0875 0.06953125 0.034375 0.115625
0 0.128125 0.065625 0.0328125 0.1109375
0 0.1734375 0.065625 0.0359375 0.11875
0 0.30625 0.06953125 0.034375 0.11875
0 0.35 0.06953125 0.034375 0.125
0 0.4828125 0.07265625 0.0359375 0.1109375
0 0.528125 0.0765625 0.0359375 0.11875
0 0.571875 0.0765625 0.0375 0.11875
0 0.3046875 0.2328125 0.0359375 0.11875
0 0.7890625 0.246875 0.0359375 0.11875
0 0.959375 0.25703125 0.034375 0.115625
0 0.2609375 0.39921875 0.0390625 0.125
0 0.834375 0.409375 0.034375 0.121875
0 0.0484375 0.559375 0.046875 0.1171875
0 0.1265625 0.559375 0.040625 0.1171875
0 0.2125 0.5625 0.040625 0.128125
0 0.259375 0.565625 0.0359375 0.1171875
0 0.303125 0.56953125 0.0359375 0.121875
0 0.3484375 0.565625 0.0359375 0.1171875
0 0.4828125 0.56953125 0.034375 0.121875
0 0.525 0.57265625 0.034375 0.121875
0 0.6140625 0.57265625 0.0375 0.121875
0 0.790625 0.5796875 0.034375 0.125
0 0.834375 0.5765625 0.034375 0.125
0 0.040625 0.72578125 0.0328125 0.1171875
0 0.08125 0.72578125 0.0328125 0.1109375
0 0.1234375 0.72890625 0.034375 0.121875
0 0.4359375 0.7359375 0.0359375 0.125
0 0.5703125 0.7359375 0.034375 0.1140625
0 0.6578125 0.73984375 0.0328125 0.125
0 0.7921875 0.746875 0.0359375 0.121875
0 0.8796875 0.746875 0.034375 0.11875
0 0.078125 0.8921875 0.03125 0.11875
0 0.209375 0.903125 0.034375 0.125
0 0.34375 0.89921875 0.034375 0.115625
0 0.4796875 0.903125 0.034375 0.121875
0 0.5265625 0.903125 0.0359375 0.121875
0 0.703125 0.909375 0.034375 0.11875
0 0.7921875 0.909375 0.034375 0.115625
0 0.9640625 0.90625 0.03125 0.11875