0 0.8391799344209117 0.9179656484550602 0.041997149479601606 0.11667067445232178
0 0.5082984266189956 0.9012960078510517 0.04092597241038014 0.12600021034569905
0 0.3426734266189956 0.8964768125490477 0.04216092378986112 0.11979567445232178
0 0.25829842661899555 0.8940217507914227 0.04232469810012063 0.12292067445232177
0 0.21590620873117122 0.8967004699126104 0.03936347241038014 0.12595474623907635
0 0.01427834746818063 0.8837134219450391 0.02855669493636126 0.1117558539192082
0 0.8848686499338868 0.7628067870140045 0.03591092378986147 0.1196138180258309
0 0.8458061499338868 0.7616701843484375 0.039199698100120625 0.12282974623907635
0 0.8067436499338869 0.7605335816828704 0.040434649479601605 0.11662521034569906
0 0.7659139320460625 0.7632577649106806 0.0388721494796016 0.11657974623907634
0 0.35258841644223027 0.7371472766556704 0.040598423789861116 0.11975021034569906
0 0.14304964213197074 0.7341800863682311 0.039035923789861114 0.11970474623907634
0 0.061799642131970756 0.7318159528238516 0.03862648801421238 0.11189224623907634
0 0.8912901475590378 0.6104175729073819 0.0373096494796016 0.11653428213245362
0 0.8553526475590377 0.6093718984550602 0.0357471494796016 0.11648881802583091
0 0.40436335764494596 0.5852952716411053 0.0373096494796016 0.11653428213245362
0 0.7354163630720129 0.44939384171200036 0.03722776232447202 0.11497178213245363
0 0.16411457315792113 0.421816478688099 0.0367364393936934 0.10559678213245363
0 0.8635490863869041 0.3036758279219468 0.03566526232447202 0.1149263180258309
0 0.7838615863869041 0.3013571584841901 0.038954036634731536 0.11814224623907635
0 0.5809413042747286 0.2915405746232415 0.03517393939369349 0.10555131802583091
0 0.4621913042747286 0.2880853025199177 0.03517393939369349 0.10555131802583091
0 0.38094130427472855 0.2857211689755383 0.03533771370395291 0.10867631802583091
0 0.8663542610812766 0.16057068560207874 0.0435596494796016 0.11671613855894436
0 0.6292227532793604 0.1466288913954312 0.0388721494796016 0.1165797462390763
0 0.47141025327936037 0.14203701662654042 0.03690021370395282 0.10872178213245362
0 0.2672550197877038 0.1259249686589692 0.040598423789861116 0.11975021034569897
0 0.10788001978770374 0.12128762978345572 0.03862648801421238 0.1118922462390763