0 0.35840230242559434 0.029732769888797656 0.05031873545613248 0.0430057061685102
0 0.2707428057595742 0.04847486160896704 0.04706618969849794 0.041388659090609514
0 0.22385183030538142 0.05868170454695241 0.05344373545613248 0.04306025324641087
0 0.9127708090935542 0.06266227232442964 0.07241661818710839 0.12532454464885928
0 0.7198976539428031 0.07818826623864497 0.07410666394474283 0.1432784415580136
0 0.6752228827309757 0.08679169886820483 0.07904925546001174 0.14648526217486463
0 0.6245532030344174 0.09862922565356605 0.08281198424818434 0.1543523092527653
0 0.5773433631861383 0.10492981859155141 0.0802291181871082 0.14182503571381497
0 0.5270722962166765 0.11206620860743746 0.07697657242947357 0.1402079886359143
0 0.924106277130881 0.24126714448670353 0.08370480455162621 0.16528980925276532
0 0.8770877559190537 0.24991148742468888 0.08864739606689512 0.1684966298696163
0 0.6743134422835718 0.27692182102718343 0.08344971303635713 0.16216480925276527
0 0.9938291036432407 0.416506877847612 0.012341792713518629 0.13667388555165924
0 0.9708141150826493 0.4257142824739947 0.05837176983470158 0.15268071509696401
0 0.8787133841081015 0.4423444492752419 0.07955943849054989 0.1527352621748646
0 0.7758912730479952 0.45743938961543956 0.08281198424818452 0.1543523092527653
0 0.7266565475938023 0.4676871428618504 0.08851985030926066 0.16693412986961637
0 0.4794625542617622 0.5064259090939048 0.08411939273291544 0.15125458279171564
0 0.38489935335337655 0.5268532317393507 0.07955943849054989 0.15273526217486477
0 0.9934780304648608 0.6127369955423637 0.013043939070278298 0.16350912094116268
0 0.9682149512224955 0.6204909943245477 0.06357009755500904 0.1716489034085667
0 0.8282503538124185 0.6388160746806314 0.08437448424818435 0.15437958279171565
0 0.7239295156311293 0.6547195385597794 0.08775457576345361 0.1575591298696164
0 0.6242961774498401 0.6705411818220762 0.08386430121764636 0.14812958279171545
0 0.5750614519956473 0.680788935068487 0.0839598960668951 0.16841480925276536
0 0.3833362086636071 0.7185594906678044 0.08670225879399167 0.16378185633066594
0 0.6235620801846953 0.8724036907505299 0.08383235030926066 0.16685230925276534
0 0.5722546716999644 0.8764287175358912 0.07850712152108805 0.15895798863591432
0 0.5252999233669542 0.8858543104738764 0.08564994182452992 0.17000458279171582
0 0.4763840623068477 0.9000083137202874 0.08564994182452992 0.17000458279171582
0 0.42560281230684777 0.9008947037361736 0.08851985030926066 0.16693412986961603