0 0.8696279976377472 0.22484974110015227 0.0754414880191007 0.1522029626573361
0 0.756664206167935 0.20304375084841456 0.07889387023308565 0.1618147609976621
0 0.7047470421027844 0.18898032823303473 0.07744049763774719 0.1648213618274991
0 0.5419370180561673 0.14547601412116176 0.07733137023308564 0.16169636182749908
0 0.1689335384745874 0.06266871120744356 0.06911707694917477 0.10497276514684699
0 0.9472520337500822 0.43955270375748834 0.07037204210278461 0.14091026514684696
0 0.8945536196849314 0.425430081557027 0.07226192431676956 0.15040366431701
0 0.780999551173277 0.4090336417202078 0.0737698606144388 0.14895956348717299
0 0.563901331210344 0.3505070562377105 0.0737698606144388 0.14895956348717299
0 0.08709080534962838 0.24035415809323268 0.07376986061443873 0.148959563487173
0 0.990897851628764 0.6541013784474605 0.018204296742472082 0.14647318091374953
0 0.962636442372937 0.6497564979486296 0.07472711525412593 0.1619331601678251
0 0.9187525554344464 0.6275137224288203 0.07037204210278461 0.14091026514684693
0 0.8608854917321155 0.6215704531327884 0.08056549763774719 0.1650581601678251
0 0.8067337050716267 0.6104544317621641 0.08525299763774719 0.1654133576783142
0 0.6434425313878294 0.5754846680652095 0.08229168874473984 0.16986405933798815
0 0.5880729851086935 0.5518094471095039 0.07700398801910051 0.15232136182749906
0 0.537128044001701 0.5432739740792055 0.07711311542376223 0.15544636182749905
0 0.9319147874630971 0.8482406195243909 0.08056549763774754 0.1650581601678251
0 0.6120635897326825 0.7702401383962154 0.07744049763774737 0.16482136182749904
0 0.4524058475372309 0.7277538726246686 0.07533236061443879 0.14907796265733603
0 0.29008689681159144 0.6983120585127957 0.0741518065307547 0.15989706348717297
0 0.13481655425332004 0.6475872402517376 0.07226192431676957 0.15040366431700997
0 0.043782326485838616 0.6290013383822823 0.04904267912609302 0.15487767676456468
0 0.9377258217613331 0.9793639168158098 0.056889895460829364 0.04127216636838042
0 0.8462922899101677 0.974793893370593 0.07413195916316014 0.05041221325881402