0 0.14190380996314633 0.9836917315135614 0.1720661896984979 0.03261653697287734
0 0.13896999966164428 0.9516212261107151 0.1799423336393613 0.08978908404557515
0 0.0888402619587937 0.29639612884037314 0.17187474212409223 0.08620905773721602
0 0.0816327662108575 0.11116428413027983 0.163265532421715 0.08795356826055968
0 0.35392441739940883 0.6839086232963526 0.16849465060882318 0.08290204721387226
0 0.32661158680416336 0.3934509522920175 0.17499974212409217 0.08639106826055976
0 0.3197232133262212 0.20858312862861164 0.18462983363936125 0.09006209983059074
0 0.3168849978739681 0.14719060232025236 0.18188747091226495 0.09456758930724708
0 0.3156730553005322 0.08510783127356499 0.1751272878817268 0.08795356826055971
0 0.5964318132971262 0.9843874944559794 0.17334164727484325 0.0312250110880413
0 0.5784302098230635 0.7126838836079348 0.16992960485118863 0.08143055247554418
0 0.5721481299767239 0.6550155967762319 0.1651145590935542 0.07959503669052861
0 0.564271470284045 0.5399520388978415 0.16992960485118863 0.08143055247554401
0 0.5465570381715908 0.30500091524855305 0.16718724212409236 0.08593604195220043
0 0.5450900040828859 0.24604314420186565 0.15573955909355403 0.07904900512049755
0 0.5332590390896748 0.06402730475344423 0.1741069218206505 0.07545356826055971
0 0.8172543673897106 0.9672521088267552 0.17528678454774688 0.06549578234648976
0 0.8132682401187467 0.9226027281062666 0.17499974212409208 0.08639106826055994
0 0.8032870754250979 0.8333204202278761 0.16093724212409208 0.08557202090551294
0 0.7854292510387701 0.6289745544710955 0.1584819218206505 0.07454351564384112
0 0.7798008754347961 0.5729142702702286 0.17318215060882308 0.08317506299888784
0 0.772801318467274 0.5144192308076897 0.16524210485118865 0.08115753669052861
0 0.7595983984827912 0.0991890729575342 0.17994233363936124 0.08978908404557526
0 0.9340426099728447 0.77970884379246 0.01916433030538158 0.06331904735504672
0 0.9355730301265052 0.7224955832691163 0.025031693032477875 0.05899556840173403
0 0.9356684960378004 0.6636288174841007 0.03427914727484307 0.05797909997176518
0 0.9296887893795389 0.4387807359281872 0.06240414727484307 0.05961719468185826
0 0.9234704824120167 0.3803311990964843 0.062404147274843426 0.05961719468185844