0 0.0734375 0.21171875 0.0359375 0.115625
0 0.153125 0.215625 0.034375 0.11875
0 0.1953125 0.215625 0.0328125 0.11875
0 0.3703125 0.059375 0.0328125 0.115625
0 0.4140625 0.059375 0.0328125 0.115625
0 0.4109375 0.221875 0.034375 0.1078125
0 0.4546875 0.221875 0.034375 0.1109375
0 0.4984375 0.22578125 0.0296875 0.1078125
0 0.45625 0.0625 0.03125 0.1109375
0 0.628125 0.065625 0.03125 0.1109375
0 0.715625 0.06953125 0.0328125 0.115625
0 0.759375 0.07265625 0.0328125 0.1109375
0 0.803125 0.23984375 0.034375 0.115625
0 0.846875 0.2359375 0.0328125 0.115625
0 0.8875 0.07265625 0.0296875 0.1078125
0 0.93125 0.0765625 0.0328125 0.1078125
0 0.325 0.38203125 0.0390625 0.115625
0 0.496875 0.38515625 0.034375 0.1046875
0 0.846875 0.39921875 0.0328125 0.1109375
0 0.934375 0.40625 0.0328125 0.115625
0 0.1046875 0.534375 0.0359375 0.128125
0 0.1453125 0.534375 0.0328125 0.128125
0 0.1890625 0.53828125 0.0359375 0.128125
0 0.31875 0.7046875 0.034375 0.125
0 0.453125 0.5484375 0.034375 0.115625
0 0.58125 0.71875 0.034375 0.121875
0 0.8484375 0.565625 0.0328125 0.1171875
0 0.890625 0.56953125 0.034375 0.1140625
0 0.8921875 0.7328125 0.0328125 0.11875
0 0.0609375 0.85390625 0.0375 0.115625
0 0.1421875 0.8578125 0.034375 0.1078125
0 0.359375 0.878125 0.034375 0.125
0 0.5359375 0.88203125 0.0359375 0.125
0 0.7140625 0.8921875 0.034375 0.121875