0 0.0796875 0.10390625 0.0359375 0.115625
0 0.165625 0.10078125 0.034375 0.115625
0 0.2125 0.10390625 0.0375 0.125
0 0.3453125 0.10390625 0.0359375 0.128125
0 0.571875 0.1078125 0.0375 0.128125
0 0.8453125 0.1078125 0.0375 0.1359375
0 0.3046875 0.27421875 0.04375 0.128125
0 0.753125 0.27421875 0.034375 0.121875
0 0.7984375 0.27421875 0.0359375 0.121875
0 0.9390625 0.27421875 0.0390625 0.115625
0 0.034375 0.4375 0.0375 0.115625
0 0.078125 0.4375 0.034375 0.11875
0 0.121875 0.4375 0.0359375 0.121875
0 0.3890625 0.440625 0.0375 0.115625
0 0.4328125 0.44453125 0.0328125 0.115625
0 0.4796875 0.44453125 0.0375 0.115625
0 0.521875 0.44453125 0.0390625 0.11875
0 0.6140625 0.44453125 0.0390625 0.11875
0 0.70625 0.44765625 0.0359375 0.11875
0 0.7515625 0.44765625 0.0375 0.1140625
0 0.7984375 0.44765625 0.0375 0.11875
0 0.84375 0.44765625 0.0375 0.121875
0 0.1234375 0.60390625 0.0359375 0.121875
0 0.346875 0.6109375 0.040625 0.121875