0 0.8985417707831204 0.16489775427149383 0.08943384059717552 0.05200021751493065
0 0.9111349699106002 0.26457109916125077 0.08373014381548423 0.059667247150208345
0 0.7599220311746805 0.23366332522555622 0.15302644703379292 0.06907992116215292
0 0.7712808762113316 0.4405133904800354 0.15804172896477803 0.07387652393569458
0 0.7869990753388114 0.5402594705521535 0.1594949683211162 0.07235039152687506
0 0.7933422744662912 0.6397873450771882 0.15280792574646948 0.06595492116215293
0 0.5445805264831035 0.0455411569131949 0.15124542574646932 0.06591855357097234
0 0.5501860342767737 0.09966561246027825 0.15626070767745476 0.07071515634451402
0 0.34671147301269334 0.12231794319798642 0.15280792574646931 0.06595492116215289
0 0.3625824914500252 0.17511628808774338 0.17733803218308672 0.08212543502986125
0 0.3717229086465198 0.2794043977951392 0.17857275025210165 0.07747430262104178
0 0.38527767423386006 0.38770786027607673 0.1688699683211164 0.0725685970739585
0 0.39813295331485377 0.4388709699834726 0.17177644703379294 0.06951633225631966
0 0.3929102217521856 0.4911783523922921 0.1688699683211164 0.07256859707395832
0 0.3954999901895174 0.5436675727570142 0.17533848960843984 0.07583906743868063
0 0.414261425823344 0.7006085569894449 0.17177644703379294 0.06951633225631966
0 0.4156164761916611 0.7483739097629865 0.18438570767745457 0.07136977298576408
0 0.4144638855944855 0.7984284611497573 0.1766824683211164 0.0727504350298613
0 0.41843583757195696 0.8423421153100698 0.17646394703379292 0.06962543502986093
0 0.15204918303593645 0.14204529568718766 0.17868201089576327 0.07903680262104178
0 0.16733033958876936 0.2480413757593057 0.18169775025210155 0.07754703780340293
0 0.17915871421061702 0.35865222064906266 0.17210422896477812 0.07420383225631957
0 0.18403760232611802 0.4119772424005557 0.1739945108957633 0.07892769984750014
0 0.18317458883246468 0.46908122758291687 0.17210422896477812 0.07420383225631966
0 0.2069131015698134 0.6331807483844794 0.1689792289647781 0.07413109707395851
0 0.21403755069729322 0.7327268067051044 0.17701025025210154 0.0774379350298613
0 0.21829907977828683 0.7836898946610071 0.16563570767745459 0.07093336189159735