0 0.9867038527211793 0.8515625 0.02659229455764134 0.096875
0 0.9607991647835401 0.8609375 0.06368178668045417 0.1015625
0 0.8649599534531763 0.8828125 0.06368178668045381 0.1015625
0 0.5906781161282214 0.94453125 0.06213746801399935 0.103125
0 0.5415230007956304 0.95 0.06522610534690845 0.1
0 0.5002076574633577 0.9578125 0.05723179201145392 0.084375
0 0.45181561079722127 0.96171875 0.06339088534372675 0.0765625
0 0.40578549546463033 0.9671875 0.05857611600890866 0.065625
0 0.9247151194302681 0.7140625 0.07187609468490805 0.134375
0 0.9673990483768161 0.70390625 0.06520190324636772 0.1265625
0 0.734426474100859 0.74296875 0.07034995735199914 0.1375
0 0.9681885680299077 0.5078125 0.06362286394018461 0.134375
0 0.9279566560709511 0.52265625 0.0688420013526354 0.1421875