0 0.7114781586228549 0.12291338445846492 0.04019346878180663 0.12208407825883123
0 0.6652479993670278 0.1265514688656162 0.040466287293461 0.12989657825883122
0 0.6197172445577044 0.1325378484523073 0.040466287293461 0.12989657825883122
0 0.5752132764088698 0.13149752321853816 0.04035715988879929 0.12677157825883123
0 0.5298189308553736 0.13357765280522926 0.04348215988879929 0.12678975897699046
0 0.17924601198089957 0.1479476623713949 0.04024803248413762 0.12364657825883123
0 0.9726909332176262 0.29556158586107956 0.03890378729346118 0.12988748789975163
0 0.9628099578123976 0.4666326099633805 0.040248032484137754 0.12364657825883114
0 0.5579860485565704 0.4681844569617596 0.04035715988879929 0.12677157825883115
0 0.5125917030030741 0.4702645865484506 0.043373032484137576 0.12366475897699054
0 0.42749001670540493 0.4682066619786115 0.04348215988879929 0.12678975897699055
0 0.3828223574495778 0.4718538367448423 0.04035715988879929 0.12677157825883115
0 0.6873585461094998 0.6345957730221464 0.0399752139724832 0.11583407825883114
0 0.640510827960665 0.6335418122497579 0.040084341377145095 0.11895907825883115
0 0.9011878892159253 0.7991542184728326 0.036850213972483205 0.11581589754067192
0 0.8574651710670906 0.7981184384186035 0.04019346878180698 0.12208407825883114
0 0.5002702299600982 0.8007287913689108 0.04320934137714509 0.11897725897699055
0 0.44732130083400506 0.9505595779642437 0.04260914065150558 0.09888084407151254