0 0.1109375 0.0703125 0.0375 0.115625
0 0.1546875 0.07734375 0.04375 0.1328125
0 0.1984375 0.07578125 0.04375 0.1328125
0 0.57265625 0.06171875 0.0421875 0.1234375
0 0.66953125 0.0578125 0.0421875 0.115625
0 0.71953125 0.05703125 0.0453125 0.1140625
0 0.86640625 0.0640625 0.0484375 0.128125
0 0.0046875 0.25625 0.009375 0.134375
0 0.0328125 0.25703125 0.0421875 0.1359375
0 0.20390625 0.24296875 0.0390625 0.140625
0 0.25078125 0.2453125 0.0453125 0.14375
0 0.3 0.24375 0.0421875 0.1359375
0 0.34453125 0.2421875 0.0421875 0.1359375
0 0.39140625 0.240625 0.0421875 0.1515625
0 0.48515625 0.23671875 0.0453125 0.14375
0 0.8265625 0.21328125 0.0421875 0.15625
0 0.9265625 0.22578125 0.0421875 0.14375
0 0.00625 0.42578125 0.0125 0.1390625
0 0.075 0.42109375 0.0421875 0.1359375
0 0.25234375 0.41953125 0.0453125 0.14375
0 0.30078125 0.41328125 0.0421875 0.1515625
0 0.34765625 0.41640625 0.0484375 0.1515625
0 0.39453125 0.41484375 0.0453125 0.14375
0 0.49140625 0.4109375 0.0453125 0.1515625
0 0.58515625 0.415625 0.05 0.14375
0 0.6828125 0.4125 0.0421875 0.1484375
0 0.78515625 0.41171875 0.0453125 0.1484375
0 0.83359375 0.41015625 0.0421875 0.14375
0 0.11953125 0.59765625 0.0421875 0.125
0 0.209375 0.60234375 0.0421875 0.1359375
0 0.25625 0.59609375 0.0421875 0.1359375
0 0.303125 0.59453125 0.0390625 0.1359375
0 0.35390625 0.59296875 0.0390625 0.1328125
0 0.49453125 0.5921875 0.0421875 0.128125
0 0.54296875 0.59375 0.0421875 0.1359375
0 0.6421875 0.5984375 0.046875 0.1671875
0 0.74140625 0.60234375 0.0453125 0.15625
0 0.7921875 0.6046875 0.046875 0.159375
0 0.840625 0.59921875 0.0421875 0.15625
0 0.94375 0.59140625 0.046875 0.1640625
0 0.0375 0.77734375 0.0359375 0.125
0 0.07890625 0.77578125 0.0359375 0.1328125
0 0.121875 0.77890625 0.0421875 0.1328125
0 0.165625 0.78046875 0.0390625 0.1359375
0 0.26171875 0.7890625 0.0453125 0.140625
0 0.3078125 0.7796875 0.0453125 0.1484375
0 0.40234375 0.78828125 0.0453125 0.140625
0 0.49921875 0.77265625 0.0453125 0.1515625
0 0.5484375 0.7828125 0.0390625 0.1484375
0 0.59609375 0.77734375 0.0453125 0.14375
0 0.69453125 0.7859375 0.0421875 0.14375
0 0.74609375 0.7875 0.053125 0.159375
0 0.95078125 0.78046875 0.0484375 0.15625
0 0.12109375 0.9390625 0.0453125 0.121875
0 0.16953125 0.94296875 0.0453125 0.1140625
0 0.2609375 0.94765625 0.04375 0.1046875
0 0.30703125 0.94296875 0.0453125 0.1140625
0 0.40390625 0.9421875 0.0421875 0.115625
0 0.45625 0.94375 0.04375 0.1125
0 0.5046875 0.940625 0.040625 0.11875
0 0.6015625 0.94375 0.05 0.1078125
0 0.74921875 0.93671875 0.05 0.1109375
0 0.853125 0.94140625 0.046875 0.0953125