0 0.06059070146302077 0.1992727466581822 0.12118140292604154 0.07332950668363561
0 0.06556783577170128 0.30857502132400044 0.13113567154340255 0.07347495735199913
0 0.07109048394809013 0.36943979598981863 0.14218096789618026 0.07049540802036276
0 0.0798290511024304 0.42558070798854597 0.1596581022048608 0.07383858402290802
0 0.08229943446118036 0.4825755953214551 0.16459886892236072 0.07547380935708983
0 0.08996548428088517 0.5988363946530916 0.17993096856177035 0.08185107869190791
0 0.24144065796003464 0.09638246196691061 0.18939111474138892 0.08343176002545338
0 0.24708993949517347 0.15567564596595612 0.18797408510611116 0.08966357869190791
0 0.2487602358479512 0.2181392832988652 0.18306837955902786 0.08023403469127162
0 0.2537191863610414 0.27353530796468345 0.17979790919430566 0.07394767202418073
0 0.4377721037234722 0.019865962643228353 0.18695579255305556 0.03973192528645671
0 0.45364841080982626 0.1735791192711847 0.19560474715020834 0.08194198535963518
0 0.45453745716260396 0.2360518472708665 0.18768314437666672 0.0771635786919079
0 0.4751941428580553 0.28814105860123024 0.18608427678548622 0.07558289735836254
0 0.482333189210833 0.35054106126673035 0.19560474715020848 0.08194198535963518
0 0.48705575038124965 0.4160933359325485 0.2036354526972918 0.0914078920273624
0 0.686642095555347 0.19664225990614068 0.20348998233256949 0.08515789202736235
0 0.7131610426499647 0.5673269299013681 0.19753092306201392 0.09758516669318062
0 0.7577059039728813 0.8011201272279139 0.2133377610179167 0.10557948002863497
0 0.7640442101093048 0.9314797892266412 0.17823540919430575 0.07392949069063519
0 0.8716925088337153 0.03243677227882069 0.14058993882958326 0.06487354455764138
0 0.8843912241644443 0.08968209321296008 0.1297615416031249 0.07180336935072647
0 0.9033542040284719 0.3487661918762329 0.15181837955902786 0.07987040802036276
0 0.9138169657119788 0.4697054005410967 0.1519274823325695 0.08455790802036275
0 0.9185577106779856 0.534476425206915 0.1392456443766669 0.07659995735199913
0 0.9226613695879508 0.6601758592059604 0.12536498233256949 0.08424882535009015
0 0.9290191659407284 0.7225849525382332 0.1094490416031249 0.07156701201463563
0 0.9377388960890964 0.7841855238701878 0.08902743882958361 0.06664315467854483
0 0.9338313396683325 0.851400295870506 0.09393314437666689 0.07607269867918127