0 0.7623828182966811 0.8092312018684945 0.16955558344622795 0.0846465577372161
0 0.8442535317734914 0.27877713339617327 0.17728619629109837 0.08353908404557524
0 0.85910832711465 0.14485715970453253 0.18674308344622795 0.08564761561560634
0 0.23113506106059187 0.967869310438639 0.19702548620519006 0.06426137912272196
0 0.503713825194086 0.8255108363234754 0.18846935775648763 0.08886362087727813
0 0.28454218057572445 0.5815733075960416 0.19784435775648762 0.08940965244730918
0 0.5938750734966054 0.22657978363616965 0.1883055834462281 0.0857386208772782
0 0.600439334012055 0.16113679415951337 0.18526247060135786 0.08711911035393452
0 0.35470743215760414 0.10999371018452528 0.18986808344622813 0.08582962613895004
0 0.04079990389061576 0.8700464604668738 0.08159980778123152 0.08384292093374768
0 0.06342625565420953 0.6045502630835925 0.12685251130841907 0.08722552616718496
0 0.08066574457293307 0.3329860762236546 0.16133148914586615 0.0827200366905286