0 0.15078125 0.9732751522604515 0.0609375 0.05344969547909706
0 0.2390625 0.9680798124046877 0.05625 0.0638403751906246
0 0.33125 0.962121406344514 0.05625 0.07575718731097184
0 0.37734375 0.9603231702122222 0.0546875 0.07935365957555547
0 0.41953125 0.9561448164887502 0.0515625 0.08771036702249972
0 0.51328125 0.9493869766329862 0.0578125 0.10122604673402762
0 0.69609375 0.9310455118709381 0.053125 0.12467399810013902
0 0.128125 0.8865758924768056 0.059375 0.13888196846486095
0 0.16875 0.8797089498475001 0.059375 0.13419446846486133
0 0.2625 0.8678285053183336 0.0640625 0.14680357123840296
0 0.4015625 0.853096470933403 0.0578125 0.13728310087368065
0 0.49609375 0.8373279601998268 0.0546875 0.13096036569131933
0 0.5390625 0.8305155689572921 0.0578125 0.13415810087368066
0 0.82265625 0.7894600367565632 0.071875 0.15167290919430557
0 0.8671875 0.7858090131052091 0.0625 0.14832970364722228
0 0.91640625 0.7916420922273966 0.065625 0.14840243882958326
0 0.13515625 0.7195520466371181 0.059375 0.13419446846486113
0 0.18515625 0.7152470595548961 0.0640625 0.13586607123840294
0 0.32421875 0.6958275251699655 0.0625 0.1436422036472223
0 0.51328125 0.6681967537028128 0.0609375 0.13891833605604162
0 0.80078125 0.6366071404800354 0.065625 0.14840243882958343
0 0.84921875 0.6353907858066327 0.065625 0.14996493882958326
0 0.89609375 0.6208568135420494 0.0609375 0.13891833605604162
0 0.9453125 0.6188773926642369 0.0625 0.14832970364722228
0 0.1015625 0.5476763934267362 0.06875 0.1562876740119446
0 0.14921875 0.5394106049577432 0.0625 0.1608297036472223
0 0.196875 0.5397385664887502 0.06875 0.1578501740119446
0 0.34375 0.5197196200597226 0.0609375 0.13891833605604162
0 0.3875 0.5137066626127782 0.0609375 0.14673083605604162
0 0.4375 0.5000266755305559 0.0625 0.1467672036472223
0 0.6734375 0.47036193179882 0.0609375 0.1623558360560418
0 0.77734375 0.45793662661232704 0.0609375 0.1404808360560418
0 0.82734375 0.4528503895301048 0.0625 0.14832970364722228
0 0.875 0.4453658510611119 0.0671875 0.1609388064207639
0 0.9265625 0.4410972315700702 0.0703125 0.15788654160312507
0 0.971875 0.4429331417143064 0.05625 0.15755923328250004
0 0.025 0.3794881314588889 0.05 0.15272626291777777
0 0.1109375 0.36664459897381957 0.0671875 0.14687630642076394
0 0.21328125 0.35340167619614604 0.0640625 0.15305357123840277
0 0.2609375 0.346698387727153 0.0671875 0.15781380642076392
0 0.31015625 0.33534396684934054 0.065625 0.15308993882958344
0 0.3609375 0.33418216356270863 0.0609375 0.1482933360560416
0 0.409375 0.32827830888930587 0.06875 0.1594126740119445
0 0.5078125 0.317288217133681 0.0640625 0.15617857123840279
0 0.55546875 0.309022428664688 0.065625 0.14683993882958335
0 0.7546875 0.280065546540209 0.0625 0.15770470364722228
0 0.80546875 0.27968499325357704 0.0671875 0.15625130642076393
0 0.85546875 0.2675675061713549 0.065625 0.14840243882958343
0 0.9078125 0.2633170704759035 0.0640625 0.16242857123840287
0 0.94921875 0.25568706164218835 0.0515625 0.14651263050895838
0 0.028125 0.19362336664125002 0.05625 0.14974673328250004
0 0.07578125 0.185357578172257 0.0625 0.1530172036472223
0 0.12421875 0.17867247349885426 0.065625 0.1468399388295834
0 0.27734375 0.15489274743454887 0.0671875 0.1531263064207639
0 0.32734375 0.1529315103523267 0.06875 0.1562876740119445
0 0.37890625 0.14397539086128502 0.0640625 0.13899107123840287
0 0.4265625 0.13961585239229204 0.06875 0.1625376740119445
0 0.5265625 0.12475587822784766 0.065625 0.1593399388295834
0 0.578125 0.11423725873680604 0.071875 0.16104790919430564
0 0.7296875 0.09588991508132005 0.06875 0.1594126740119445
0 0.78046875 0.09394686179468816 0.0703125 0.15319904160312506
0 0.83203125 0.09045949230364654 0.0765625 0.1439695119678473
0 0.8890625 0.09178690938173686 0.078125 0.14400587955902786