0 0.0484375 0.13203125 0.0359375 0.128125
0 0.0953125 0.13203125 0.0421875 0.128125
0 0.1375 0.128125 0.0375 0.128125
0 0.184375 0.128125 0.0390625 0.125
0 0.234375 0.128125 0.040625 0.125
0 0.328125 0.13203125 0.0390625 0.13125
0 0.4234375 0.13203125 0.0390625 0.121875
0 0.6125 0.1390625 0.0375 0.1390625
0 0.659375 0.13515625 0.0390625 0.1359375
0 0.7546875 0.1390625 0.0375 0.11875
0 0.8015625 0.1390625 0.0359375 0.125
0 0.8921875 0.1421875 0.0359375 0.1328125
0 0.9375 0.14609375 0.034375 0.1328125
0 0.0484375 0.30546875 0.0359375 0.121875
0 0.090625 0.30546875 0.0359375 0.121875
0 0.184375 0.30546875 0.0375 0.1328125
0 0.471875 0.315625 0.0359375 0.13125
0 0.5640625 0.315625 0.0359375 0.125
0 0.6125 0.315625 0.0359375 0.128125
0 0.7078125 0.3125 0.0375 0.125
0 0.8 0.315625 0.0359375 0.125
0 0.846875 0.315625 0.0359375 0.121875
0 0.5640625 0.4859375 0.034375 0.121875
0 0.6109375 0.48984375 0.0359375 0.11875
0 0.659375 0.48984375 0.034375 0.115625
0 0.8015625 0.48984375 0.034375 0.11875
0 0.184375 0.66328125 0.0375 0.1328125
0 0.2328125 0.659375 0.0375 0.1359375
0 0.2796875 0.66328125 0.040625 0.125
0 0.375 0.66328125 0.0390625 0.128125
0 0.51875 0.66328125 0.034375 0.121875
0 0.70625 0.66328125 0.040625 0.125
0 0.9375 0.66640625 0.034375 0.121875
0 0.0921875 0.83359375 0.0375 0.125
0 0.1375 0.83671875 0.0359375 0.1328125
0 0.184375 0.83671875 0.0390625 0.1328125
0 0.278125 0.840625 0.0375 0.128125
0 0.328125 0.84375 0.0390625 0.1359375
0 0.421875 0.840625 0.0390625 0.1328125
0 0.5171875 0.83671875 0.0375 0.125
0 0.6578125 0.840625 0.0375 0.128125
0 0.7046875 0.840625 0.0359375 0.128125