0 0.1735138906713006 0.29121799224866657 0.24761055103961843 0.10620231029746474
0 0.2152925292680088 0.5940321791086044 0.2653900468904336 0.11501586817585512
0 0.21395794006053387 0.7628199764636511 0.21723596680652096 0.07487671558737148
0 0.2240209469090111 0.8438424633094714 0.23825886182749914 0.0854347839891055
0 0.2155232079066732 0.9180990106645182 0.23825886182749914 0.0854347839891055
0 0.46477381763635794 0.0397808067394403 0.25111405933798814 0.0795616134788806
0 0.4808159825780679 0.1940651872834608 0.2576008576783142 0.09433934712916772
0 0.47837898942654516 0.275815716222656 0.2509956601678251 0.08928782608248031
0 0.5010855514638257 0.44084918202178897 0.27658765601864027 0.09855641026922993
0 0.5055022095570584 0.5198464372834608 0.26314046265733604 0.08532836817585512
0 0.5100964664055356 0.6011874425451327 0.23141686597668393 0.0772582629424182
0 0.502427521594339 0.6863814899001793 0.2509956601678251 0.08928782608248031
0 0.5363451933845261 0.9268776872834609 0.2642060551888033 0.09939086817585512
0 0.7923114348624418 0.2661629112574503 0.256890462657336 0.08496434712916771
0 0.8029780929556745 0.34479614547243476 0.2509956601678251 0.08928782608248031