0 0.5125 0.065625 0.034375 0.125
0 0.6453125 0.0625 0.0375 0.11875
0 0.6015625 0.059375 0.0375 0.11875
0 0.8234375 0.0625 0.034375 0.121875
0 0.1046875 0.20859375 0.0359375 0.121875
0 0.3328125 0.21875 0.0375 0.121875
0 0.55625 0.22578125 0.034375 0.125
0 0.734375 0.221875 0.034375 0.1171875
0 0.778125 0.22578125 0.0375 0.1171875
0 0.0640625 0.375 0.0484375 0.1359375
0 0.15 0.38203125 0.0421875 0.1390625
0 0.1953125 0.378125 0.0390625 0.128125
0 0.24375 0.378125 0.04375 0.1359375
0 0.3796875 0.38203125 0.04375 0.11875
0 0.421875 0.38203125 0.0359375 0.11875
0 0.6875 0.39609375 0.0375 0.134375
0 0.7765625 0.39609375 0.0375 0.1328125
0 0.8671875 0.39609375 0.0375 0.125
0 0.9546875 0.39921875 0.0390625 0.128125
0 0.421875 0.55234375 0.0359375 0.125
0 0.553125 0.55546875 0.0375 0.121875
0 0.3046875 0.71875 0.0421875 0.128125
0 0.375 0.715625 0.0375 0.1328125
0 0.41875 0.71875 0.0359375 0.1359375
0 0.509375 0.721875 0.034375 0.125
0 0.5515625 0.72578125 0.034375 0.125
0 0.6625 0.721875 0.0453125 0.121875
0 0.7765625 0.7359375 0.0375 0.1359375
0 0.8640625 0.72890625 0.0375 0.128125
0 0.9515625 0.7328125 0.0359375 0.128125
0 0.05625 0.878125 0.0375 0.128125
0 0.1015625 0.878125 0.0375 0.1328125
0 0.146875 0.88203125 0.0375 0.128125
0 0.2359375 0.88203125 0.0375 0.128125