0 0.9177553742398008 0.6156195558068502 0.12443949400955034 0.07414654800821019
0 0.9182662949283733 0.5562354654477707 0.12767362141421187 0.07728972872636941
0 0.9030455774125109 0.4326843359592754 0.16054068511654265 0.07904312626704132
0 0.8950718755057452 0.37012524862525786 0.15897818511654266 0.0790340359079618
0 0.8831646417478141 0.30832468539354135 0.16528274881887342 0.08063289734428025
0 0.8679984879342826 0.1832110559050461 0.16054068511654274 0.07904312626704142
0 0.8497891796742472 0.05573549569839166 0.16054068511654265 0.0790431262670414
0 0.841805554083684 0.015837203543913957 0.15388889183263207 0.022765855189802536
0 0.7480976055506613 0.8420224536421099 0.18090774881887378 0.08072380093507618
0 0.7346551536438956 0.7794315500513136 0.18090774881887378 0.08072380093507654
0 0.725982047290626 0.7145241675377563 0.17627481252120453 0.08225902985783762
0 0.7132117179791985 0.6550628091265 0.18559524881887376 0.08075107201231528
0 0.705128888667771 0.5956287217924825 0.17772818511654265 0.07914312021691713
0 0.28960800455486935 0.9694135962128122 0.19280754809323425 0.06117280757437556
0 0.26686496371802926 0.8611021682251273 0.18559524881887368 0.08075107201231546
0 0.22640368794213167 0.6100345719141194 0.18748513103285874 0.09013516237139499
0 0.19935509302160753 0.48954026473252704 0.1903373125212045 0.08234084308955421
0 0.16751235989664853 0.30494255093507644 0.2014385036281971 0.0870919756031114
0 0.15875740798988278 0.2423789184215191 0.1935714399258662 0.0854840238077134
0 0.14992061052962072 0.18215903590796176 0.1934623125212045 0.08235902380771334
0 0.13723212677168956 0.12035392749670541 0.1935714399258662 0.08548402380771335
0 0.13030256969278062 0.0726476805217675 0.1817609206885725 0.06042039129415604
0 0.07592993967141218 0.8912476895969539 0.10256449400955023 0.07401928298109546
0 0.06787439221115013 0.8310323522629363 0.1008928666048885 0.07088519262201594