0 0.0671875 0.0625 0.0296875 0.1015625
0 0.290625 0.059375 0.0328125 0.096875
0 0.2171875 0.059375 0.028125 0.09375
0 0.33125 0.059375 0.03125 0.09375
0 0.3703125 0.065625 0.0328125 0.09375
0 0.5546875 0.06953125 0.0265625 0.084375
0 0.63125 0.07265625 0.025 0.0828125
0 0.0640625 0.2015625 0.025 0.096875
0 0.1015625 0.2015625 0.0296875 0.1046875
0 0.1359375 0.2015625 0.0265625 0.1015625
0 0.1765625 0.2015625 0.03125 0.1046875
0 0.3328125 0.2015625 0.03125 0.1046875
0 0.290625 0.2015625 0.028125 0.090625
0 0.559375 0.20859375 0.03125 0.090625
0 0.6671875 0.21171875 0.0296875 0.1015625
0 0.703125 0.221875 0.0265625 0.09375
0 0.8046875 0.22578125 0.028125 0.096875
0 0.025 0.340625 0.025 0.096875
0 0.2515625 0.33359375 0.0265625 0.0859375
0 0.4078125 0.346875 0.03125 0.1078125
0 0.521875 0.34375 0.0296875 0.1015625
0 0.0984375 0.4828125 0.0328125 0.1015625
0 0.2515625 0.48984375 0.034375 0.1046875
0 0.3296875 0.48984375 0.0296875 0.1078125
0 0.290625 0.48984375 0.0265625 0.1015625
0 0.63125 0.49296875 0.028125 0.1015625
0 0.0625 0.63203125 0.0375 0.1171875
0 0.3671875 0.63203125 0.025 0.1046875
0 0.4453125 0.63203125 0.0296875 0.096875
0 0.4828125 0.63203125 0.03125 0.096875
0 0.5203125 0.63203125 0.028125 0.096875
0 0.16875 0.78125 0.028125 0.1078125
0 0.2109375 0.78125 0.0328125 0.1078125
0 0.3296875 0.78125 0.0328125 0.1078125
0 0.40625 0.778125 0.03125 0.096875
0 0.4828125 0.77421875 0.028125 0.1046875
0 0.5953125 0.77109375 0.0265625 0.090625
0 0.09375 0.9234375 0.0265625 0.1046875
0 0.328125 0.9203125 0.03125 0.1046875
0 0.4453125 0.91640625 0.0296875 0.1078125
0 0.596875 0.91640625 0.0296875 0.1109375
0 0.70625 0.91328125 0.028125 0.096875