0 0.0515625 0.23046875 0.0390625 0.13125
0 0.10234375 0.084375 0.040625 0.1234375
0 0.225 0.07890625 0.0359375 0.1125
0 0.30234375 0.075 0.0359375 0.115625
0 0.34765625 0.08125 0.034375 0.10625
0 0.3875 0.08125 0.034375 0.121875
0 0.428125 0.0796875 0.0359375 0.125
0 0.5125 0.07734375 0.0390625 0.1296875
0 0.17265625 0.2296875 0.040625 0.1296875
0 0.215625 0.228125 0.04375 0.128125
0 0.26015625 0.22421875 0.0390625 0.125
0 0.3 0.2234375 0.034375 0.1234375
0 0.0390625 0.371875 0.040625 0.1296875
0 0.0796875 0.378125 0.04375 0.1328125
0 0.125 0.375 0.040625 0.13125
0 0.25078125 0.37265625 0.0390625 0.1328125
0 0.29453125 0.36796875 0.0359375 0.1296875
0 0.33359375 0.378125 0.034375 0.128125
0 0.37890625 0.378125 0.0390625 0.1328125
0 0.42578125 0.37578125 0.04375 0.1390625
0 0.0296875 0.5359375 0.046875 0.13125
0 0.2921875 0.534375 0.040625 0.1390625
0 0.55703125 0.52265625 0.05 0.1328125
0 0.72734375 0.534375 0.053125 0.1453125
0 0.0625 0.69296875 0.0359375 0.128125
0 0.8203125 0.528125 0.034375 0.121875
0 0.865625 0.53046875 0.0390625 0.13125
0 0.90625 0.525 0.0390625 0.13125
0 0.10546875 0.6953125 0.0375 0.134375
0 0.1953125 0.6984375 0.0328125 0.1328125
0 0.2375 0.70234375 0.0375 0.125
0 0.42265625 0.6921875 0.0421875 0.1375
0 0.51015625 0.69375 0.04375 0.1421875
0 0.55703125 0.6921875 0.040625 0.1375
0 0.64765625 0.6984375 0.04375 0.1515625
0 0.69296875 0.69765625 0.0359375 0.1453125
0 0.7375 0.69765625 0.034375 0.1265625
0 0.784375 0.6921875 0.040625 0.1375
0 0.91875 0.7015625 0.0453125 0.1453125
0 0.0546875 0.86875 0.040625 0.1453125
0 0.2359375 0.86875 0.0390625 0.1453125
0 0.27890625 0.871875 0.0375 0.1421875
0 0.55703125 0.86328125 0.0359375 0.1421875
0 0.6015625 0.8671875 0.0390625 0.1375