0 0.8302938379615018 0.22530319660646433 0.15397952267663584 0.08414504307885003
0 0.809508075946866 0.33448145465223605 0.17750792934436319 0.09359645273377604
0 0.7816910639322303 0.4441513855944855 0.17280224801081764 0.09170617080279087
0 0.7647206452498675 0.560868992031103 0.1602840666772723 0.08926958565349707
0 0.7477507739099588 0.6104537287895511 0.16655224801081764 0.09126912822814397
0 0.7307354492361864 0.6639447155479994 0.1633727040101814 0.08636310694082035
0 0.7083417338876871 0.7771384842374328 0.1587215666772721 0.08916032500983526
0 0.6836406312062786 0.8873711438923587 0.17116702267663583 0.08534691015912906
0 0.6745832572008698 0.9278158274324984 0.16618862133990878 0.06001912822814397
0 0.661581842655955 0.03788064527891728 0.1633727040101814 0.07576129055783457
0 0.6492812899825008 0.08339919191488736 0.15704997867599957 0.0796760643661735
0 0.6355449593014105 0.19052327706418123 0.16967724801081766 0.09148764951546742
0 0.6139415846196841 0.30288116543178384 0.16967724801081766 0.09148764951546742
0 0.5968989879455935 0.358715902190232 0.18224997334499946 0.0986117346647613
0 0.5821910506047301 0.41516799798318765 0.17280224801081764 0.09170617080279087
0 0.5698268632638668 0.47145620281065065 0.17907042934436318 0.09370571337743776
0 0.5366223699077315 0.6416101656838853 0.16340906667727212 0.08948810694082035
0 0.45297900198918234 0.04794728301626598 0.16967724801081766 0.09148764951546738
0 0.44141424598186446 0.10261835752189812 0.16811474801081766 0.09137838887180565
0 0.3750416219366847 0.4398012832683674 0.1775079293443631 0.093596452733776
0 0.21793129264800087 0.12214887956552622 0.17283861067790857 0.09483117080279087
0 0.13596039326068515 0.5252135314267822 0.17276588534372678 0.08858117080279086
0 0.08331829328454769 0.7563814039549428 0.16663658656909539 0.09973719209011431
0 0.07513307594686608 0.8170839571732514 0.15026615189373216 0.09083208565349707