0 0.05625 0.0765625 0.0390625 0.1234375
0 0.09921875 0.07734375 0.0390625 0.140625
0 0.1875 0.07109375 0.0375 0.1296875
0 0.23671875 0.0703125 0.0375 0.121875
0 0.41953125 0.065625 0.0359375 0.1296875
0 0.69609375 0.0625 0.04375 0.125
0 0.04765625 0.240625 0.0375 0.1296875
0 0.18359375 0.2421875 0.0390625 0.1375
0 0.23203125 0.23671875 0.040625 0.14375
0 0.32421875 0.23515625 0.0375 0.125
0 0.3734375 0.23828125 0.0390625 0.1375
0 0.4671875 0.2359375 0.0421875 0.1375
0 0.56171875 0.23359375 0.0375 0.14375
0 0.60859375 0.23515625 0.0390625 0.146875
0 0.6546875 0.2296875 0.0359375 0.1296875
0 0.83671875 0.225 0.040625 0.1421875
0 0.88203125 0.23203125 0.0421875 0.1390625
0 0.04140625 0.4203125 0.0390625 0.1390625
0 0.0859375 0.421875 0.0390625 0.13125
0 0.13203125 0.41171875 0.040625 0.1390625
0 0.178125 0.4125 0.040625 0.134375
0 0.37109375 0.409375 0.0390625 0.1515625
0 0.41875 0.40703125 0.0390625 0.1453125
0 0.46796875 0.40703125 0.0421875 0.153125
0 0.51328125 0.40625 0.0390625 0.15
0 0.79609375 0.39921875 0.0375 0.1484375
0 0.03359375 0.59453125 0.0375 0.1484375
0 0.12890625 0.58984375 0.0390625 0.1390625
0 0.1765625 0.59375 0.0421875 0.1421875
0 0.27265625 0.5875 0.0421875 0.140625
0 0.31953125 0.58671875 0.0390625 0.1375
0 0.3703125 0.58671875 0.0375 0.1484375
0 0.51328125 0.5796875 0.0359375 0.15625
0 0.56015625 0.5859375 0.04375 0.1421875
0 0.84921875 0.5734375 0.0453125 0.1453125
0 0.89375 0.57890625 0.040625 0.15625