0 0.09138344309708153 0.8841415311403701 0.07044980721668552 0.15092051285158128
0 0.13802790562015282 0.8774259575281047 0.07473678901808825 0.14486151384016424
0 0.1855537476928734 0.8691797174139364 0.07221256631598419 0.15410917984777575
0 0.23912933066629533 0.8643131452845456 0.08148743676633483 0.1529286818249421
0 0.3315869409376132 0.8516314145619175 0.08697597316352938 0.16561968281352507
0 0.4308452637320023 0.8306106018240669 0.08158756631598418 0.1544911818249421
0 0.48696485580472293 0.8227145301889678 0.07836243676633484 0.15280134783255325
0 0.630754428599112 0.8035082268426574 0.07553782541528271 0.15736151384016434
0 0.8332879457179752 0.7843456858536367 0.08601425046142523 0.17493101581733086
0 0.3582321792174209 0.9767720415204935 0.05713018198597286 0.04645591695901317
0 0.2580121337209277 0.99039153114037 0.05356509099298643 0.019216937719259874
0 0.30651948489294695 0.9780334525851886 0.05995479333702489 0.04393309482962273
0 0.40472644741601815 0.9714770464634093 0.05636871838316746 0.05704590707318147
0 0.4529334099390894 0.9637746344101306 0.06528264342931003 0.07245073117973888
0 0.5046961690383881 0.9624973065963868 0.06392040252860856 0.07500538680722642
0 0.5517714281376868 0.9647037702845456 0.05540699568106326 0.07059245943090886
0 0.599497529309706 0.956220108231267 0.06235790252860855 0.08755978353746592
0 0.6492169270579525 0.9537231551703773 0.06069527297895938 0.09255368965924546
0 0.9240829264396437 0.7731627881348142 0.06792558451458142 0.16016817885919252
0 0.8838386582410465 0.7777892797318573 0.07760097316352947 0.16523768083635879
0 0.11038017428017541 0.6977092826232447 0.07946386181247736 0.16998884783255316
0 0.16080047887596724 0.680964793003368 0.08132675046142532 0.17474001482874754
0 0.2112510618493892 0.6759708868815887 0.08581399136212671 0.17180601581733085
0 0.3594277459948304 0.6616430845238614 0.07679993676633483 0.1527376808363588
0 0.46345391194167435 0.6517826062726912 0.07952441856773759 0.14661501482874756
0 0.6627320211332579 0.6223046477931846 0.07241282541528271 0.15723417984777566
0 0.9128612314968609 0.5815827831918984 0.07750084361387977 0.1636751808363588
0 0.18707878393318442 0.49091279596911763 0.07690006631598414 0.1543001808363588
0 0.23377331123108033 0.4834159723568522 0.0786628254152828 0.15748884783255335
0 0.3378495419527489 0.47277424410568203 0.08278912091177607 0.17324118182494205
0 0.7455805012366177 0.41732532912383496 0.08042558451458141 0.1606775148287476
0 0.9000071853820589 0.40325219475088536 0.08717623226282782 0.16874468281352523
0 0.02152694170358033 0.32699092292769344 0.04305388340716066 0.1446068458553869
0 0.0548238957456618 0.31789976581733076 0.07044980721668552 0.15092051285158128
0 0.10366191394425908 0.31362344269935694 0.08102636181247735 0.17005251482874764
0 0.1568567651162783 0.30247503707186907 0.08521321406423077 0.16243101581733077
0 0.36364698565891407 0.2780029135733343 0.08062584361388003 0.16380251482874764
0 0.41674170728128396 0.26841700794584644 0.087176232262828 0.16874468281352523
0 0.47213011412882916 0.25970785281265013 0.08102636181247735 0.17005251482874764
0 0.7248336119693609 0.22770707220375278 0.08188795496493206 0.15917868182494202
0 0.7784592597176074 0.2220592500743621 0.0838509731635293 0.1654923488211364
0 0.03207202035806561 0.142089340912471 0.06414404071613122 0.14017401384016442
0 0.12890864512735295 0.12744586216700926 0.07267364126984162 0.13698534684397004
0 0.23732192242524888 0.12246388490442225 0.0849128254152828 0.15774351581733076
0 0.4976073827888518 0.08215585577839966 0.07666023442229637 0.12623884783255324
0 0.5494202066629751 0.0803506166528146 0.07615958667404979 0.11842634783255324
0 0.6043580305370984 0.07867271151961829 0.07565893892580319 0.11061384783255324
0 0.7614591317091176 0.07175816113905745 0.07395673658176474 0.08405134783255322