0 0.4701982353829129 0.9517334741151637 0.047638659090609534 0.04648015785015538
0 0.5256397118439624 0.9469402873258131 0.04925570616851012 0.04969616311182747
0 0.7874130089218632 0.9348219059957785 0.060084112012708954 0.04408319994353036
0 0.8921141456913384 0.9295058034637644 0.0631818384737585 0.042702710466873836
0 0.2520777065689567 0.8213234502258789 0.07950804220663672 0.17320925782192056
0 0.31460498010790705 0.8192457397590049 0.08263304220663673 0.1733912683452644
0 0.3763510036468574 0.817213531922967 0.07961713636243814 0.17945925782192057
0 0.4348765697994816 0.8098945846102726 0.07794554220663667 0.17311825256024882
0 0.4943743007247581 0.8134676346667422 0.07627394805083529 0.16677724729857682
0 0.6630697536468574 0.8005140664061827 0.06972393912238158 0.1492257262518894
0 0.7124521448805595 0.8070224006635194 0.06972393912238176 0.14922572625188968
0 0.7679345316500347 0.8045729638741687 0.07457508035608366 0.15887374203690507
0 0.8211277154974104 0.8053850349773258 0.07282166558343128 0.14784523677523326
0 0.27964577881066083 0.608565844992442 0.07627394805083539 0.1667772472985769
0 0.2145838404990581 0.5998425633518236 0.07786372158978568 0.1684307525602488
0 0.5274247597359374 0.6011727610174539 0.07621940097293471 0.16365224729857691
0 0.8528884098980931 0.6088061665897093 0.07125916558343129 0.14775423151356132
0 0.6191916996723931 0.39249644005547113 0.07142280681713338 0.15712923151356134
0 0.6756326144450455 0.4001577506352845 0.06986030681713337 0.1570382262518896
0 0.9472581984545771 0.4148370877352187 0.06986030681713337 0.15703822625188946
0 0.281633603895034 0.14000556079157495 0.0890739569792891 0.18469278939195172
0 0.34355690543716155 0.14812960295553693 0.0842500892845374 0.17660727360693612
0 0.4094137305182395 0.15758863196531925 0.08112508928453739 0.17642526308359247
0 0.47447566882984216 0.1663119136059375 0.07956258928453738 0.1763342578219206
0 0.7123984086835724 0.17669786383181646 0.07287621266133186 0.15097023677523325
0 0.9758278887980701 0.1987269693476021 0.04834422240385976 0.14519067363517105
0 0.4331125089284537 0.00544782124433147 0.05997501785690744 0.01089564248866294
0 0.740098894480113 0.02182892533881841 0.05402502678536116 0.04365785067763682
0 0.7949773092527653 0.02568233194414309 0.05246252678536116 0.05136466388828618
0 0.9062693652591196 0.03793295349199939 0.05399775324641069 0.05309417889684287