0 0.13671875 0.06640625 0.0359375 0.0984375
0 0.21015625 0.06484375 0.0328125 0.0984375
0 0.28828125 0.065625 0.0328125 0.096875
0 0.32734375 0.06484375 0.03125 0.0953125
0 0.36328125 0.0640625 0.028125 0.1
0 0.4421875 0.06328125 0.034375 0.103125
0 0.596875 0.0671875 0.028125 0.1046875
0 0.1328125 0.1703125 0.0328125 0.1109375
0 0.1671875 0.17109375 0.0328125 0.1078125
0 0.24609375 0.1703125 0.034375 0.1171875
0 0.36328125 0.1671875 0.03125 0.109375
0 0.44375 0.16953125 0.0296875 0.1046875
0 0.4796875 0.1703125 0.03125 0.10625
0 0.71953125 0.17265625 0.0421875 0.1203125
0 0.75703125 0.17109375 0.034375 0.11875
0 0.796875 0.16015625 0.0359375 0.11875
0 0.16015625 0.30703125 0.0328125 0.1078125
0 0.20234375 0.3046875 0.0359375 0.1078125
0 0.31953125 0.30546875 0.034375 0.1140625
0 0.4796875 0.30703125 0.034375 0.1109375
0 0.721875 0.3015625 0.0359375 0.11875
0 0.76171875 0.296875 0.0359375 0.1203125
0 0.80234375 0.303125 0.034375 0.1109375
0 0.84375 0.29921875 0.034375 0.11875
0 0.1546875 0.45234375 0.0375 0.125
0 0.1953125 0.45390625 0.0328125 0.128125
0 0.23515625 0.44765625 0.0375 0.1265625
0 0.35859375 0.44765625 0.034375 0.1109375
0 0.39609375 0.4484375 0.0328125 0.1171875
0 0.4390625 0.45390625 0.034375 0.1171875
0 0.6375 0.45234375 0.03125 0.13125
0 0.72578125 0.45078125 0.034375 0.1125
0 0.7671875 0.44921875 0.034375 0.11875
0 0.8078125 0.45078125 0.0359375 0.128125
0 0.85078125 0.44765625 0.0390625 0.1265625
0 0.89296875 0.4421875 0.0359375 0.1265625
0 0.9359375 0.44375 0.0328125 0.11875
0 0.06953125 0.60390625 0.0359375 0.1171875
0 0.10859375 0.6 0.034375 0.121875
0 0.1859375 0.60078125 0.0375 0.1171875
0 0.27265625 0.6 0.034375 0.121875
0 0.31328125 0.6 0.0359375 0.1265625
0 0.3546875 0.60390625 0.0359375 0.121875
0 0.396875 0.59921875 0.0328125 0.11875
0 0.43828125 0.5984375 0.0375 0.128125
0 0.52109375 0.596875 0.034375 0.125
0 0.56171875 0.5984375 0.0359375 0.1171875
0 0.73046875 0.6 0.0328125 0.1265625
0 0.771875 0.59453125 0.0359375 0.125
0 0.81484375 0.59921875 0.0359375 0.11875
0 0.85859375 0.596875 0.034375 0.13125
0 0.9 0.59921875 0.0359375 0.11875
0 0.0609375 0.746875 0.034375 0.1140625
0 0.096875 0.75234375 0.0359375 0.1140625
0 0.1359375 0.75234375 0.0375 0.1203125
0 0.18046875 0.75390625 0.034375 0.121875
0 0.221875 0.75390625 0.0359375 0.1171875
0 0.0515625 0.91171875 0.0375 0.1328125
0 0.09296875 0.9125 0.0359375 0.134375
0 0.134375 0.91484375 0.0375 0.1328125
0 0.171875 0.9171875 0.0375 0.1328125
0 0.3515625 0.75625 0.0375 0.121875
0 0.39296875 0.75234375 0.0375 0.125
0 0.43671875 0.75390625 0.0359375 0.1109375
0 0.4765625 0.75234375 0.0375 0.13125
0 0.56171875 0.75390625 0.034375 0.128125
0 0.60546875 0.75625 0.040625 0.128125
0 0.303125 0.9171875 0.034375 0.128125
0 0.3453125 0.9109375 0.0328125 0.1265625
0 0.3890625 0.92109375 0.0359375 0.1296875
0 0.6984375 0.9171875 0.0375 0.128125
0 0.740625 0.92109375 0.0375 0.1296875
0 0.7859375 0.9234375 0.0375 0.1390625
0 0.83125 0.921875 0.0375 0.1421875
0 0.734375 0.75625 0.0359375 0.1328125
0 0.77734375 0.759375 0.0359375 0.140625
0 0.821875 0.76328125 0.0421875 0.146875
0 0.86953125 0.76015625 0.0421875 0.153125
0 0.95390625 0.75703125 0.040625 0.140625