0 0.3921875 0.08359375 0.0359375 0.11875
0 0.434375 0.08359375 0.0359375 0.125
0 0.4765625 0.090625 0.0359375 0.128125
0 0.51875 0.08359375 0.0375 0.128125
0 0.6046875 0.08671875 0.0375 0.1390625
0 0.6453125 0.08671875 0.03125 0.125
0 0.6890625 0.08671875 0.0421875 0.121875
0 0.7328125 0.08359375 0.040625 0.11875
0 0.815625 0.0796875 0.040625 0.121875
0 0.8609375 0.0796875 0.034375 0.128125
0 0.8984375 0.0765625 0.03125 0.125
0 0.940625 0.08359375 0.0375 0.1328125
0 0.140625 0.2359375 0.03125 0.115625
0 0.1796875 0.2328125 0.0296875 0.121875
0 0.21875 0.22890625 0.0390625 0.128125
0 0.2625 0.2328125 0.0359375 0.128125
0 0.390625 0.2328125 0.0359375 0.1359375
0 0.43125 0.23984375 0.0296875 0.128125
0 0.475 0.2359375 0.0375 0.1328125
0 0.734375 0.2328125 0.0359375 0.125
0 0.778125 0.2359375 0.034375 0.146875
0 0.13125 0.3890625 0.0359375 0.125
0 0.1703125 0.3890625 0.0375 0.121875
0 0.2140625 0.38515625 0.03125 0.125
0 0.3 0.3890625 0.0359375 0.121875
0 0.43125 0.3890625 0.0328125 0.128125
0 0.2546875 0.5484375 0.0296875 0.128125
0 0.340625 0.5453125 0.0375 0.11875
0 0.384375 0.5453125 0.0328125 0.11875
0 0.4296875 0.55234375 0.0390625 0.1328125
0 0.471875 0.55234375 0.0359375 0.1359375
0 0.51875 0.5484375 0.040625 0.1328125
0 0.60625 0.5484375 0.04375 0.15
0 0.6515625 0.55234375 0.0390625 0.1359375
0 0.696875 0.5484375 0.040625 0.1421875
0 0.8796875 0.55234375 0.040625 0.1359375
0 0.9203125 0.5484375 0.0359375 0.1328125
0 0.965625 0.5484375 0.040625 0.1359375
0 0.0765625 0.71171875 0.0390625 0.1328125
0 0.11875 0.71171875 0.0328125 0.1390625
0 0.159375 0.721875 0.0375 0.1484375
0 0.428125 0.71171875 0.0375 0.1421875
0 0.471875 0.70859375 0.040625 0.1359375
0 0.609375 0.71171875 0.040625 0.1328125
0 0.7 0.72578125 0.040625 0.1421875
0 0.7453125 0.721875 0.0421875 0.1453125
0 0.79375 0.721875 0.040625 0.153125
0 0.38125 0.88515625 0.04375 0.1328125
0 0.4734375 0.88515625 0.04375 0.146875
0 0.559375 0.88515625 0.040625 0.153125
0 0.7984375 0.89609375 0.040625 0.1671875
0 0.84375 0.8921875 0.0390625 0.15625