0 0.8641790618882321 0.02818983786814579 0.047385920688572725 0.05637967573629158
0 0.7075024759533829 0.02211800304618762 0.04237103847458741 0.04423600609237524
0 0.6534870985487211 0.026501539977818567 0.04426092068857255 0.053003079955637133
0 0.07555307150687916 0.02842896306836905 0.04576885698624167 0.0568579261367381
0 0.9862747727806728 0.1967165292275838 0.017738115423762225 0.15021818831160266
0 0.586148287208643 0.184962191968346 0.055292679126092995 0.15243525324641088
0 0.48173360572029733 0.17897701907801875 0.05373017912609299 0.1524079797074606
0 0.35452626497612444 0.17729356250247147 0.05685517912609299 0.15246252678536126
0 0.01969741374866447 0.1737687366073194 0.03939482749732894 0.1443500178569075
0 0.22017854682728988 0.1788578368522007 0.04893355172143128 0.14920115909060955
0 0.7861135377567972 0.38369219805742594 0.050277796912107854 0.14297843262955984
0 0.679327824417286 0.3785291854755243 0.055019860614438795 0.14462275324641088
0 0.5746403244172861 0.380356512585197 0.050277796912107854 0.14297843262955992
0 0.46774548367311314 0.37831850000329525 0.05016866950744614 0.13985343262955982
0 0.26017852033360206 0.37491463068369046 0.05485616950744614 0.13993525324641087
0 0.20635411588709834 0.3735118177774772 0.05329366950744614 0.1399079797074605
0 0.1540649295894292 0.3728629813323136 0.05329366950744614 0.1399079797074605
0 0.8783481338584476 0.5819603283340793 0.05060517912609299 0.15235343262955983
0 0.8284026975607786 0.5812705815804902 0.05373017912609299 0.1524079797074606
0 0.5579364301375833 0.5680337905883742 0.05641866950744614 0.13996252678536117
0 0.4540028982864179 0.5706287309285718 0.05685517912609299 0.15246252678536115
0 0.004823876138717346 0.561486924918922 0.009647752277434692 0.1551511501621558
0 0.8120981073647598 0.7798717228141923 0.050496051721431366 0.14922843262955982
0 0.7060936440252487 0.7746950734628154 0.04893355172143128 0.14920115909060955
0 0.49322162179273005 0.7666991615295368 0.05340279691210785 0.1430329797074606
0 0.38761646253690296 0.7724463754086848 0.055292679126092995 0.15243525324641088
0 0.3378074354950609 0.7678503786550955 0.05373017912609299 0.1524079797074606
0 0.1792682491973918 0.7690561428585551 0.050496051721431325 0.14922843262955982
0 0.12463531289972263 0.7684482167218171 0.047480179126092995 0.15229888555165907
0 0.023515578636046287 0.7624630438314897 0.047031157272092575 0.14928297970746057
0 0.6946774504711855 0.9451030308491415 0.04669643992586607 0.08513865909060954
0 0.42924342342934335 0.9442707824706993 0.053328385842182156 0.0961852532464107
0 0.3255554282386668 0.939834472810897 0.05192957694917481 0.10084547970746058