0 0.6890625 0.096875 0.03125 0.1078125
0 0.809375 0.096875 0.0296875 0.1078125
0 0.9265625 0.10390625 0.028125 0.1046875
0 0.10625 0.24296875 0.03125 0.121875
0 0.146875 0.23984375 0.03125 0.11875
0 0.3578125 0.246875 0.03125 0.1078125
0 0.4015625 0.246875 0.03125 0.1109375
0 0.484375 0.25 0.0296875 0.1109375
0 0.771875 0.25 0.03125 0.1109375
0 0.0671875 0.403125 0.03125 0.115625
0 0.1046875 0.403125 0.034375 0.1171875
0 0.146875 0.403125 0.03125 0.115625
0 0.6078125 0.409375 0.03125 0.1109375
0 0.65 0.403125 0.0296875 0.1109375
0 0.7734375 0.403125 0.03125 0.1078125
0 0.0671875 0.559375 0.03125 0.1109375
0 0.1046875 0.55546875 0.03125 0.1109375
0 0.146875 0.5625 0.034375 0.1109375
0 0.1890625 0.5625 0.03125 0.115625
0 0.23125 0.5625 0.03125 0.1109375
0 0.315625 0.55546875 0.03125 0.1171875
0 0.359375 0.559375 0.03125 0.1109375
0 0.403125 0.559375 0.0375 0.1140625
0 0.484375 0.559375 0.0328125 0.1109375
0 0.525 0.55546875 0.0328125 0.1109375
0 0.6921875 0.55546875 0.0296875 0.1109375
0 0.73125 0.55546875 0.0328125 0.1109375
0 0.775 0.559375 0.03125 0.1109375
0 0.815625 0.55546875 0.034375 0.1171875
0 0.06875 0.715625 0.0359375 0.121875
0 0.10625 0.715625 0.0328125 0.1140625
0 0.146875 0.721875 0.03125 0.1171875
0 0.3171875 0.721875 0.03125 0.1109375
0 0.44375 0.71875 0.0328125 0.1109375
0 0.5265625 0.715625 0.034375 0.1109375
0 0.653125 0.71171875 0.03125 0.1109375
0 0.8578125 0.70859375 0.03125 0.1109375
0 0.8984375 0.70859375 0.0328125 0.1109375
0 0.934375 0.70859375 0.034375 0.1109375
0 0.8171875 0.871875 0.03125 0.1109375
0 0.6125 0.871875 0.03125 0.11875
0 0.5703125 0.875 0.03125 0.115625
0 0.4875 0.875 0.03125 0.1109375
0 0.3609375 0.875 0.0359375 0.1109375
0 0.1078125 0.875 0.034375 0.1109375
0 0.0703125 0.875 0.03125 0.1109375