0 0.1203125 0.21875 0.0328125 0.1140625
0 0.23203125 0.2171875 0.03125 0.109375
0 0.3828125 0.19609375 0.0328125 0.1140625
0 0.46171875 0.19375 0.0328125 0.11875
0 0.08359375 0.3640625 0.03125 0.115625
0 0.1546875 0.359375 0.0359375 0.1171875
0 0.2328125 0.35234375 0.04375 0.1359375
0 0.38515625 0.34296875 0.0375 0.134375
0 0.4625 0.33828125 0.034375 0.1296875
0 0.50234375 0.34296875 0.0359375 0.134375
0 0.53984375 0.33671875 0.0359375 0.1328125
0 0.08125 0.51015625 0.0296875 0.11875
0 0.11875 0.5109375 0.0390625 0.1140625
0 0.190625 0.50234375 0.034375 0.125
0 0.23046875 0.50703125 0.0328125 0.1234375
0 0.3453125 0.4953125 0.0375 0.1234375
0 0.384375 0.496875 0.0359375 0.125
0 0.42421875 0.4921875 0.034375 0.1265625
0 0.50546875 0.49140625 0.0359375 0.1203125
0 0.5453125 0.48125 0.0328125 0.121875
0 0.58359375 0.48203125 0.034375 0.1171875
0 0.70625 0.4796875 0.0390625 0.1296875
0 0.08125 0.653125 0.034375 0.115625
0 0.153125 0.6546875 0.0296875 0.11875
0 0.38515625 0.64453125 0.0328125 0.1265625
0 0.46328125 0.64296875 0.0375 0.1359375
0 0.50546875 0.6390625 0.0359375 0.1328125
0 0.6671875 0.6296875 0.0359375 0.1359375
0 0.75390625 0.63046875 0.034375 0.13125
0 0.04453125 0.80625 0.03125 0.121875
0 0.0796875 0.80390625 0.0328125 0.121875
0 0.190625 0.8 0.0390625 0.1328125
0 0.22890625 0.8 0.03125 0.1328125
0 0.26796875 0.80390625 0.0375 0.128125
0 0.3078125 0.8046875 0.0375 0.13125
0 0.38359375 0.796875 0.0375 0.1359375
0 0.46640625 0.8015625 0.0375 0.134375
0 0.5078125 0.79765625 0.0375 0.1375
0 0.5515625 0.78984375 0.0375 0.128125
0 0.628125 0.78515625 0.0375 0.125
0 0.66796875 0.7875 0.0375 0.128125
0 0.42421875 0.94296875 0.0359375 0.1140625
0 0.465625 0.9390625 0.0359375 0.121875
0 0.5453125 0.9375 0.034375 0.125
0 0.9265625 0.9390625 0.040625 0.121875