0 0.918069294676954 0.15065060973147223 0.06426358935390794 0.1566643303053814
0 0.8072045200111357 0.14784486093942023 0.06115677068745375 0.15797173879011234
0 0.7471664486791812 0.15309059927049065 0.06757040268936265 0.1725444218206505
0 0.5762817840149539 0.157093088809509 0.06604426535645339 0.17554187606301594
0 0.28529370468649906 0.16924330501066817 0.06760676535645346 0.17566942182065048
0 0.6545629673774526 0.37812280805478393 0.07541926535645338 0.17630715060882318
0 0.07713794871895215 0.39108712773000587 0.061247677355180795 0.16578423879011234
0 0.0272015833863612 0.3924744134857008 0.04720335868872626 0.16619882697140156
0 0.9700553316955668 0.5826657553393255 0.059889336608866375 0.16109673879011233
0 0.913739614735815 0.583479085185665 0.06439085868872638 0.1676018303053814
0 0.5704714200747694 0.5968252685060673 0.06586245202099902 0.15991687606301602
0 0.5151208487428146 0.6024536441100412 0.05959427068745349 0.15784419303247788
0 0.45503732407699643 0.6037931324411117 0.06586245202099902 0.15991687606301602
0 0.4004225494111783 0.6055790309239029 0.06746131468808994 0.16316942182065047
0 0.2818180000795418 0.6083855533436783 0.06746131468808994 0.16316942182065047
0 0.16325890408176896 0.6150983257634535 0.06433631468808994 0.1629143303053814
0 0.10551912941595074 0.6166291327309757 0.06582608935390817 0.15679187606301603
0 0.044654354750132526 0.6179048481832288 0.06589881468808992 0.16304187606301604
0 0.9373332980983136 0.8000447029137312 0.06439085868872638 0.1676018303053816
0 0.6502969221037225 0.8164200335089766 0.07064085868872638 0.16811201333591946