0 0.46689433906250005 0.9489838578124999 0.56800865 0.96111910625 0.5609332703125001 0.8270137156249999 0.4652299859375 0.829174115625 0.46689433906250005 0.9489838578124999
0 0.45508932812499997 0.8100216187499999 0.5621914765625 0.8091229125 0.5481822765625 0.6812450953125 0.44094486406250005 0.6913083546875 0.45508932812499997 0.8100216187499999
0 0.44139982499999997 0.657937325 0.5460325578125 0.6390921765625001 0.5226266093749999 0.5134806859375 0.41996515937499995 0.5399782296875 0.4407770078125 0.6548936999999999 0.44139982499999997 0.657937325
0 0.40504289687500006 0.3517575859375 0.4176471734375 0.4756116296875 0.5229220875 0.4685398890625 0.51029879375 0.336700971875 0.40504289687500006 0.3517575859375
0 0.381705359375 0.319393684375 0.48387822343750003 0.28669835 0.4711618796875 0.158337125 0.3709263984375 0.1971232265625 0.381705359375 0.319393684375
0 0.41067410468750004 0 0.34728054531249997 0.0373784703125 0.3645194203125 0.1642813578125 0.4598740796875 0.11558991406250001 0.44447354375000003 0 0.41067410468750004 0
0 0.5785041953125 0.6790309125 0.592308934375 0.809325609375 0.715244784375 0.8148441999999999 0.700953421875 0.6727011875 0.5785041953125 0.6790309125
0 0.733996371875 0.940837340625 0.72866005 0.8608067187499999 0.5975716046875 0.845020734375 0.6046076921875 0.9627506468749999 0.733996371875 0.940837340625
0 0.6769000421875 0.4783377390625 0.5610997296875 0.5060097453125 0.570410221875 0.6390343453125 0.687342890625 0.6200372625 0.6769000421875 0.4783377390625
0 0.5383026609375 0.4667778328125 0.6540727984375 0.43583393593749997 0.64585280625 0.2944027890625 0.529662534375 0.33664882500000004 0.5383026609375 0.4667778328125
0 0.5152202484374999 0.28970990625000004 0.6348275125 0.24747184687499998 0.6179197765625 0.1026760578125 0.49976664531250004 0.15266971406250002 0.5152202484374999 0.28970990625000004
0 0.4850463921875 0 0.498266703125 0.100721178125 0.6099049109375 0.0461349 0.60442781875 0 0.4850463921875 0
0 0.9432421921874999 0.9053994031249999 0.9364704046875 0.8615126921874999 0.78041276875 0.8510039609375 0.7924872609375 0.9309313046875 0.9432421921874999 0.9053994031249999
0 0.7571325156250001 0.6572629921875001 0.7751924453125 0.80880933125 0.9324893 0.8058893375 0.9106336578124999 0.641880565625 0.7571325156250001 0.6572629921875001
0 0.7493807890624999 0.5997924640625001 0.9063036984374999 0.582814465625 0.8865936609375 0.41801770312500003 0.734524853125 0.4475934078125 0.7493807890624999 0.5997924640625001
0 0.7255526328124999 0.4100798890625 0.8839890640625001 0.36969572500000003 0.8645472171874999 0.20188150781249997 0.710007590625 0.260747259375 0.7255526328124999 0.4100798890625
0 0.79277821875 0 0.688867090625 0.0558260125 0.7052890296875 0.20383911562499998 0.8622208265625 0.141528765625 0.844472678125 0 0.79277821875 0
0 1 0.46458191718749997 0.9570966656250001 0.4716706140625 0.97818745625 0.64013339375 1 0.63893155 1 0.46458191718749997
0 0.9773976953125001 0.23981465468750002 0.9227058375 0.2562577546875 0.9468277484375 0.42834042656250004 0.9993366375000001 0.417471190625 0.9773976953125001 0.23981465468750002
0 0.9728618734375001 0.2030846125 0.9506670484375 0.02335601875 0.897473734375 0.0506459703125 0.9222852890625 0.22561788593749998 0.9228989796875 0.22484365468749998 0.9728618734375001 0.2030846125