0 0.9526406705407873 0.16973137784659803 0.09471865891842554 0.07583776101791675
0 0.9468409564335587 0.2218932898906952 0.10631808713288252 0.0746389369297223
0 0.9234649625570898 0.4808675931773271 0.15307007488582053 0.07692878875333342
0 0.9175635790582273 0.5306130200390633 0.15052206348717298 0.07213218597979179
0 0.9106516508437702 0.5834834469007993 0.15833456348717298 0.07231402393569457
0 0.8813230388157784 0.7933662867565632 0.17142655933798814 0.080417464665139
0 0.7793234149417099 0.17801273726965344 0.13934776514684694 0.06875261284152785
0 0.7347967780186089 0.4343341660312506 0.14403526514684692 0.06886171561506953
0 0.7222977006339887 0.48551480632385474 0.13934776514684694 0.06875261284152785
0 0.6966968172353726 0.6416732341355214 0.14607136182749905 0.07514808320625015
0 0.5937266892121194 0.03409581705743105 0.14682837842423863 0.043970818388611235
0 0.5418737269789904 0.3378189226807643 0.15232136182749906 0.07529355357097237
0 0.5111709464848039 0.4883994977188893 0.1603706601678251 0.07860039152687506
0 0.4895355126712692 0.6454300945085073 0.16025226099766207 0.07703789152687505
0 0.4826235844568121 0.6983005213702433 0.1603706601678251 0.07860039152687506
0 0.38482528589277143 0.03547255983923643 0.16027557178554286 0.056761759118055685
0 0.2964348628764063 0.546571101158021 0.1555647609976621 0.07692878875333342
0 0.2702303282330347 0.7050550951740974 0.16830155933798815 0.08034472948277802
0 0.2550807701444464 0.8138845813063892 0.1603706601678252 0.07860039152687515
0 0.2626555491887406 0.7594698382402433 0.16818316016782514 0.07878222948277802
0 0.17334425684847726 0.08514133225631958 0.16037066016782514 0.07860039152687512
0 0.15068985207923682 0.1875571642282987 0.16818316016782514 0.07878222948277794
0 0.12458040581814762 0.3678797906531945 0.16709425684847723 0.08499586189159736
0 0.10646013569692314 0.4992564240119445 0.14282796265733605 0.073512848023889
0 0.10831955623771047 0.5546706226251736 0.13873245850815122 0.08121624525034736
0 0.09948012034958346 0.7158984101442362 0.09690015601864026 0.08492182028847228