0 0.681117375102444 0.1632260232942067 0.09194355913900906 0.16692190637700657
0 0.6237586393704675 0.1591836544564426 0.10382712903138529 0.18780761646291486
0 0.4577312249786093 0.1255943057450666 0.09179800992479734 0.1637969063770066
0 0.34722821856846864 0.1071076566041492 0.09059938296032666 0.1715275192218768
0 0.2942658844080688 0.0965696263009959 0.10033825599585597 0.17983134215265534
0 0.18986732878371632 0.0774217754976841 0.08696496071058571 0.1548435509953682
0 0.13946706844463408 0.07340652250123719 0.09768413688926816 0.14681304500247438
0 0.8654004456139927 0.420624686229934 0.0917980099247977 0.16379690637700667
0 0.8091311749358281 0.4063441802370402 0.09430657981717375 0.18419129353213637
0 0.7530802280789813 0.39675117424414635 0.1000471575674327 0.17358134215265536
0 0.6971919470617346 0.3738359746736877 0.09550520678164424 0.17646068068726617
0 0.6393601763835702 0.35963735583592366 0.10055657981717374 0.18451884215265535
0 0.5832364549196175 0.3484818498430298 0.0973588052100677 0.18279256784239584
0 0.4684997127775004 0.3231686685899368 0.09379715756743252 0.1732537935321364
0 0.41519277625973566 0.3220465818643484 0.09550520678164429 0.17646068068726609
0 0.36141280479578297 0.31076824513876 0.09194355913900924 0.16692190637700666
0 0.5990391991286492 0.5700702448000756 0.10389990363849115 0.18937011646291496
0 0.5404989530575907 0.5574750695398765 0.10389990363849115 0.18937011646291477
0 0.47912480541495556 0.5512936685899369 0.1053896290313853 0.18788950361804452
0 0.3158585179875681 0.5097280455683013 0.09913962903138529 0.1875619549975255
0 0.26058882113072124 0.5000940959978426 0.10568072745980875 0.19413950361804452
0 0.2059184377561097 0.48651295284981905 0.09721325599585606 0.17966756784239588
0 0.15384651550636871 0.4782777289691008 0.10411822745980874 0.19405761646291494
0 0.09675960752465136 0.4632569165537719 0.09757712903138534 0.18748006784239593
0 0.053989910667804494 0.4529678697422752 0.07377575599585602 0.1784392605154496
0 0.8343603848178442 0.8639519623492159 0.10568072745980865 0.1941395036180446
0 0.78043486413968 0.8495486256236274 0.1058262766740203 0.19726450361804454
0 0.6336754882086666 0.9606166796712134 0.06330052067816432 0.02046298620519025
0 0.5775881540482668 0.9502424236783196 0.066100188998964 0.047107373360319824
0 0.5133437175305021 0.9496935470386394 0.06646406203449332 0.054919873360319824
0 0.3978984999954908 0.9259838093631112 0.06762845574818703 0.07991987336031983
0 0.34162922931732637 0.9117033033702174 0.07253427956950453 0.08485303482570927
0 0.28436038481784437 0.8927762409548885 0.07148120181924558 0.09570864767057934
0 0.22596568796099753 0.8833060656946892 0.07289815260503385 0.09266553482570927
0 0.06862191480163371 0.8343816440525348 0.06461477171162171 0.11561171189493047