0 0.0351571533311595 0.8845182633359195 0.070314306662319 0.12056733363936126
0 0.096945273163873 0.8987877995506566 0.07413532092583344 0.12123701333591938
0 0.17125391439636733 0.9197537459171141 0.0882705955329393 0.1239474251546305
0 0.6050252928085801 0.9905601956175516 0.08132708271265762 0.018879608764896715
0 0.6825873666298976 0.9889975666795978 0.08332623035529281 0.022004866640804366
0 0.1429427855698698 0.702566374855068 0.10430231803034933 0.2342152454580722
0 0.052216336539155264 0.4024232404571023 0.10443267307831053 0.22066292848861022
0 0.12308416563471243 0.42176291394474263 0.10044957195929075 0.21833515394280306
0 0.2011727783311595 0.42892145182646946 0.11723896567298446 0.24461061151914837
0 0.27246558147431266 0.4472885566776581 0.11284256410140792 0.2504779742462448
0 0.35038937427838357 0.47482336743820214 0.11880146567298447 0.24473815727678297
0 0.496808455957584 0.5134389415346657 0.13119445781510156 0.2768809775802247
0 0.5746423575291606 0.5260662294163925 0.11753006410140791 0.25086061151914835
0 0.6494775376367844 0.5525646986616675 0.1210917117440431 0.2604907030344174
0 0.9387733240307146 0.6216644824605083 0.08300951488719618 0.24492960485118864
0 0.25907528536047286 0.162307778797871 0.11796671174404309 0.2602356115191484
0 0.33163949007520255 0.18705242940669414 0.11909256410140792 0.250988157276783
0 0.5635958114153208 0.2412767701730572 0.11880146567298447 0.24473815727678297
0 0.7220440122011091 0.25734766457296254 0.1210917117440431 0.2604907030344174
0 0.79606155500518 0.2845636109394202 0.12614308477957223 0.2686858403073211
0 0.8774378335412273 0.3053222632152333 0.12665250702931347 0.2796233403073211