0 0.9948976133831795 0.6835286761166428 0.010204773233640907 0.04985829004195637
0 0.9840322913749071 0.5608607707227025 0.03193541725018569 0.04827247925407559
0 0.9806891153723619 0.5204725690630285 0.0386217692552762 0.042496075934727706
0 0.9632919826941351 0.35464665951990326 0.07341603461172994 0.050995660167825106
0 0.9568254487189523 0.31299195578563693 0.07396475867281786 0.05087726099766208
0 0.9425805880410436 0.23118584873202258 0.07240225867281821 0.050758861827499044
0 0.8054309594604941 0.8765127719721022 0.1334852093411815 0.06787642946385689
0 0.8010519947883126 0.8361837698975098 0.13036020934118148 0.06763963112353082
0 0.7896417801161311 0.7963875640886511 0.13346702800763593 0.06631392946385706
0 0.7852264527768585 0.7529335620140586 0.13982611600890865 0.076162526144509
0 0.7654764794318591 0.6684168520560149 0.13034202800763595 0.066077131123531
0 0.7610793334261322 0.6265253499814224 0.13034202800763595 0.066077131123531
0 0.7483242474140418 0.5383508437576452 0.13034202800763595 0.066077131123531
0 0.7361327827418601 0.4986138375338678 0.13037839067472684 0.06920213112353099
0 0.7324987054025878 0.45510063587419386 0.13346702800763593 0.06631392946385706
0 0.731998718730088 0.41213188587419386 0.13662839067472704 0.06967572780418312
0 0.6745289273551809 0.10996665724481818 0.14291475334181775 0.0732743244848352
0 0.6670340533497721 0.0706557035105518 0.1397352093411815 0.06835002614450914
0 0.6549860641310848 0.9168445418928343 0.1350113466740906 0.06486982863401991
0 0.6181656747692226 0.7092930736364206 0.1335215720082724 0.07100142946385687
0 0.6067281880967228 0.6671531178275618 0.1412977093411815 0.0684684253146722
0 0.6023310420909957 0.6252616157529693 0.1366465720082724 0.07123822780418312
0 0.5900759427514052 0.5800558595291921 0.1412977093411815 0.06846842531467204
0 0.5432442067154523 0.3185272862937567 0.13350339067472686 0.06943892946385706
0 0.5357402420432708 0.27843508255949034 0.13346702800763593 0.06631392946385706
0 0.5198965186982714 0.19362237467603907 0.13352157200827222 0.07100142946385701
0 0.5154630100254534 0.14860587260144661 0.13978975334181776 0.07303752614450913
0 0.49666503413426655 0.9522995576643811 0.13306703866963615 0.03193892946385688
0 0.485418451463994 0.9265658518555224 0.13659202800763595 0.06655072780418295
0 0.4362702374283593 0.6675586273753314 0.131904528007636 0.06619553029369403
0 0.4081805054105419 0.5383214132681029 0.13346702800763593 0.06631392946385706
0 0.38577715205281576 0.36017310248022216 0.13037839067472695 0.06920213112353099
0 0.3774373933799978 0.3154525983310373 0.1335215720082724 0.07100142946385705
0 0.36522774737427083 0.27415309210725997 0.13659202800763603 0.06655072780418311
0 0.3607669667011348 0.22679284003266748 0.13034202800763595 0.066077131123531
0 0.31347981679658493 0.9341210105734549 0.14127952800763593 0.06690592531467203
0 0.3051855114576306 0.89330675642427 0.1397352093411815 0.068350026144509
0 0.2929213214512673 0.8473197502004925 0.1412977093411815 0.06846842531467204
0 0.2837912221116767 0.8018771956363893 0.14291475334181775 0.07327432448483515
0 0.28015714477240417 0.7583639939767153 0.13978975334181776 0.07303752614450901
0 0.2627054680935411 0.6697634352634271 0.15230793467536327 0.07554721950581325
0 0.24601686008113263 0.5795411769650574 0.1398079346753632 0.07460002614450918
0 0.24390892007476933 0.5327845761352205 0.14918293467536328 0.07531042116548718
0 0.2324441614019514 0.4883008703263615 0.14920111600890867 0.07687292116548719
0 0.2157737347230883 0.3996411120279918 0.14293293467536322 0.07483682448483524
0 0.13158437945572163 0.8923865643123655 0.11936816534054513 0.062123336932389604
0 0.11960145277685856 0.8033716085035068 0.1288158906747269 0.06908373195336788
0 0.10965374077017706 0.754863253524485 0.1272352093411815 0.06740283278320494
0 0.09978784476445005 0.7133861485454631 0.1257272533418178 0.07197193361304191
0 0.06325835673931483 0.5308346802890496 0.11473520934118145 0.06645563942190087
0 0.05747088605981543 0.4366586277995387 0.1054147533418178 0.07043274440092269
0 0.056180558720542985 0.3929678273846202 0.10377952800763601 0.06406434523075957
0 0.046278300047725075 0.3483657224055984 0.08502952800763601 0.0626435551888033
0 0.04574195070813446 0.30227197240559833 0.08504770934118146 0.06420605518880329