0 0.11535198421498445 0.003255380641385545 0.034921031570031104 0.00651076128277109
0 0.1527609789533126 0.004317775468536052 0.0413530420933748 0.008635550937072104
0 0.3635619710608048 0.0035926982715050763 0.041626057878390375 0.007185396543010153
0 0.407220965799133 0.00451870077878754 0.04180806840173403 0.00903740155757508
0 0.45221494738328155 0.009328221232758664 0.04244510523343692 0.01865644246551733
0 0.49449345264495337 0.0071519557933524686 0.04226309471009326 0.014303911586704937
0 0.583191931598266 0.010175835807917397 0.045661110495108834 0.020351671615834795
0 0.6290581684440864 0.01145836523523285 0.045661110495108834 0.0229167304704657
0 0.5412774473832815 0.008043860220667923 0.04400760523343692 0.016087720441335846
0 0.8944255632106494 0.0293496207452697 0.043446163111827474 0.049619566772189705
0 0.13866141062216575 0.096575820137402 0.04910389988706054 0.11997753087881238
0 0.22230836852879093 0.1066207583797772 0.05379139988706054 0.12011392319868039
0 0.349796331697088 0.11383020163671738 0.058933926195419775 0.1280628155185485
0 0.7867279133235888 0.15103205562243263 0.05066639988706072 0.12002299498543509
0 0.984627087029347 0.16789163202804075 0.015092920933747677 0.12522732053311342
0 0.2841272871140516 0.2771856594751339 0.05920694198043534 0.1327503155185485
0 0.673675634525568 0.3110866687128409 0.05332096302712266 0.13881845909205773
0 0.8910605556004902 0.3281591937856656 0.048360447242107085 0.13399456677218974
0 0.053553579348600756 0.41960179466886594 0.049467920933747925 0.12622753087881247
0 0.09068955830191336 0.42476065610992164 0.05268392619541977 0.1278809590920577
0 0.13269504777856964 0.42665812523110913 0.05608194198043535 0.1326593873053031
0 0.17387378462439002 0.4293595764056081 0.05268392619541977 0.1278809590920577
0 0.21505252147021042 0.4320610275801071 0.0555359104104042 0.12328438730530315
0 0.47316115308259377 0.45964750382743064 0.05691639988706054 0.12020485141192583
0 0.5586436267742345 0.46495947796318327 0.058933926195419775 0.12806281551854842
0 0.9103657504941103 0.492161857813146 0.05580892619541977 0.12797188730530315
0 0.9490187268165868 0.49805650514757893 0.0477234104104042 0.12305706677218975
0 0.030163040027236222 0.58016722162847 0.04763240514873237 0.12149456677218957
0 0.06844429002723622 0.5790533510162144 0.05241091041040422 0.12319345909205773
0 0.3206214400554711 0.6013529336900287 0.04864887357870131 0.11216503087881229
0 0.7536922743128078 0.6378871979423006 0.04864887357870131 0.11216503087881229
0 0.1903347005788148 0.6020241865930226 0.050666399887060544 0.120022994985435
0 0.2793972005788148 0.5994327325155298 0.05021137357870131 0.112210494985435
0 0.015430859532626715 0.7344826485880742 0.03086171906525343 0.11836956677218975
0 0.08503400859837947 0.7361156932569402 0.04167083148532651 0.0994831744523216
0 0.12534819545831727 0.7536608944314391 0.048921889363716844 0.11685253087881228
0 0.2080773954724347 0.7660723147271258 0.050666399887060544 0.120022994985435
0 0.38143159548655214 0.7758468168386967 0.0469953683170294 0.11055706677218957
0 0.7712606639588733 0.8183188440230925 0.05048438936371689 0.116897994985435
0 0.004217220133616298 0.8919003434943669 0.008434440267232597 0.11836956677218993
0 0.02423395303318279 0.9017467049354227 0.04846790606636558 0.12011392319868044
0 0.06086221927701494 0.8967038522698555 0.04654034200867019 0.10274456677218993
0 0.10144942192196829 0.9095615534443546 0.05379139988706054 0.12011392319868044
0 0.1450174113986246 0.9114135584589196 0.050666399887060544 0.12002299498543537
0 0.2689708508893983 0.9257451799291051 0.054534852532013914 0.1060968873053028
0 0.31322908510438274 0.9291369528903586 0.052881347270342084 0.10448892319868044
0 0.35753282195020314 0.9317474758516122 0.04819384727034208 0.10435253087881229
0 0.48727352985682837 0.9404512229486184 0.05040879465362345 0.08881845909205772
0 0.8307582193476021 0.948395137438317 0.04675317363517095 0.05283549498543501
0 0.8736814667167663 0.9479261245061934 0.04509966837349921 0.05122753087881264