0 0.3046875 0.05546875 0.0328125 0.1109375
0 0.353125 0.059375 0.03125 0.115625
0 0.659375 0.08359375 0.0375 0.128125
0 0.7484375 0.0796875 0.0375 0.128125
0 0.7921875 0.0796875 0.0375 0.128125
0 0.88125 0.08359375 0.0375 0.128125
0 0.9265625 0.08359375 0.0359375 0.125
0 0.971875 0.08359375 0.034375 0.125
0 0.1265625 0.21171875 0.0375 0.13125
0 0.48125 0.2359375 0.0359375 0.125
0 0.790625 0.246875 0.0375 0.125
0 0.971875 0.25703125 0.0375 0.128125
0 0.11875 0.375 0.0359375 0.125
0 0.390625 0.3921875 0.03125 0.125
0 0.4796875 0.39921875 0.0328125 0.1171875
0 0.696875 0.403125 0.03125 0.1109375
0 0.96875 0.41640625 0.0328125 0.11875
0 0.075 0.54140625 0.03125 0.11875
0 0.11875 0.5453125 0.034375 0.1109375
0 0.434375 0.559375 0.034375 0.125
0 0.56875 0.56953125 0.03125 0.1140625
0 0.88125 0.58359375 0.0328125 0.1140625
0 0.925 0.590625 0.0328125 0.121875
0 0.9703125 0.590625 0.034375 0.125
0 0.25 0.72890625 0.0375 0.125
0 0.2953125 0.72578125 0.0375 0.121875
0 0.478125 0.72890625 0.0328125 0.121875
0 0.521875 0.7359375 0.0359375 0.125
0 0.56875 0.7359375 0.0421875 0.125
0 0.6109375 0.7359375 0.0328125 0.1140625
0 0.3875 0.89921875 0.0375 0.128125
0 0.5640625 0.903125 0.0375 0.128125