0 0.18125 0.09375 0.034375 0.115625
0 0.265625 0.09375 0.03125 0.115625
0 0.3109375 0.090625 0.034375 0.121875
0 0.5046875 0.09375 0.0359375 0.115625
0 0.85 0.09375 0.034375 0.1109375
0 0.95625 0.096875 0.0328125 0.1109375
0 0.096875 0.253125 0.0328125 0.1171875
0 0.1375 0.253125 0.034375 0.121875
0 0.18125 0.253125 0.0359375 0.1171875
0 0.2234375 0.253125 0.0328125 0.1171875
0 0.571875 0.253125 0.0359375 0.115625
0 0.6578125 0.253125 0.034375 0.1171875
0 0.0953125 0.41328125 0.034375 0.1109375
0 0.1359375 0.41328125 0.034375 0.11875
0 0.178125 0.41328125 0.0328125 0.115625
0 0.221875 0.41640625 0.0328125 0.121875
0 0.265625 0.41640625 0.034375 0.115625
0 0.528125 0.4234375 0.034375 0.121875
0 0.6125 0.41640625 0.034375 0.11875
0 0.659375 0.41640625 0.0359375 0.11875
0 0.7015625 0.41640625 0.03125 0.11875
0 0.8328125 0.41640625 0.034375 0.11875
0 0.875 0.41640625 0.034375 0.11875
0 0.09375 0.5796875 0.03125 0.121875
0 0.134375 0.5796875 0.0328125 0.11875
0 0.1765625 0.5796875 0.03125 0.121875
0 0.309375 0.58359375 0.03125 0.11875
0 0.790625 0.5796875 0.0296875 0.1078125
0 0.8765625 0.58359375 0.0328125 0.1140625
0 0.91875 0.58359375 0.03125 0.1140625
0 0.09375 0.74296875 0.0328125 0.11875
0 0.134375 0.74296875 0.0328125 0.11875
0 0.21875 0.746875 0.03125 0.11875
0 0.3515625 0.74296875 0.034375 0.115625
0 0.5703125 0.74296875 0.0328125 0.11875
0 0.7890625 0.746875 0.03125 0.1109375
0 0.834375 0.746875 0.034375 0.115625
0 0.91875 0.74296875 0.0328125 0.1109375
0 0.0921875 0.90625 0.0328125 0.121875
0 0.1328125 0.90625 0.03125 0.121875
0 0.175 0.909375 0.034375 0.115625
0 0.21875 0.909375 0.0328125 0.11875
0 0.6578125 0.909375 0.0328125 0.11875
0 0.834375 0.909375 0.034375 0.11875