0 0.9244808259433898 0.14320734085407053 0.06310305674305994 0.12985263605166192
0 0.8718642913036536 0.1323092932822107 0.06452916442319179 0.12521060015828459
0 0.8184665066639176 0.12138851365703954 0.06600073620994644 0.12213106426490725
0 0.9869580938900784 0.34346340511897777 0.02608381221984324 0.16814224623907634
0 0.9589564290046682 0.33545467682659014 0.07241587226160817 0.18164245658477532
0 0.7969732545523465 0.294834373844454 0.07517715940862679 0.16923338479802066
0 0.7451834340192331 0.2855215583259055 0.06892715940862679 0.16905152837152998
0 0.6934163455394311 0.27698999280735703 0.07504076708875881 0.16454588479802065
0 0.635535649379497 0.27296407086231783 0.0704896594086268 0.1690969924781526
0 0.5814020788463836 0.2635830591838353 0.07540447994174038 0.17704588479802066
0 0.4760098851937321 0.23631821404011566 0.07660326708875882 0.16459134890464336
0 0.3669842261808166 0.21831470862983932 0.07370558762187222 0.17231292069139797
0 0.3128506556477032 0.20893369695135683 0.07177937476889076 0.1597674565847753
0 0.2557057453811465 0.203368007059629 0.07673965940862688 0.16927884890464334
0 0.15467444279472173 0.19184182218246607 0.0733418747688908 0.159812920691398
0 0.09750680047485369 0.18549488229073818 0.07259772868809904 0.18789245658477527
0 0.05877090940862688 0.16875601167848248 0.05173965940862688 0.16855142319868044
0 0.9441223538527013 0.5231448934404953 0.07517715940862679 0.16923338479802066
0 0.8898751230530312 0.5098576317620128 0.06548391066226814 0.15802310015828452
0 0.9555709485342024 0.9295226447606435 0.05955215940862679 0.140954710478713
0 0.6115003512789118 0.9939846468722144 0.060193353919208194 0.012030706255571033
0 0.49725599485242106 0.9861206710871094 0.05430706677218975 0.027758657825781085
0 0.3874263537861943 0.9743049811953816 0.06395485141192588 0.051390037609236924
0 0.3285825511997695 0.9642205905248662 0.05922188730530316 0.0501196719450391
0 0.2752756947732788 0.9564248108996949 0.05292642319868044 0.04837531551854859
0 0.21640916013354272 0.9453449069013444 0.06707985141192578 0.051909492478152686
0 0.1027869293338726 0.9303300091712 0.0543070667721897 0.04217077962517095
0 0.0532953946941365 0.9195228898125855 0.05439799498543507 0.04529577962517095