0 0.9557192650609425 0.191234583896454 0.07994544954451292 0.10088747060135783
0 0.8885764050794759 0.16666062980343957 0.07649306733052796 0.09134869629109836
0 0.9672644002701525 0.380170931137492 0.06547119945969512 0.20697369629109835
0 0.8541443852940281 0.34187531377006597 0.10325895317271012 0.18788950361804463
0 0.6616915012659443 0.27954133084423627 0.09684526206571746 0.18287445499752558
0 0.5264707638798161 0.24828028550307762 0.10643851687504088 0.18961577792830406
0 0.464042685749515 0.2247332428754524 0.10369546279135697 0.2003895036180446
0 0.39566470798203357 0.20945240162730822 0.10353177168436449 0.19570200361804463
0 0.3332366298517324 0.18590535899968302 0.10325895317271012 0.18788950361804463
0 0.5011731196001135 0.05979763964152061 0.08047123920022692 0.07128185775648758
0 0.43896329627913566 0.0425005970138954 0.06855159255827133 0.04258364767057933
0 0.3746279777674814 0.03133072365357557 0.06488095553496284 0.026794873360319826
0 0.13639634618646848 0.13191946460846404 0.10871034500534212 0.2100101650834339
0 0.08946678248413761 0.1279003499545715 0.06425101687504098 0.1874048247398008
0 0.9734648149682752 0.6443153182926218 0.0530703700634497 0.20368492198083885
0 0.9406647609694094 0.6310440343714239 0.11049109981466572 0.21634205223856356
0 0.8729043420949353 0.6111166367008446 0.11361609981466572 0.21650582654882305
0 0.8059251732204611 0.59123018260783 0.11361609981466562 0.21650582654882305
0 0.7387004676854984 0.5643124785148157 0.11361609981466554 0.21650582654882305
0 0.6715576077040318 0.5397385244218011 0.11361609981466554 0.21650582654882305
0 0.5407515518062493 0.5009106405460317 0.11049109981466554 0.21634205223856356
0 0.20833586668970652 0.40550745081365414 0.10871034500534212 0.2100101650834338
0 0.9428820585144893 0.8955192921733399 0.08182046279135698 0.1992430834462282
0 0.8246851300213685 0.8604715055386085 0.11539685462398915 0.222837713703953
0 0.6158532778444502 0.7980589574839164 0.11539685462398896 0.22283771370395283
0 0.5555506949048257 0.7683847455889858 0.12202880054030488 0.23410276232447186
0 0.4846379941791863 0.747512323608147 0.11539685462398878 0.22283771370395283
0 0.35280515162091486 0.7016122461548127 0.11490578130301125 0.208775213703953
0 0.28542667866275684 0.6926223484842333 0.11312502649368783 0.20244332654882308
0 0.2196280638719669 0.6618802815463487 0.12013891832631982 0.2246458751693421
0 0.44588306214268636 0.943955797150181 0.099841287293461 0.11208840569963811
0 0.3087997243937384 0.9153162200355309 0.0934821598887993 0.13123006784239594
0 0.23796886922159527 0.8967875480546921 0.08383434137714507 0.12292624491161738
0 0.17090785479362497 0.8745573439616777 0.09348215988879933 0.13123006784239594
0 0.7176415002544541 0.9918687539567289 0.08143353847458741 0.016262492086542225
0 0.6516891180404689 0.9807331801214392 0.08521330290255769 0.03853363975712156