0 0.3078125 0.07265625 0.034375 0.121875
0 0.528125 0.10078125 0.040625 0.11875
0 0.9046875 0.15625 0.028125 0.115625
0 0.0875 0.22578125 0.0390625 0.125
0 0.125 0.22578125 0.0328125 0.121875
0 0.1703125 0.22890625 0.0390625 0.1328125
0 0.215625 0.2328125 0.0390625 0.121875
0 0.525 0.26015625 0.0328125 0.1109375
0 0.30625 0.403125 0.034375 0.115625
0 0.39375 0.409375 0.0359375 0.121875
0 0.6859375 0.43046875 0.034375 0.1109375
0 0.803125 0.4375 0.0375 0.1046875
0 0.1265625 0.55546875 0.0390625 0.1171875
0 0.2140625 0.5625 0.0359375 0.115625
0 0.3484375 0.57265625 0.0375 0.128125
0 0.521875 0.5765625 0.0296875 0.1140625
0 0.6046875 0.5796875 0.034375 0.11875
0 0.6453125 0.58359375 0.03125 0.1140625
0 0.725 0.58359375 0.0296875 0.1140625
0 0.0828125 0.721875 0.0390625 0.1171875
0 0.121875 0.72578125 0.034375 0.125
0 0.2125 0.7328125 0.0375 0.121875
0 0.3953125 0.7359375 0.0390625 0.125
0 0.6453125 0.73984375 0.03125 0.1140625
0 0.9078125 0.74296875 0.0265625 0.1046875
0 0.0796875 0.88515625 0.034375 0.11875
0 0.209375 0.8921875 0.03125 0.1109375
0 0.390625 0.903125 0.03125 0.11875
0 0.5625 0.89609375 0.034375 0.1109375
0 0.64375 0.89921875 0.028125 0.115625
0 0.684375 0.89609375 0.028125 0.1078125
0 0.8015625 0.8921875 0.028125 0.1078125
0 0.8734375 0.8921875 0.0265625 0.1078125
0 0.9078125 0.8890625 0.025 0.1046875