0 0.04296875 0.10625 0.028125 0.1234375
0 0.1265625 0.1 0.034375 0.125
0 0.1671875 0.09609375 0.0328125 0.125
0 0.3421875 0.08125 0.0328125 0.1171875
0 0.38359375 0.078125 0.034375 0.1203125
0 0.4265625 0.078125 0.0328125 0.115625
0 0.46953125 0.08046875 0.034375 0.11875
0 0.5140625 0.0828125 0.0390625 0.1296875
0 0.5984375 0.0734375 0.0421875 0.1296875
0 0.64453125 0.075 0.040625 0.1265625
0 0.68671875 0.07265625 0.034375 0.1203125
0 0.73046875 0.075 0.0375 0.13125
0 0.896875 0.07109375 0.0359375 0.1125
0 0.9375 0.06875 0.0375 0.1140625
0 0.0375 0.2625 0.0375 0.1234375
0 0.253125 0.25234375 0.0359375 0.134375
0 0.3390625 0.25 0.0390625 0.1375
0 0.3828125 0.2453125 0.0375 0.128125
0 0.42734375 0.24453125 0.034375 0.1328125
0 0.515625 0.23828125 0.0375 0.1296875
0 0.6015625 0.2328125 0.034375 0.11875
0 0.68984375 0.22890625 0.0328125 0.134375
0 0.028125 0.58046875 0.0359375 0.13125
0 0.06953125 0.57890625 0.0328125 0.128125
0 0.24609375 0.58125 0.0375 0.1515625
0 0.29140625 0.57265625 0.040625 0.1375
0 0.3390625 0.56796875 0.0421875 0.1515625
0 0.38203125 0.56953125 0.0359375 0.1421875
0 0.47265625 0.5671875 0.0375 0.1328125
0 0.74140625 0.5515625 0.0390625 0.1234375
0 0.78828125 0.54765625 0.0359375 0.1328125
0 0.83125 0.54609375 0.0375 0.1296875
0 0.8796875 0.546875 0.04375 0.1421875
0 0.92109375 0.55 0.034375 0.14375
0 0.1984375 0.91484375 0.0390625 0.1453125
0 0.24453125 0.91875 0.0390625 0.146875
0 0.38359375 0.91171875 0.0421875 0.15
0 0.47421875 0.909375 0.0453125 0.1515625
0 0.52421875 0.90625 0.034375 0.1390625
0 0.56640625 0.8984375 0.0390625 0.1453125
0 0.61484375 0.90234375 0.0390625 0.1359375
0 0.66171875 0.89765625 0.040625 0.15
0 0.75390625 0.89375 0.0375 0.13125
0 0.80078125 0.8921875 0.0359375 0.15
0 0.8453125 0.88828125 0.040625 0.13125
0 0.890625 0.88671875 0.0375 0.15