0 0.1295583833961733 0.8585686694377568 0.06627598933548198 0.1469946719450391
0 0.17578864128868105 0.8622536105831259 0.06940098933548197 0.14708560015828454
0 0.2744459491670714 0.8822826172470435 0.06462248407381015 0.1453867078384164
0 0.421214533353821 0.9115107791629529 0.07169153142885669 0.15963106426490725
0 0.6634776280639143 0.9373398417785073 0.06765647881213824 0.12532031644298555
0 0.7112248833255861 0.939538839271225 0.07528696828879458 0.12092232145755019
0 0.630909509817472 0.7624070040901282 0.06903696828879458 0.14083560015828453
0 0.5815542519249642 0.7586311347315137 0.06921897881213823 0.14396060015828455
0 0.2879638756448399 0.7126520788463836 0.07160052616718496 0.15806856426490726
0 0.24205984144397283 0.7011773697543259 0.06940098933548197 0.14708560015828454
0 0.19215855198143397 0.6880265003957114 0.07078147881213828 0.14400606426490725
0 0.14335703093474658 0.6803671130904083 0.07031104195220043 0.16271060015828454
0 0.09685375725722326 0.6719946719450391 0.06783848933548198 0.14704013605166183
0 0.062160238841371784 0.6655257115993403 0.05679457352223154 0.17167642319868043
0 0.06644737848743729 0.4847076206122557 0.07114549985882565 0.15025606426490726
0 0.15936292058081208 0.49989000290299385 0.07096348933548198 0.14713106426490724
0 0.35204324424421796 0.5273343559642724 0.06627598933548198 0.1469946719450391
0 0.44973729159926457 0.5442156305748785 0.06149748407380997 0.14529577962517112
0 0.4988573310618035 0.5573437678801817 0.06673101564384112 0.1548071719450391
0 0.5466045863234753 0.5602929231321735 0.06802049985882572 0.15016513605166182
0 0.6423644073560453 0.5841372515828456 0.06416745776545092 0.13757420783841656
0 0.8392694994353025 0.6171640149106807 0.06462248407380997 0.14538670783841656
0 0.8088176180346807 0.4290957135778973 0.0678384893354818 0.14704013605166183
0 0.7575813417263215 0.41980563011266014 0.06324199459715381 0.14846624373179385
0 0.6100770101704078 0.39133598614343945 0.06838452090551303 0.15641513605166182
0 0.36928541019864275 0.3546924778301692 0.06940098933548197 0.14708560015828454
0 0.27297185232025234 0.33473166732618564 0.06636699459715381 0.1485571719450392
0 0.17449655496520572 0.31782766066226814 0.07307202090551304 0.15655152837152997
0 0.12882003391851832 0.31025920157021036 0.06994702090551305 0.15646060015828453