0 0.6796875 0.05519340917100912 0.075 0.11038681834201824
0 0.46015625 0.059766836483003606 0.0703125 0.11953367296600721
0 0.23984375 0.09943697169221363 0.0765625 0.17298612141421194
0 0.03046875 0.12784225780454833 0.0609375 0.16931548439090335
0 0.9609375 0.4969120730665237 0.078125 0.2167906851165427
0 0.51015625 0.5798412011889755 0.0765625 0.20736112141421187
0 0.43828125 0.590163631496195 0.08125 0.21533731252120453
0 0.3625 0.6076537210592414 0.08125 0.21533731252120453
0 0.85 0.8148485959320144 0.0828125 0.2325793762235353
0 0.54375 0.8646055815888621 0.0796875 0.21215774881887378
0 0.4703125 0.8734200755984123 0.084375 0.22325893992586635
0 0.31875 0.8935565047245054 0.0875 0.19368056733052796
0 0.16796875 0.9089781519994329 0.0796875 0.17309524881887342