0 0.86640625 0.08547653271157907 0.0640625 0.17095306542315813
0 0.515625 0.09041854400605566 0.0640625 0.18083708801211132
0 0.4484375 0.09481893711342407 0.06875 0.18963787422684814
0 0.38359375 0.09707488658434067 0.06875 0.19414977316868134
0 0.93125 0.30913897844981697 0.0640625 0.22085437606301594
0 0.86484375 0.3215909231492847 0.06875 0.21654951333591957
0 0.7921875 0.33064680087929055 0.075 0.23893469636645773
0 0.72265625 0.3316350870940274 0.0671875 0.211734467578285
0 0.6421875 0.599141193612206 0.06875 0.23842451333591957
0 0.56796875 0.5973871170998464 0.06875 0.22592451333591956
0 0.49921875 0.602999130435766 0.0765625 0.23437474212409234
0 0.42578125 0.6050875310445891 0.0734375 0.2263071506088231
0 0.28046875 0.616168036504601 0.075 0.26080969636645773
0 0.059375 0.6162470112098877 0.08125 0.25038237939699587
0 0.0125 0.6083546339389236 0.025 0.22079073212215264