0 0.09259615753029213 0.8387507766917457 0.09600220258518868 0.17394151878308045
0 0.3456455616749053 0.9085353305695287 0.08117569863085591 0.15461851581733085
0 0.4977200562376979 0.9288093853987138 0.08943386760421675 0.14238122920257226
0 0.04017340140741887 0.6205790968439701 0.08034680281483773 0.15936968281352523
0 0.09299670003936863 0.6368699417107738 0.0879987015966055 0.16893568380210838
0 0.1463617805717163 0.6523477030794803 0.08117569863085597 0.15461851581733085
0 0.19428994460216117 0.6668213799615064 0.08449169961943914 0.15943334980971963
0 0.09943899551419466 0.4211494412164821 0.08994320357377186 0.17837435079830274
0 0.1450552430427367 0.43474636760421675 0.08362953657757748 0.17655718281352512
0 0.35448198117973867 0.49962324558855675 0.0864362015966055 0.168872016805914
0 0.8450831234613538 0.6354306833821789 0.08481003460041095 0.16724584980971963
0 0.058528788517562755 0.21523768083635883 0.06625103558899428 0.1711693458553869
0 0.0988991205327852 0.22314302273741302 0.0879987015966055 0.16893568380210838
0 0.20484803159748055 0.25406671197672887 0.0864362015966055 0.16887201680591396
0 0.6557009243733871 0.385906891367394 0.08611786661563343 0.161059516805914
0 0.7036290884038321 0.40038056824942003 0.08292919961943923 0.15936968281352523
0 0.9631049060845985 0.4852953736100778 0.0442487015966055 0.16715300790866544
0 0.11290190661607107 0.052335774220287776 0.05857118676785787 0.0975408448668037
0 0.1532722386312935 0.060241116121341955 0.08408052273741302 0.11105951680591394
0 0.20373515365032152 0.07012279349765968 0.08315469269935694 0.12662084980971958
0 0.30644631817505796 0.08448106524648952 0.08085736364988402 0.1468060158173308
0 0.35922114969598884 0.09523949311709883 0.0762335306460784 0.14817751482874764
0 0.5123169747911291 0.1406050257403436 0.08117569863085591 0.15461851581733077
0 0.7110608809129085 0.1987862347513229 0.08098469764227278 0.14993101581733081