0 0.239806839990455 0.06891258470173886 0.15396134134309047 0.07276585518980254
0 0.16405921594527523 0.4021432412194013 0.13980793467536326 0.064871541958086
0 0.144072885264185 0.5085023255283567 0.14923747867599957 0.06961358411256366
0 0.2584593652132782 0.8828114582383059 0.14927384134309046 0.07273858411256384
0 0.2716138932209143 0.8264887353656688 0.15864884134309049 0.07279312626704133
0 0.4129432533020469 0.2280507144848217 0.15087270401018138 0.07587267447164328
0 0.6636074193189098 0.10238205221162267 0.15397952267663584 0.07432835518980255
0 0.6441574379774101 0.16264738652057806 0.14920111600890867 0.06648858411256367
0 0.6310483633036377 0.21506385939321504 0.15087270401018138 0.07587267447164334
0 0.6039671479551385 0.32693260031802873 0.14771134134309047 0.07272949375348406
0 0.5776762732734119 0.4380155460633026 0.14927384134309046 0.07273858411256366
0 0.5645671985996394 0.4904320189359395 0.1492738413430903 0.07273858411256366
0 0.5158916992361864 0.7125751845287882 0.1539431600095451 0.07120335518980259
0 0.4989127372295048 0.7618893832991243 0.15557838534372692 0.07746244554888229
0 0.4896462778883233 0.8197518802740621 0.15557838534372675 0.07746244554888229
0 0.46337358454014216 0.9292723260193358 0.1539795226766359 0.07432835518980241
0 0.8042933172740481 0.43200994399675796 0.16181020401018137 0.07593630698520068
0 0.9649484592616396 0.5224753418320176 0.05839430267345449 0.05033634328594587
0 0.9402200845799131 0.6335491972182119 0.07409202800763595 0.05667724687674216
0 0.923195669239368 0.6867696459885477 0.08032384667409076 0.0551511083130606
0 0.9000025225573232 0.8001781610156625 0.07405566534054522 0.05355224687674216
0 0.8821877665500054 0.8541844049655383 0.08190452800763595 0.05672269867214012
0 0.872948579209142 0.9097031519404762 0.07409202800763595 0.056677246876741805
0 0.8590309825350516 0.9644679199926529 0.07563634667409076 0.055123837235821684