0 0.9019198813472457 0.8225977609487771 0.11844326929603213 0.06246019072219049
0 0.8811715186945538 0.9393568380210835 0.11832487012586909 0.06089769072219049
0 0.8548445558135033 0.2116284274506798 0.13118006763635784 0.06609452669174572
0 0.8509508838228234 0.2527481759678051 0.1294991684661948 0.06446835969555131
0 0.807926624699261 0.4558294136105154 0.11832487012586874 0.06089769072219049
0 0.8003043014638257 0.49913374463715454 0.12156826929603178 0.06258752471457925
0 0.7830235583123029 0.5794287396942387 0.12156826929603178 0.06258752471457925
0 0.7342005076968918 0.8601574748654912 0.12156826929603196 0.06258752471457925
0 0.7005462968904336 0.12823631281221265 0.12637416846619481 0.06434102570316255
0 0.6939536773892646 0.16457306083504628 0.12817346680652086 0.06752969269935694
0 0.6869942049836663 0.20634672535978274 0.12637416846619481 0.06434102570316255
0 0.6017395147458616 0.6538199501509118 0.12156826929603178 0.06258752471457925
0 0.6010892419253449 0.6966295326604258 0.12156826929603178 0.06258752471457943
0 0.5798556271980606 0.8172630262346352 0.11832487012586874 0.06089769072219049
0 0.5436800676363579 0.08290261368706506 0.12156826929603196 0.06258752471457937
0 0.541112097305352 0.12096102920038469 0.12156826929603178 0.06258752471457933
0 0.5269437761445092 0.1601044422422464 0.12180506763635783 0.06571252471457933
0 0.5199843037389108 0.20187810676698287 0.12637416846619481 0.06434102570316254
0 0.512965631748231 0.24287052129171932 0.12156826929603178 0.06258752471457943
0 0.5052966869370342 0.3266725183259698 0.1279366684661948 0.06440469269935693
0 0.4936497145314359 0.368255181862123 0.12156826929603178 0.06258752471457933
0 0.48680864129600054 0.4115913463868595 0.12672936597668388 0.06902852570316256
0 0.47253449897431477 0.49045117543633243 0.12180506763635783 0.06571252471457942
0 0.4694220769836349 0.5316027574515548 0.12180506763635783 0.06571252471457925
0 0.4412881894358339 0.6947911655505006 0.12156826929603196 0.06258752471457925
0 0.434032719104828 0.7326585800752371 0.12180506763635787 0.06571252471457925
0 0.42316699669922964 0.7742730771094877 0.12156826929603182 0.06258752471457925
0 0.42005457470854973 0.8154246591247102 0.12817346680652092 0.06752969269935685
0 0.38650618506293444 0.0437870810638203 0.13238737012586882 0.0614706936879401
0 0.37967676722143945 0.07699882908665397 0.12493006763635801 0.06583985870696814
0 0.3661712968904335 0.11461157562661284 0.12793666846619497 0.06440469269935693
0 0.3374929576829586 0.2808931502274615 0.12156826929603186 0.06258752471457933
0 0.31889909088108204 0.40552839429596244 0.12180506763635793 0.06571252471457942
0 0.30792754731464084 0.4868593073378241 0.12180506763635801 0.06571252471457925
0 0.2908961805127642 0.6115582184025194 0.12156826929603196 0.06258752471457925
0 0.25857262304887585 0.8119601250185905 0.12168666846619489 0.06415002471457924
0 0.25221680188803297 0.8514218730414242 0.12180506763635793 0.06571252471457925
0 0.24556498280178252 0.8869773710642578 0.12192346680652096 0.06727502471457925
0 0.1072217653705616 0.7263515943725121 0.1090682692960319 0.06207818874502422
0 0.13642032283445 0.5258223537640523 0.12961756763635793 0.06603085969555131
0 0.14031399482512988 0.48470260524692704 0.1263741684661949 0.06434102570316255
0 0.1544105383915711 0.40349902619745415 0.1215682692960319 0.06258752471457943
0 0.17618860477852918 0.27977236612134193 0.12360436597668398 0.06890119171077372
0 0.21998153589277142 0.03544404596911761 0.12121307178554283 0.05790002471457937
0 0.22793574585081516 0.01707604794628396 0.11837149170163028 0.020400024714579367