0 0.128125 0.11484375 0.034375 0.1140625
0 0.16875 0.11484375 0.034375 0.1109375
0 0.33125 0.1078125 0.034375 0.11875
0 0.3734375 0.10078125 0.0359375 0.121875
0 0.5359375 0.11484375 0.0328125 0.11875
0 0.578125 0.1109375 0.034375 0.121875
0 0.084375 0.26015625 0.0296875 0.121875
0 0.1625 0.25703125 0.034375 0.1171875
0 0.24375 0.26015625 0.0359375 0.125
0 0.2875 0.253125 0.0359375 0.125
0 0.1171875 0.41328125 0.03125 0.121875
0 0.15625 0.40625 0.034375 0.11875
0 0.1984375 0.40625 0.0328125 0.125
0 0.284375 0.40625 0.0359375 0.1109375
0 0.409375 0.403125 0.03125 0.1078125
0 0.4953125 0.409375 0.0375 0.1109375
0 0.5359375 0.40625 0.0328125 0.11875
0 0.5796875 0.409375 0.034375 0.115625
0 0.6203125 0.40625 0.0359375 0.1109375
0 0.5375 0.25703125 0.0390625 0.115625
0 0.578125 0.253125 0.0328125 0.1109375
0 0.61875 0.253125 0.03125 0.1109375
0 0.6578125 0.25703125 0.0328125 0.1078125
0 0.7 0.25703125 0.034375 0.121875
0 0.7421875 0.25703125 0.0375 0.1109375
0 0.7828125 0.25703125 0.0328125 0.115625
0 0.65625 0.11484375 0.0359375 0.121875
0 0.696875 0.1109375 0.034375 0.121875
0 0.8171875 0.11484375 0.0328125 0.1140625
0 0.85625 0.11484375 0.0265625 0.1109375
0 0.8953125 0.11796875 0.0375 0.11875
0 0.934375 0.11796875 0.03125 0.1078125
0 0.9796875 0.2640625 0.0328125 0.121875
0 0.746875 0.409375 0.0359375 0.125
0 0.7890625 0.41640625 0.0328125 0.11875
0 0.8296875 0.41328125 0.0359375 0.125
0 0.8703125 0.41640625 0.0328125 0.121875
0 0.95 0.41328125 0.03125 0.125
0 0.15625 0.56953125 0.0328125 0.125
0 0.19375 0.56953125 0.0359375 0.128125
0 0.2375 0.56953125 0.0375 0.128125
0 0.28125 0.56953125 0.0375 0.128125
0 0.325 0.565625 0.0375 0.128125
0 0.36875 0.5625 0.0375 0.128125
0 0.453125 0.5625 0.0359375 0.128125
0 0.6671875 0.565625 0.0359375 0.125
0 0.10625 0.7359375 0.0375 0.125
0 0.1484375 0.7328125 0.0375 0.121875
0 0.234375 0.7328125 0.0375 0.1328125
0 0.36875 0.7328125 0.0375 0.1328125
0 0.409375 0.72578125 0.0390625 0.1390625
0 0.4546875 0.72578125 0.0375 0.1328125
0 0.540625 0.721875 0.0390625 0.121875
0 0.5828125 0.72890625 0.0390625 0.11875
0 0.6265625 0.721875 0.040625 0.1328125
0 0.79375 0.5625 0.034375 0.128125
0 0.8328125 0.565625 0.03125 0.121875
0 0.875 0.565625 0.0375 0.128125
0 0.9578125 0.56953125 0.0375 0.128125
0 0.7984375 0.72578125 0.034375 0.128125
0 0.840625 0.72890625 0.0375 0.1421875
0 0.88125 0.72578125 0.028125 0.1359375
0 0.9671875 0.7328125 0.0375 0.1359375
0 0.4515625 0.89609375 0.04375 0.1421875
0 0.5390625 0.89609375 0.040625 0.1390625
0 0.584375 0.89609375 0.034375 0.1328125
0 0.628125 0.89609375 0.040625 0.1390625
0 0.846875 0.89609375 0.040625 0.1390625
0 0.9328125 0.8921875 0.0390625 0.1390625
0 0.1015625 0.89921875 0.0359375 0.1390625
0 0.1421875 0.903125 0.0359375 0.128125
0 0.184375 0.903125 0.0359375 0.1328125
0 0.228125 0.89921875 0.0375 0.1359375
0 0.275 0.89921875 0.0359375 0.1328125
0 0.3171875 0.89921875 0.0375 0.1359375