0 0.13359375 0.8711128188837609 0.0546875 0.12815374373179367
0 0.178125 0.8588795918450144 0.0609375 0.13146060015828454
0 0.26484375 0.8407313339274556 0.059375 0.13454013605166182
0 0.30625 0.8324952851019546 0.053125 0.12967077962517104
0 0.3546875 0.8185858977966515 0.0609375 0.13771060015828454
0 0.4453125 0.7893864796125358 0.0609375 0.13458560015828452
0 0.4890625 0.7763947346271008 0.05625 0.1375742078384164
0 0.53203125 0.7673319716949771 0.0609375 0.13146060015828454
0 0.578125 0.7581782805496079 0.0609375 0.13458560015828452
0 0.71171875 0.7238223494333689 0.0578125 0.1282446719450391
0 0.79921875 0.7056513594624987 0.059375 0.13141513605166183
0 0.23203125 0.6760610801665319 0.059375 0.12516513605166182
0 0.1859375 0.685214771311901 0.0609375 0.12521060015828453
0 0.36875 0.6377079708370472 0.0609375 0.13146060015828454
0 0.46171875 0.6217216064929978 0.05625 0.12194920783841656
0 0.68125 0.558302649512511 0.0546875 0.12815374373179383
0 0.97734375 0.478593451307513 0.0453125 0.13413095909205772
0 0.43125 0.44682690657214 0.0609375 0.12833560015828455
0 0.6515625 0.39041646753834197 0.0578125 0.1251196719450392
0 0.6984375 0.37655254433966157 0.0546875 0.12815374373179383
0 0.9578125 0.3127555026402965 0.0515625 0.1233753155185485
0 0.03125 0.35690321786754636 0.05625 0.13444920783841657
0 0.07265625 0.35179216904204536 0.059375 0.1376651360516618
0 0.1171875 0.3395589420032989 0.0578125 0.13293217194503928
0 0.16171875 0.3335757149645525 0.0609375 0.13458560015828452
0 0.20859375 0.3173680417658721 0.0640625 0.13780152837152998
0 0.34921875 0.28905752216983077 0.05625 0.12819920783841657
0 0.39375 0.27604304513108435 0.065625 0.1440969924781527
0 0.64296875 0.21722902012476672 0.0625 0.13150606426490724
0 0.71171875 0.19491609943336874 0.05625 0.13132420783841656
0 0.8453125 0.16446641831712952 0.05625 0.13132420783841647
0 0.0390625 0.17698839733443297 0.0578125 0.1423071719450392
0 0.22265625 0.13649011480626796 0.0578125 0.1282446719450392
0 0.26953125 0.1265324416075875 0.05625 0.13444920783841652
0 0.36328125 0.10349209521022665 0.0609375 0.14396060015828455
0 0.45546875 0.08440346291948844 0.059375 0.13454013605166187
0 0.59296875 0.06097981786122873 0.0640625 0.12195963572245747
0 0.72890625 0.04137854011651943 0.0578125 0.08275708023303886
0 0.815625 0.0323157771843957 0.059375 0.0646315543687914
0 0.8609375 0.02772756558505548 0.05625 0.05545513117011096
0 0.90234375 0.024792782198960625 0.0578125 0.04958556439792125