0 0.7523432342481844 0.09706299292780815 0.15404951333591957 0.07999792116548728
0 0.7473207654619515 0.14146418836370478 0.15392196757828494 0.07843542116548727
0 0.7420272297062566 0.19217458338468293 0.15586710485118865 0.0832413203356503
0 0.7407037168293791 0.2433702304802535 0.16211710485118863 0.08371491701630243
0 0.7352826353160495 0.29251812550123163 0.16342451333591956 0.08070831618646537
0 0.7258277580450857 0.34039951844761734 0.16524210485118865 0.08395171535662849
0 0.7152722506282199 0.5385060543403888 0.15586710485118865 0.08324132033565021
0 0.7098511691148904 0.5876539493613668 0.15404951333591957 0.07999792116548718
0 0.5737559775802247 0.07600789957114835 0.15586710485118865 0.0832413203356503
0 0.5681435774304434 0.1228120445921265 0.15379442182065048 0.07687292116548727
0 0.5626587230382969 0.17117868961310462 0.15937474212409236 0.08816561867597636
0 0.5572376415249674 0.22032658463408278 0.15717451333591956 0.08023471950581333
0 0.5518165600116379 0.2694744796550609 0.1559946506088231 0.0848038203356503
0 0.5382159298657362 0.4206468159627509 0.14441942182065048 0.07616252614450905
0 0.47992339261222916 0.9391618628531845 0.14403678454774696 0.071475026144509
0 0.4852647257925485 0.8986669174172878 0.14091178454774678 0.07123822780418294
0 0.4902234216999643 0.8534844719813911 0.14441942182065048 0.076162526144509
0 0.5048283135147958 0.7627643835991088 0.14298446757828492 0.07760662697434614
0 0.514091872149308 0.712539240652723 0.14298446757828492 0.07760662697434614
0 0.5163879536626373 0.663628143972071 0.1410393303053814 0.07280072780418294
0 0.3700566348570076 0.19992268671331961 0.1569194218206505 0.07710971950581333
0 0.37619519349151975 0.14993434210725995 0.1461094675782851 0.07784342531467217
0 0.38148872924721466 0.09922394708628181 0.13973192182065047 0.07580732863402007
0 0.3869735836393613 0.050857302065303665 0.13309928454774686 0.07064623195336797