0 0.7979482079108531 0.9752114963531426 0.1617651709505271 0.023121674511885005
0 0.8104773828157128 0.9359580815804902 0.1680735207602467 0.10130122158978558
0 0.8576720122829276 0.7165398798762069 0.17138952174883001 0.10604326866768651
0 0.8835553744499368 0.5794665738698525 0.17556768577927465 0.09362508928453739
0 0.897739891255851 0.4995881590972001 0.16670202174883003 0.1059614480508353
0 0.9051597549057349 0.3558108855582497 0.16332235376405216 0.09965690097293471
0 0.9158691032325796 0.28458076786349806 0.14763368676785796 0.09782166558343128
0 0.9298307855518132 0.21017110309084566 0.1256950197716634 0.09587733603812651
0 0.9429157173767553 0.13811882508766846 0.1053825197716634 0.09552278003177211
0 0.7338563937644897 0.09570700284596437 0.23264535672980174 0.11491943668674964
0 0.7174872944490618 0.17172007792704225 0.23264535672980174 0.1149194366867496
0 0.709121696122217 0.24290928531336844 0.23714185574121877 0.11031375730360064
0 0.6991935977953722 0.31412576623864497 0.23908635771838505 0.11971603084255103
0 0.6427566195070209 0.6070905620987297 0.2558918557412186 0.11064103977100466
0 0.6203285211801761 0.6785252313356089 0.23701452174882984 0.10718875730360064
0 0.6001539895455146 0.828770693186162 0.23688718775644108 0.10406375730360073
0 0.5857930592034474 0.8938189947282895 0.2371418557412186 0.11031375730360082
0 0.5656277978347408 0.9480388904262185 0.25024935079830274 0.08712171915415397
0 0.3306081520930847 0.8529929918856205 0.23883168973360736 0.11346603084255094
0 0.3459413334237351 0.7832435535740176 0.2371418557412186 0.11031375730360064
0 0.36130634825248276 0.7127128652624151 0.23701452174882984 0.10718875730360064
0 0.3766713630812303 0.6421821769508123 0.2371418557412186 0.11031375730360064
0 0.40293672722540597 0.49573387094445787 0.22250635277546915 0.09600579545304769
0 0.4375995231945236 0.27731510755177724 0.2371418557412186 0.11031375730360064
0 0.45658428654039646 0.2137474853927987 0.23701452174882984 0.10718875730360064