0 0.5740242079147011 0.9587103469951751 0.07771015394280312 0.08257930600964976
0 0.6465529121570666 0.9585700251605083 0.07614765394280312 0.08285994967898347
0 0.8728284986713657 0.9443782548646734 0.0705673336393616 0.08080571509696384
0 0.9483706326102895 0.9332146582732401 0.07563747091226496 0.08557503571381489
0 0.14806813048425763 0.7913028843338432 0.09470594849248962 0.204488676947517
0 0.22074035593845037 0.7832097406645091 0.10070085697722053 0.20147277110331832
0 0.29752612548328783 0.7681671676120262 0.10742908909937317 0.22655459172016953
0 0.9606495550106683 0.6957652512112255 0.07870088997866347 0.22660913879807013
0 0.09047980259477219 0.5063278664769357 0.1058665890993731 0.22652731818121907
0 0.1618605950184268 0.4919710860381265 0.10857700091808394 0.24061709172016937
0 0.5423454494105735 0.45102412661991015 0.11055408909937299 0.22660913879807013
0 0.10497376879593134 0.21558981818121903 0.10302863152302773 0.2108750446422687
0 0.18617597137130684 0.20686542897611188 0.09913835697722054 0.20144549756436803
0 0.25806694682549963 0.19875864853730268 0.10535640606883492 0.22027731818121907
0 0.7076526165201182 0.14419524837185166 0.10379390606883483 0.2202500446422687
0 0.783449841974311 0.1361566517804183 0.10379390606883501 0.2202500446422687