0 0.0359375 0.06953125 0.034375 0.1109375
0 0.075 0.065625 0.0328125 0.115625
0 0.203125 0.059375 0.0359375 0.115625
0 0.334375 0.05546875 0.0328125 0.1078125
0 0.378125 0.0625 0.034375 0.1109375
0 0.8609375 0.06953125 0.034375 0.121875
0 0.0359375 0.2328125 0.0359375 0.125
0 0.0765625 0.2328125 0.0359375 0.125
0 0.425 0.22890625 0.0375 0.125
0 0.5125 0.22578125 0.0359375 0.125
0 0.61875 0.22578125 0.0390625 0.125
0 0.9046875 0.22890625 0.0359375 0.11875
0 0.73125 0.22890625 0.0328125 0.121875
0 0.246875 0.3921875 0.034375 0.1171875
0 0.3359375 0.3890625 0.0375 0.11875
0 0.4234375 0.3921875 0.034375 0.1171875
0 0.5125 0.3921875 0.034375 0.115625
0 0.6859375 0.3921875 0.0375 0.115625
0 0.73125 0.3921875 0.0359375 0.115625
0 0.775 0.3921875 0.0359375 0.115625
0 0.9484375 0.3890625 0.034375 0.1046875
0 0.1578125 0.55546875 0.034375 0.125
0 0.2 0.55546875 0.0359375 0.125
0 0.4265625 0.5484375 0.0390625 0.115625
0 0.5125 0.55234375 0.0390625 0.125
0 0.9078125 0.55234375 0.0375 0.128125
0 0.2015625 0.721875 0.034375 0.121875
0 0.290625 0.71875 0.0328125 0.121875
0 0.46875 0.715625 0.0359375 0.1171875
0 0.55625 0.721875 0.0375 0.125
0 0.5984375 0.71875 0.0359375 0.125
0 0.73125 0.721875 0.034375 0.121875
0 0.7765625 0.721875 0.03125 0.125
0 0.8640625 0.71875 0.0359375 0.121875
0 0.0359375 0.8890625 0.0375 0.1359375
0 0.290625 0.8890625 0.034375 0.125
0 0.5125 0.88515625 0.0390625 0.11875
0 0.5984375 0.88515625 0.0375 0.125