0 0.8034914039428032 0.13699218082180709 0.17152405575957416 0.06286256299888784
0 0.811957221371307 0.25022792819097117 0.17582891848667054 0.058448078783903415
0 0.8233888000096983 0.3045437018684945 0.17270391848667055 0.05826606826055976
0 0.8372916744057243 0.3605584834385256 0.17126896424430518 0.05973756299888784
0 0.8623706491110111 0.5820617571160489 0.16945137272903601 0.05652155773721592
0 0.8701510692646716 0.6392750176393927 0.16214905575957417 0.062316531428856695
0 0.8761776707818804 0.6940535229010644 0.16020391848667045 0.05753802616718495
0 0.8768630680567236 0.7500760097468848 0.17152405575957416 0.06286256299888784
0 0.8853609653315668 0.8065535229010645 0.1776465100019397 0.06166408404557524
0 0.8958199753335065 0.8584800439477519 0.174138872729036 0.056794573522231676
0 0.42185837985603775 0.22439711540384483 0.1902740557595742 0.06395462613895005
0 0.4421067201633589 0.33909665223554775 0.1743939642443051 0.0599195735222315
0 0.44747961743820214 0.3953921548663837 0.17270391848667063 0.05826606826055967
0 0.48155069699467756 0.6889524390672508 0.18402405575957417 0.06359060509226264
0 0.4883902415443641 0.801315931174743 0.1868939642443052 0.0606476156156063
0 0.19188448212215256 0.03605713929312966 0.16750623545613244 0.05174305247554415
0 0.20998039106592542 0.15296391823232486 0.1618939642443051 0.05919153142885678
0 0.22085373137324654 0.2671174234939967 0.17464905575957418 0.0630445735222315
0 0.23874195941251317 0.5053076682323248 0.18507637272903601 0.057431610353934556
0 0.24470478805090465 0.5593049234939966 0.1933990557595742 0.06413663666229379
0 0.2640600501788762 0.7392654392790122 0.1807715100019397 0.061846094568918986
0 0.27665551609017125 0.7983142155873715 0.18077151000193972 0.061846094568918986
0 0.28103986927436997 0.8615499629565356 0.1840240557595742 0.06359060509226282
0 0.2941614936703959 0.9175192418957309 0.1838965100019397 0.06202810509226282
0 0.2970630951876047 0.9699060999364715 0.1747766015172088 0.060187800127057045
0 0.02841191348570076 0.024203339448421436 0.055548369395056175 0.03278167889684287
0 0.03549083197237136 0.07282284997176514 0.06383910151720874 0.05814569994353027
0 0.05282120849442926 0.2565531078642729 0.0683990557595742 0.05685621572854575
0 0.06079294728454161 0.3161101183876166 0.07464905575957421 0.057220236775233246
0 0.08186994820262551 0.5552636236492885 0.07777405575957419 0.0574022472985769
0 0.12077179109502043 0.9175284052193196 0.0844066930324778 0.06245376834526439