0 0.9884533958952781 0.8513814019195248 0.023093208209443716 0.05592862739018116
0 0.9863090144363891 0.7999190314691743 0.02738197112722176 0.05300388648947951
0 0.9827287663362503 0.6938192257936483 0.03454246732749944 0.05330427513842757
0 0.9661030043684029 0.5416454565153168 0.06779399126319419 0.05520673658176456
0 0.9373604085287155 0.23646660318382925 0.10432513050895835 0.05817105027685514
0 0.8450924409168756 0.7767690330103337 0.14665810087368064 0.06712454811738677
0 0.838405376612327 0.7247757364341064 0.14665810087368064 0.06712454811738695
0 0.8278666136945493 0.6753765137320024 0.14814786569131932 0.06409967766703613
0 0.8203437480032297 0.6210895319305996 0.14822060087368066 0.0672246776670363
0 0.8136748674942714 0.5698774853543723 0.14814786569131932 0.06409967766703631
0 0.6318631294621186 0.6582052074381675 0.14040810087368066 0.06672402991878953
0 0.6251033299752089 0.6030869108619401 0.1403353656913195 0.06359902991878955
0 0.5957580560395144 0.45161404843115394 0.15130923328249998 0.06586243676633483
0 0.5891255431217365 0.4019645018549265 0.15130923328249998 0.06586243676633483
0 0.5824202950215975 0.3491899552786991 0.1465853656913195 0.06399954811738687
0 0.5757514145126391 0.29797790870247176 0.14665810087368064 0.06712454811738686
0 0.4640976672655216 0.8457819578995928 0.13419446846486113 0.06788601172019212
0 0.4166907647207297 0.5906228909652999 0.14040810087368066 0.06672402991878953
0 0.39573921903354203 0.4300055660114424 0.14040810087368055 0.06672402991878959
0 0.3702820113022572 0.27750112970653285 0.1482933360560418 0.07034967766703622
0 0.2435292877064937 0.7816750948504978 0.1530172036472223 0.07221256631598419
0 0.23682403960635479 0.7289005482742704 0.15130923328250007 0.06586243676633483
0 0.2179629772016672 0.6244831585455882 0.15603310087368064 0.06772532541528271
0 0.19243303428802122 0.46885372224067884 0.1465853656913195 0.06399954811738695
0 0.1362122165650001 0.10393892350498304 0.15770470364722225 0.07251295496493211
0 0.08228331639184097 0.8123510032392025 0.06984102773541671 0.051280700184570094
0 0.060623255887014435 0.6549087430601697 0.06842399810013892 0.05743057063492074
0 0.046376958299965736 0.5470659646825397 0.06835126291777781 0.05430557063492074