0 0.9073116312370111 0.8959335856036326 0.07585449375348396 0.15036818114108144
0 0.6146883148820366 0.9320313657968189 0.07900676483072289 0.13593726840636222
0 0.2610184142181066 0.9589276978903041 0.0802238311856975 0.08214460421939193
0 0.9138605713249444 0.679109958639162 0.09321471057599666 0.18085620181924558
0 0.33644916451269424 0.7748396040099947 0.07908857806243948 0.1692637303552928
0 0.2779281373853312 0.784610556243525 0.08221357806243948 0.16940927956950452
0 0.09690085118278179 0.8144499518192456 0.08374880698520062 0.16479455417661057
0 0.7580640475172309 0.48128027253568206 0.08218630698520073 0.16472177956950454
0 0.7010691589535494 0.4848739993763182 0.07592721662612086 0.1628681811410811
0 0.6409856318261863 0.49457217700274275 0.08218630698520073 0.16472177956950454
0 0.5863663095192834 0.5037438157540377 0.08376698770335977 0.16791955417661059
0 0.4677663004440971 0.5239941956139926 0.08376698770335977 0.16791955417661059
0 0.3483577702916719 0.5395206881703946 0.07907039734428026 0.1661387303552928
0 0.28983674316430885 0.5492916404039249 0.08060562626704142 0.16152400496239866
0 0.2289719660369458 0.5589534307267965 0.08219539734428025 0.16628427956950453
0 0.17123218890958278 0.5687607702638797 0.08377607806243947 0.16948205417661039
0 0.7875101321207738 0.3069181273742463 0.08065107806243965 0.16933650496239866
0 0.046158945156098696 0.416100188998964 0.07437380698520062 0.1643579065339754
0 0.014977122849195829 0.4263634468568469 0.025899945548882152 0.15585189371369376
0 0.9042380481064061 0.09913136021073851 0.04910109621281222 0.11631851282028158
0 0.8573766836450254 0.09929187199756279 0.07725336729005079 0.12231595574818702
0 0.6840255420562819 0.10605764060881259 0.07742608411256366 0.15200345574818702
0 0.17128516842151909 0.17511993217453845 0.07907039734428026 0.16613873035529286
0 0.11354539129415604 0.18492727171162174 0.08221357806243948 0.16940927956950458
0 0.05970731898725316 0.19413529776646965 0.07750789734428025 0.16606595574818703