0 0.8536550284195943 0.1677857117184382 0.14282796265733602 0.073512848023889
0 0.9041571329744087 0.5547967088686466 0.11591026514684728 0.06820709897381967
0 0.6934135002004927 0.29945067296510475 0.15400226099766207 0.07689242116215293
0 0.753717579860198 0.6397321404800353 0.16134116431700996 0.07082425911805572
0 0.7911295337949571 0.9309578589448965 0.15208456348717317 0.07216855357097245
0 0.4532900207459244 0.04968183662472261 0.15220296265733602 0.07373105357097234
0 0.4687248439813597 0.09386824771888928 0.15388386182749905 0.0753299211621529
0 0.47130446970630596 0.14245121808361152 0.15400226099766207 0.07689242116215289
0 0.4986929960513078 0.2870922240675352 0.15400226099766207 0.07689242116215293
0 0.5091443213613356 0.33507578238816016 0.14415366431700996 0.07042421561506958
0 0.5138308987459558 0.3868383041396532 0.155327962657336 0.07380378875333342
0 0.5516707504009852 0.5794628684442019 0.15388386182749905 0.07532992116215294
0 0.5516698277856056 0.6311162874221533 0.16830155933798813 0.08034472948277785
0 0.5936643831749014 0.8308812045002435 0.1619331601678251 0.07863675911805572
0 0.3069790927319599 0.2763690103523267 0.14704186597668398 0.06737195079743064
0 0.09346288962239341 0.17122299620027787 0.14138386182749912 0.07503898043270847
0 0.12270899127742299 0.36364753875333344 0.15388386182749914 0.07532992116215294
0 0.17316539687185598 0.6583073817432293 0.13946616431701003 0.07031511284152785
0 0.18427957301172074 0.7078716238594447 0.140910265146847 0.06878898043270851
0 0.18890695081125944 0.7604153956109376 0.142472765146847 0.068825348023889
0 0.004388734228453067 0.3449131097073958 0.008777468456906135 0.05545121941479163
0 0.009584797090926194 0.39429551386770834 0.01916959418185239 0.057341027735416716
0 0.016070672815872454 0.49140690321038194 0.03214134563174491 0.057813806420763926