0 0.29375 0.27109375 0.03125 0.1078125
0 0.334375 0.278125 0.034375 0.11875
0 0.453125 0.278125 0.0328125 0.1046875
0 0.53125 0.284375 0.028125 0.1109375
0 0.56875 0.284375 0.0328125 0.115625
0 0.64375 0.284375 0.028125 0.1046875
0 0.6796875 0.28125 0.034375 0.1078125
0 0.71875 0.284375 0.028125 0.1109375
0 0.75625 0.284375 0.03125 0.1015625
0 0.790625 0.284375 0.028125 0.1015625
0 0.8265625 0.29140625 0.0328125 0.1109375
0 0.784375 0.153125 0.0296875 0.1046875
0 0.8890625 0.159375 0.0296875 0.1078125
0 0.1296875 0.4203125 0.03125 0.1078125
0 0.171875 0.4203125 0.028125 0.121875
0 0.2109375 0.4203125 0.034375 0.1109375
0 0.253125 0.41328125 0.03125 0.115625
0 0.29375 0.41328125 0.0328125 0.11875
0 0.3328125 0.41328125 0.0328125 0.11875
0 0.415625 0.41328125 0.03125 0.1109375
0 0.453125 0.4203125 0.03125 0.115625
0 0.4921875 0.4203125 0.0296875 0.1078125
0 0.2890625 0.5625 0.0359375 0.121875
0 0.3328125 0.5625 0.0359375 0.121875
0 0.375 0.565625 0.0359375 0.1171875
0 0.49375 0.5625 0.03125 0.121875
0 0.5328125 0.5625 0.0359375 0.125
0 0.571875 0.5625 0.03125 0.11875
0 0.609375 0.565625 0.034375 0.125
0 0.6484375 0.5625 0.03125 0.121875
0 0.6890625 0.565625 0.034375 0.1140625
0 0.7625 0.5625 0.034375 0.11875
0 0.8015625 0.5625 0.034375 0.125
0 0.0859375 0.72890625 0.034375 0.128125
0 0.1234375 0.72578125 0.034375 0.128125
0 0.2046875 0.8890625 0.0359375 0.1328125
0 0.246875 0.8890625 0.0328125 0.146875
0 0.2890625 0.8921875 0.0359375 0.1421875
0 0.375 0.88203125 0.0328125 0.1359375
0 0.4171875 0.878125 0.0359375 0.1359375
0 0.4578125 0.871875 0.03125 0.1390625
0 0.4984375 0.871875 0.0328125 0.1328125
0 0.6203125 0.8578125 0.0375 0.1421875
0 0.6625 0.86484375 0.0359375 0.128125
0 0.853125 0.85390625 0.03125 0.11875