0 0.84236619556906 0.9987897410991433 0.10736596091032524 0.0024205178017133733
0 0.8487436123887406 0.9742349298014741 0.10889651000193971 0.05153014039705184
0 0.852633757996594 0.928422743631032 0.11371155575957417 0.05694445916315978
0 0.8634276078468128 0.8825745302915209 0.10420901000193972 0.055054576949174816
0 0.8723241178487523 0.8311757213985136 0.10302914727484307 0.05968751324684405
0 0.8780956278506921 0.7796677851008443 0.10459164727484307 0.05974207694917481
0 0.8825757048220936 0.7343825669520098 0.10526132697140156 0.04885914065150558
0 0.8873746461875814 0.6851910988031753 0.1094386439408634 0.04277283175849824
0 0.8950750601323243 0.542867189547348 0.12700878121376674 0.04806053248413757
0 0.8978966554406153 0.4027233391845284 0.14783146424430527 0.055019860614438754
0 0.9124531051410528 0.3107813758450172 0.13376896424430526 0.054528787293461
0 0.9127080677183678 0.2692659984403555 0.13989141848667047 0.05318454210278443
0 0.929066004541928 0.12646093954734808 0.13013378121376676 0.04816965988879929
0 0.7111793237581079 0.8184971282072698 0.14952151000193972 0.05663692431676957
0 0.7174132193659611 0.7709227237607662 0.14977660151720862 0.05976192431676956
0 0.728748816341242 0.6224579419096008 0.13482128121376694 0.048333350995791946
0 0.730757597555009 0.5786533782072699 0.14977660151720862 0.05976192431676956
0 0.7307891616495329 0.48228680969561566 0.14952151000193972 0.05663692431676957
0 0.7322556799864224 0.38753730488629223 0.15551641848667047 0.05373017912609299
0 0.7340731425637375 0.3460764911839614 0.14483401000193954 0.05647323320977708
0 0.7401794924139563 0.3000645867374576 0.1493939642443051 0.055074424316769566
0 0.7478322378720283 0.20631458673745767 0.15251896424430528 0.05518355172143128
0 0.7563937790877351 0.11102936858862308 0.16189396424430527 0.05551093393541643
0 0.7625001289379538 0.06501746414211935 0.15784419303247788 0.06315974282842389
0 0.5329108025462805 0.804437084290387 0.1529016015172086 0.05987105172143137
0 0.5389533795176821 0.7592064298438832 0.15251896424430508 0.055183551721431454
0 0.5570168218012539 0.4707342068857252 0.13533146424430526 0.054583350995791945
0 0.5659447669597635 0.28457845207640176 0.14470646424430508 0.05491073320977709
0 0.3532233025462805 0.7981622585223385 0.1448340100019397 0.05647323320977708
0 0.3672376183077944 0.6936657314804965 0.1526465100019397 0.056746051721431455
0 0.39473970453222956 0.36634926333166196 0.1400189642443051 0.05474704210278443
0 0.39945876862675345 0.27014638592700024 0.14952151000193972 0.05663692431676957
0 0.4116076954483738 0.1789038270339928 0.13482128121376694 0.048333350995791856
0 0.41626298666408046 0.08348219962933107 0.13482128121376694 0.04833335099579188
0 0.17495478133445322 0.7841022146054555 0.17152405575957422 0.058963316149401555
0 0.1814437684575756 0.7334028101589517 0.17047173879011232 0.06515875244707062
0 0.18474398270188072 0.6833755283077864 0.1672191930324778 0.06348712504240908
0 0.20712852104264945 0.48593753311710974 0.1620215100019397 0.05707343393541642
0 0.21694980225641647 0.4424057879264332 0.15264651000193968 0.05674605172143128
0 0.21914990210663526 0.39625747422410235 0.1525189642443051 0.05518355172143128
0 0.22519247907803677 0.35102681977759864 0.1560266015172087 0.05998017912609299
0 0.024395640437705625 0.9247842343909035 0.04879128087541125 0.058943468781806986
0 0.027871326802223657 0.8779637980932342 0.055742653604447315 0.05905259618646852
0 0.027632081803193487 0.823975702539738 0.05526416360638697 0.054201405079475865
0 0.03233542831943239 0.7709325480932343 0.06467085663886478 0.06374009618646852
0 0.039908683320402226 0.7179985210513922 0.07981736664080445 0.06099704210278443
0 0.03856932392728572 0.6717956436467305 0.07713864785457145 0.056091287293461
0 0.04724269332234189 0.6165451484560539 0.09448538664468378 0.06434029691210785
0 0.05879363658434068 0.3776463395630465 0.11758727316868137 0.05647323320977708
0 0.06246057711633357 0.28866568511654284 0.12492115423266714 0.057872042102784425
0 0.07775846711924306 0.05520834437236992 0.12439396424430513 0.054201405079475906