0 0.04953934725529069 0.17998748184962737 0.09907869451058138 0.08184996369925476
0 0.0668344958433649 0.2793153161585828 0.1336689916867298 0.0805056323171656
0 0.11800557310690288 0.4827993853422277 0.15696070533113407 0.0790249455488821
0 0.1921631724737646 0.7270220840143677 0.14892088479802065 0.07116699375348397
0 0.2151938440230924 0.8217033249391814 0.14584134890464337 0.07271131303532492
0 0.31800557310690286 0.4839629513044188 0.15075616943775677 0.08055108411256366
0 0.40691993824237527 0.08675667407885986 0.15535274122451134 0.07745335518980254
0 0.48961981182413183 0.3865072100850175 0.15066524122451136 0.07742608411256366
0 0.5101703410535915 0.48586231547121167 0.14584134890464337 0.07271131303532492
0 0.5505870894042388 0.6275276407049809 0.15535274122451134 0.07745335518980241
0 0.7008180731069029 0.4861900892789251 0.1427618130112661 0.07425563231716552
0 0.7781712171426306 0.8085696042078439 0.13798338479802066 0.0711033612399266
0 0.7878811862638182 0.8508207367214012 0.13168792069139776 0.06950449980360815
0 0.7973721950393069 0.9274514144144984 0.12006845909205772 0.04600336729005079
0 0.7989483138691958 0.09450710420784389 0.13798338479802066 0.07110336123992674
0 0.8345184378466637 0.24161390836437416 0.14276181301126617 0.07425563231716562
0 0.8811564424655174 0.43801218539354136 0.14276181301126628 0.07425563231716552