0 0.7914761011720193 0.002256204143999828 0.06732720234403847 0.004512408287999656
0 0.7342143136950905 0.01169104011651943 0.06842862739018099 0.02338208023303886
0 0.5643721830657069 0.03370008392745555 0.06936936613141391 0.0674001678549111
0 0.4451110433370249 0.05190216613905145 0.07772208667404978 0.1038043322781029
0 0.38575582973421946 0.05942934121819373 0.07938471622369914 0.11885868243638746
0 0.27818316162790724 0.09052674544765349 0.07519786397194572 0.12695495658477526
0 0.22057092072720588 0.09533391739269267 0.06784643892580311 0.10958560015828459
0 0.1647412253229977 0.11574335728442056 0.07489747532299776 0.12226745658477531
0 0.10851101172019231 0.12990279717614842 0.07343510487264703 0.1237844924781526
0 0.613387081275379 0.20365826511020177 0.09568963911037329 0.1790175617576248
0 0.9877776083425622 0.3333036833608243 0.02444478331487545 0.14644910266556704
0 0.9589714878922116 0.34381528602639133 0.08205702421557674 0.16004024122451135
0 0.7342164227297907 0.4036462417532368 0.08893899136212671 0.17102320533113408
0 0.6756424591269853 0.4178738778048987 0.09362649136212671 0.17115959765100203
0 0.6188813193983032 0.4359622997499379 0.08697597316352948 0.16472774122451134
0 0.3322114366094513 0.5061373735817566 0.08853847316352947 0.16477320533113407
0 0.22005139805278842 0.5391437533652124 0.08667558451458142 0.16004024122451135
0 0.1648527583241063 0.5571867112036288 0.08511308451458141 0.15999477711788862
0 0.1075409060723529 0.566681383148668 0.08697597316352938 0.16472774122451134
0 0.9116764959856052 0.5957247785045439 0.08893899136212653 0.17102320533113408
0 0.855396217607975 0.6091029683962719 0.08913925046142523 0.17414820533113406
0 0.7375171051771888 0.6383622225529069 0.08893899136212653 0.17102320533113408
0 0.679924650673682 0.6556921265512574 0.08863860271317865 0.16633570533113406
0 0.6221319370708767 0.669897030549608 0.08893899136212671 0.17102320533113408
0 0.5062961859911426 0.694400588546309 0.09050149136212653 0.17106866943775678
0 0.45084722238833697 0.7085372963847256 0.09050149136212653 0.17106866943775678
0 0.16707180212255648 0.7872379240566103 0.09050149136212671 0.17106866943775678
0 0.6807616671742364 0.8763910714575502 0.08304993676633483 0.15213681301126591
0 0.5693828786175734 0.9093747191876946 0.086275066315984 0.15379024122451135
0 0.2257423025839818 0.9577262688046184 0.08293121838316742 0.07727320533113406