0 0.0859375 0.16640625 0.0328125 0.1359375
0 0.1328125 0.16640625 0.0328125 0.1421875
0 0.325 0.17734375 0.0375 0.1328125
0 0.5609375 0.190625 0.034375 0.128125
0 0.871875 0.215625 0.0328125 0.13125
0 0.0828125 0.34375 0.0375 0.1328125
0 0.1296875 0.34375 0.0359375 0.1328125
0 0.178125 0.34375 0.040625 0.1328125
0 0.559375 0.36484375 0.034375 0.128125
0 0.6046875 0.36484375 0.034375 0.128125
0 0.696875 0.36796875 0.0328125 0.121875
0 0.321875 0.53125 0.0359375 0.128125
0 0.41875 0.534375 0.034375 0.1390625
0 0.5140625 0.534375 0.0390625 0.1328125
0 0.834375 0.54140625 0.03125 0.125
0 0.91875 0.5484375 0.0328125 0.125
0 0.121875 0.7046875 0.0375 0.1328125
0 0.6515625 0.70859375 0.0359375 0.11875
0 0.6984375 0.71171875 0.034375 0.125
0 0.790625 0.715625 0.034375 0.128125
0 0.0703125 0.88515625 0.0390625 0.1390625
0 0.2671875 0.89609375 0.0390625 0.1421875
0 0.6046875 0.8890625 0.0375 0.1390625
0 0.653125 0.8921875 0.0359375 0.1390625