0 0.07985311379145843 0.11322090186125588 0.054144598973819534 0.11454310124083725
0 0.12583776101791674 0.11175659084927707 0.05577983415618064 0.11777736188449897
0 0.354107578172257 0.10041952514572125 0.055998039703264 0.12715236188449897
0 0.3969126740119445 0.09639294284641897 0.05280030452090294 0.12380884059717552
0 0.44367857123840276 0.09498326215627101 0.05443553970326391 0.12704310124083726
0 0.6285802481001389 0.09699314843018661 0.057160496200277855 0.11007412252816073
0 0.1514040715227433 0.27187998986054135 0.052691201747361215 0.11912134059717552
0 0.37898355765503494 0.26439454383515465 0.052763936929722366 0.12224634059717551
0 0.4250045724726738 0.26449273282317587 0.052691201747361124 0.11912134059717552
0 0.5637033965608682 0.2585919301090703 0.05748780452090294 0.12413662252816068
0 0.08227613107763926 0.45190098960843983 0.05454464247680566 0.1317306012408373
0 0.36279877925402815 0.44031790546755206 0.057633274885625065 0.13038662252816063
0 0.4977004561157642 0.43883145114429223 0.05934124525034736 0.1367458831718224
0 0.6355271112260072 0.4289697681083558 0.05777874525034736 0.13663662252816064
0 0.6814753908612851 0.425942957096377 0.05934124525034736 0.1367458831718224
0 0.1549538309251394 0.6254584579295561 0.06402874525034737 0.13707366510280766
0 0.617816200416181 0.6063463690970915 0.05926851006798621 0.1336208831718224
0 0.7580775245043755 0.6005548270266476 0.06108558320625015 0.14466764381548422
0 0.8530808999793408 0.5939384762900135 0.05934124525034719 0.1367458831718224
0 0.8055701203440631 0.5968560266583305 0.059486715615069755 0.1429958831718224
0 0.9794556831300003 0.5884365113230918 0.04108863373999938 0.14423060124083734
0 0.08577133909326455 0.8031357076774546 0.06577308320625011 0.14499542574646931
0 0.27654115624760484 0.7891763865260172 0.05934124525034736 0.1367458831718224
0 0.36941898726965344 0.7917711448238904 0.059523083206250146 0.1445583831718224
0 0.5274854071975353 0.7802048501555565 0.06410148043270851 0.14019866510280768
0 0.6435825326725005 0.7750635181083558 0.05454464247680555 0.13173060124083733
0 0.6910933123077785 0.7721459677400386 0.060976480432708514 0.13998014381548424
0 0.8353518053739242 0.7705338272787492 0.06889808320625015 0.14521394703379292
0 0.39444043711715354 0.94790154048096 0.06391964247680564 0.10419691903808008
0 0.44200576813920217 0.9473059607795478 0.05926851006798621 0.10538807844090456
0 0.534774496387709 0.9454510247675689 0.06090374525034718 0.10909795046486223
0 0.6765801366803132 0.9421099984105161 0.06715374525034737 0.11578000317896767
0 0.7676954459508687 0.942262817720368 0.06217530452090294 0.11547436455926388