0 0.9912656230414243 0.38191544736004823 0.017468753917151504 0.1856832217719444
0 0.8174115593521716 0.6074601259181959 0.08021537650146522 0.2109757476909259
0 0.7545932243711995 0.6051156673885663 0.08015170950527092 0.2094132476909259
0 0.6268528849416033 0.5872822013660659 0.07508220752810466 0.19962814458064812
0 0.563970882964437 0.5833752428364363 0.07383804250907655 0.2073039435438888
0 0.5027787149796594 0.5824565832700472 0.07377437551288217 0.20574144354388862
0 0.8752717747889414 0.834472393778659 0.0747002055509384 0.19025314458064813
0 0.6143687668802761 0.8196647658806956 0.07351970752810448 0.19949144354388865
0 0.551087516880276 0.8252011578694454 0.07202087452429887 0.2009172425071295
0 0.29552592497922187 0.8067900763428246 0.07170253954332698 0.1931047425071295
0 0.2358007565001527 0.8033909657396764 0.07651737353571575 0.19663984561740727