0 0.209375 0.08359375 0.0296875 0.090625
0 0.278125 0.0796875 0.028125 0.090625
0 0.3140625 0.0796875 0.0296875 0.09375
0 0.346875 0.08359375 0.03125 0.090625
0 0.41875 0.08359375 0.03125 0.090625
0 0.6265625 0.08359375 0.0296875 0.096875
0 0.6625 0.08671875 0.03125 0.096875
0 0.6953125 0.08359375 0.0265625 0.09375
0 0.7296875 0.08671875 0.03125 0.090625
0 0.765625 0.08671875 0.028125 0.090625
0 0.2078125 0.20859375 0.0296875 0.096875
0 0.24375 0.2046875 0.0296875 0.09375
0 0.346875 0.2046875 0.03125 0.09375
0 0.3125 0.2046875 0.03125 0.0875
0 0.1734375 0.20859375 0.0296875 0.1015625
0 0.1078125 0.215625 0.0296875 0.096875
0 0.4875 0.215625 0.0296875 0.096875
0 0.1046875 0.34375 0.0328125 0.09375
0 0.1375 0.34375 0.025 0.1015625
0 0.171875 0.340625 0.0328125 0.1015625
0 0.2765625 0.34375 0.0328125 0.09375
0 0.3109375 0.340625 0.028125 0.1015625