0 0.9387282047192389 0.9876042317969826 0.03328768899896417 0.02479153640603471
0 0.9415728765546951 0.835746659510281 0.04258991439185813 0.04360615626060209
0 0.9461834096388564 0.6191494365521232 0.05523546360606986 0.04716766587924912
0 0.9521381189017 0.4072942772962961 0.06126713978475209 0.04269842068857255
0 0.9589190816792005 0.06009189508231091 0.07987159057054072 0.0402281851165428
0 0.8048541265546951 0.8309723355563314 0.1520376889989638 0.048988115423762225
0 0.8013545990521053 0.7212972351935116 0.1567251889989641 0.049151806530754884
0 0.8007767103008103 0.6665006077888499 0.14876713978475217 0.045753988019100335
0 0.8033238215495153 0.6118131077888499 0.1489126889989641 0.04887898801910033
0 0.8057617708875615 0.5594693577888499 0.14251713978475217 0.045535733209776906
0 0.8034758329220548 0.5077431666818573 0.1518921397847522 0.04586311542376222
0 0.8053852051290145 0.19793165706321045 0.14564213978475243 0.04564486061443871
0 0.5967291033953314 0.8808284586998237 0.14898546360606985 0.050441488019100686
0 0.5984329603008102 0.6594346083370041 0.14891268899896398 0.04887898801910051
0 0.6105798575291606 0.4994420494439966 0.14251713978475228 0.045535733209777086
0 0.6115559683635808 0.2936731990811769 0.14564213978475243 0.04564486061443871
0 0.6139211430945212 0.2428919490811769 0.14564213978475227 0.04564486061443871
0 0.38717216687756667 0.8774231725874891 0.15211046360606986 0.05055061542376223
0 0.3924483258927414 0.7641419225874891 0.16126713978475227 0.046190497637747185
0 0.3975425483901514 0.6547669225874891 0.14876713978475226 0.045753988019100335
0 0.3961106350317506 0.6015055133316619 0.14876713978475226 0.04575398801910051
0 0.41554145512901447 0.18431801333166192 0.13924659057054053 0.042301605805115286
0 0.18122391977305083 0.9800173714142119 0.14862159057054064 0.03996525717157624
0 0.19676129839015138 0.6477554868379741 0.14876713978475226 0.04575398801910051
0 0.1993084096388564 0.5930679868379741 0.14564213978475232 0.0456448606144388
0 0.20823610752916055 0.4853918960938012 0.1456421397847523 0.0456448606144388
0 0.2155135682397463 0.32914189609380123 0.152037688998964 0.048988115423762135
0 0.21637405500517995 0.2266617368379741 0.1454238159634347 0.0409573606144388
0 0.027131656743372277 0.971250006623422 0.054263313486744555 0.04562501324684405
0 0.029095494108842462 0.9197147884745874 0.058190988217684925 0.04411707694917481
0 0.02886113068852436 0.8626289747722566 0.05772226137704872 0.04400794954451328
0 0.030061911705771004 0.8102852247722566 0.06012382341154201 0.042445449544513195
0 0.038502689103662495 0.480625006623422 0.07700537820732499 0.04093751324684405
0 0.044883275745261644 0.3760739158792491 0.08976655149052329 0.04433533175849824
0 0.049664975083307875 0.26990576143274536 0.09932995016661575 0.041374022865490724