0 0.1 0.096875 0.034375 0.11875
0 0.16875 0.096875 0.0328125 0.1109375
0 0.2984375 0.09375 0.034375 0.1078125
0 0.340625 0.09375 0.034375 0.1078125
0 0.425 0.09375 0.034375 0.115625
0 0.296875 0.25703125 0.0328125 0.115625
0 0.596875 0.253125 0.0328125 0.115625
0 0.7703125 0.25 0.0359375 0.121875
0 0.903125 0.25 0.034375 0.115625
0 0.0828125 0.4203125 0.0328125 0.121875
0 0.1234375 0.4234375 0.034375 0.134375
0 0.384375 0.4234375 0.034375 0.1328125
0 0.7296875 0.41328125 0.0375 0.121875
0 0.7703125 0.409375 0.0328125 0.115625
0 0.815625 0.409375 0.034375 0.125
0 0.0828125 0.5796875 0.034375 0.121875
0 0.121875 0.58359375 0.034375 0.121875
0 0.1671875 0.58359375 0.034375 0.128125
0 0.596875 0.5765625 0.0328125 0.1140625
0 0.771875 0.5765625 0.034375 0.121875
0 0.859375 0.57265625 0.0328125 0.11875
0 0.9453125 0.5765625 0.034375 0.121875
0 0.0828125 0.73984375 0.034375 0.11875
0 0.125 0.73984375 0.034375 0.11875
0 0.9453125 0.7359375 0.0328125 0.1140625
0 0.0859375 0.903125 0.0390625 0.11875
0 0.3828125 0.89921875 0.034375 0.115625
0 0.5984375 0.89921875 0.0359375 0.121875
0 0.640625 0.89921875 0.034375 0.11875