0 0.04539949107813683 0.9804152460710587 0.06320911201270885 0.039169507857882736
0 0.03155695373946879 0.8349593509096227 0.050872753246410884 0.05232878742738763
0 0.027011549923865043 0.7370120024811994 0.05087275324641087 0.052328787427387446
0 0.022411193589903775 0.678872016749223 0.04482238717980755 0.04749573821317572
0 0.027569162136797137 0.6258925659634347 0.055138324273594275 0.04964043507002245
0 0.026066050529477747 0.5741481294456701 0.05213210105895549 0.04964043507002245
0 0.022730567777477236 0.4652996683207996 0.04546113555495447 0.05247433664159917
0 0.1790398798762069 0.8965604385846792 0.16668866801906326 0.06865160835322115
0 0.17607456696999363 0.8424722520669146 0.16364548863591427 0.07319355913900907
0 0.16924391437220587 0.7858583790313853 0.16041139448011293 0.06679800992479734
0 0.16153655438809192 0.7346768686923031 0.16030230032431153 0.06054800992479734
0 0.3750733543086617 0.9876734361034799 0.1663068384737585 0.02465312779304014
0 0.36881940016874637 0.9538764406515938 0.16671594155801356 0.07021410835322114
0 0.35601721145010656 0.7914299445805353 0.1666341209411626 0.0655266083532208
0 0.34759678531336846 0.7363057969379001 0.1666341209411625 0.0655266083532208
0 0.3586394253292545 0.6859975818840882 0.16342730032431155 0.06069355913900907
0 0.3557013859619915 0.6303468953663236 0.16668866801906326 0.06865160835322079
0 0.3481713039810548 0.5690091350272414 0.18239548863591432 0.07406685442427943
0 0.5602877000860208 0.7352656435042968 0.177680715096964 0.07228603060296183
0 0.5255401477298192 0.39665475371954445 0.17471935633066593 0.0815154813887502
0 0.530866396104966 0.1811025283266503 0.18735572402541756 0.08991017824559702
0 0.7775534720034134 0.9963346913754648 0.15983865016215582 0.007330617249070315
0 0.5173141850651918 0.06162478225559174 0.15405230032431164 0.06025691149637402
0 0.776686447246647 0.9680277548577003 0.17291139448011297 0.06394449028459945
0 0.7740171891289721 0.8539022892849051 0.17280230032431163 0.06113020678164425
0 0.7765206262227589 0.8000688138920109 0.1603841209411625 0.06523550992479735
0 0.7501292702958348 0.5650559590534467 0.177680715096964 0.07228603060296183
0 0.7489816018697344 0.45162915983923496 0.18239548863591432 0.07406685442427943
0 0.7413969728108969 0.3934163995001528 0.17765344155801355 0.07072353060296192
0 0.7442373750016478 0.2754840368037057 0.1949500357138149 0.07777405128112633
0 0.7412993356343847 0.21983335028594103 0.1854113944801128 0.06796240363849115
0 0.7384022065755472 0.1618389137681764 0.16342730032431163 0.06069355913900916
0 0.7261437142861851 0.10262657960777662 0.17765344155801355 0.07072353060296188
0 0.9391842674564611 0.7982623730310201 0.09632162094116267 0.0622517510334573
0 0.9416740677807723 0.745210147638126 0.09314207386326175 0.05898120181924558
0 0.9299100478919747 0.38890448965640856 0.11345457386326174 0.05992727171162171
0 0.9293157585247119 0.33336296504930274 0.10882162094116268 0.0628339478903042