0 0.203125 0.11796875 0.034375 0.125
0 0.24375 0.121875 0.0375 0.125
0 0.33125 0.11796875 0.0328125 0.125
0 0.4625 0.11484375 0.0375 0.1359375
0 0.678125 0.11796875 0.0359375 0.125
0 0.7203125 0.11796875 0.040625 0.13125
0 0.6359375 0.278125 0.0375 0.11875
0 0.5921875 0.27421875 0.0375 0.121875
0 0.33125 0.27109375 0.0375 0.134375
0 0.290625 0.27421875 0.0375 0.125
0 0.2453125 0.278125 0.0390625 0.121875
0 0.2015625 0.278125 0.034375 0.1390625
0 0.1609375 0.278125 0.0359375 0.125
0 0.121875 0.278125 0.0390625 0.146875
0 0.1203125 0.440625 0.0375 0.128125
0 0.203125 0.440625 0.0390625 0.125
0 0.3734375 0.44453125 0.034375 0.125
0 0.4609375 0.44453125 0.03125 0.125
0 0.5046875 0.440625 0.0328125 0.1328125
0 0.546875 0.44453125 0.034375 0.128125
0 0.6328125 0.4375 0.034375 0.115625
0 0.8078125 0.4375 0.0328125 0.125
0 0.7671875 0.60078125 0.0359375 0.125
0 0.721875 0.60078125 0.03125 0.128125
0 0.590625 0.60390625 0.034375 0.1328125
0 0.3765625 0.60078125 0.0375 0.125
0 0.290625 0.60390625 0.0328125 0.128125
0 0.203125 0.60390625 0.0390625 0.1328125
0 0.1625 0.60390625 0.0359375 0.1328125