0 0.9611249089184252 0.16174847975801104 0.0651998701258691 0.05944359905006032
0 0.9467062887925565 0.21746621324966764 0.08811715186945542 0.09488313206674712
0 0.937768074060628 0.28366774536184325 0.09628484937994415 0.09998006784239592
0 0.9220470630629658 0.35657297885349987 0.11707094606059662 0.10729460085908267
0 0.8675675149231324 0.6407908485957752 0.17152164772027056 0.10703565128862387
0 0.78787758568299 0.10874523122834907 0.24834425684847722 0.09394250904511155
0 0.7701447114079363 0.1564457468321813 0.2310150468904336 0.11170986318355451
0 0.5294148128624732 0.05206038274411563 0.22242037427505376 0.059901701718165265
0 0.5153989344382345 0.09211217265820738 0.2591167361025528 0.13341444482076031
0 0.24973896825641345 0.047599775553454925 0.22864706348717306 0.08045986318355451
0 0.23453909813054458 0.10327656546754667 0.22777164772027056 0.109983588873295
0 0.17527880683918845 0.30567122512391365 0.2225872402517377 0.12371854025277607
0 0.11161414345922833 0.508396755427067 0.22322828691845667 0.1210848631835546
0 0.4732562107832363 0.23422442955561235 0.24325493776222676 0.12947057326946274
0 0.4472605506154112 0.30815989653892556 0.22715634108157476 0.12240170171816525
0 0.39711607281122807 0.4420092740831169 0.2461431394219007 0.12650934757972224
0 0.7081971280000314 0.3736022693334185 0.2419525468904336 0.11228307326946271
0 0.6818346149277767 0.44202804273916685 0.24410704274124875 0.12017746042459247
0 0.6626334064196255 0.519457001920564 0.2278900468904336 0.11154608887329509
0 0.6475635908578601 0.5837684854122205 0.23785704274124875 0.11984991180407363
0 0.5916543651282694 0.7212375079134578 0.23582094606059661 0.1135180246489437
0 0.5719679045455258 0.79471927351729 0.2299261435710857 0.11787797602842467
0 0.5478899418881897 0.864049127655733 0.22512024440092268 0.11606981456303558
0 0.5098786111795772 0.9748649604245927 0.2275581601678251 0.050270079150814696