0 0.2796875 0.0796875 0.0375 0.1328125
0 0.375 0.08671875 0.0328125 0.128125
0 0.228125 0.25703125 0.0375 0.1390625
0 0.46875 0.2640625 0.0359375 0.125
0 0.5609375 0.2671875 0.0328125 0.125
0 0.7453125 0.27109375 0.0421875 0.125
0 0.178125 0.4375 0.034375 0.1390625
0 0.225 0.4375 0.0375 0.1421875
0 0.325 0.440625 0.0390625 0.1390625
0 0.4234375 0.440625 0.0390625 0.1359375
0 0.515625 0.44765625 0.0375 0.1328125
0 0.5625 0.44453125 0.0375 0.1359375
0 0.609375 0.44765625 0.0375 0.128125
0 0.7 0.4515625 0.0375 0.1390625
0 0.746875 0.4515625 0.0375 0.1390625
0 0.7921875 0.4515625 0.03125 0.1328125
0 0.8828125 0.44765625 0.03125 0.1328125
0 0.928125 0.44765625 0.0375 0.1390625
0 0.9734375 0.4515625 0.0375 0.1328125
0 0.0328125 0.61796875 0.0375 0.125
0 0.128125 0.61796875 0.0359375 0.125
0 0.2265625 0.61796875 0.0390625 0.1328125
0 0.4234375 0.621875 0.0375 0.1390625
0 0.7953125 0.628125 0.040625 0.1421875
0 0.8859375 0.628125 0.034375 0.1390625
0 0.93125 0.63203125 0.03125 0.1421875
0 0.028125 0.80546875 0.034375 0.125
0 0.075 0.80546875 0.0359375 0.1390625
0 0.221875 0.80546875 0.03125 0.1328125
0 0.3234375 0.80546875 0.0328125 0.1359375
0 0.421875 0.80546875 0.03125 0.125
0 0.6109375 0.80234375 0.0375 0.128125
0 0.934375 0.80234375 0.0375 0.1421875