0 0.14969091732972745 0.030927054235777386 0.04749316534054513 0.05448892319868044
0 0.20515057666295472 0.03332228002088257 0.04907384667409058 0.056096887305303114
0 0.48942557932845476 0.05019049742621053 0.04927384134309047 0.07328438730530311
0 0.5440948979949093 0.05334424115800437 0.05085452267663584 0.07489235141192581
0 0.7136079666613638 0.05983959672656527 0.044513616008908664 0.06689799498543507
0 0.767477853994273 0.06453310840504778 0.049219297342454026 0.06859688730530311
0 0.8823034226607277 0.06943722024181483 0.049146572008272216 0.06234688730530311
0 0.935382969326864 0.07488924986698599 0.04453179734245438 0.06846049498543508
0 0.9846199006604094 0.07475886922560045 0.030396572008272216 0.061801318025830956
0 0.31573244597391026 0.2014394456977156 0.05492495202099903 0.15623327962517114
0 0.48207506130650124 0.21175012305303112 0.05023745202099903 0.15609688730530313
0 0.6202381326384558 0.22592994648913844 0.05652381468808994 0.15940374373179383
0 0.7608631326384558 0.2300217160851797 0.053398814688089935 0.1593128155185485
0 0.41798364727882065 0.4138605408414352 0.05020108935390812 0.15297188730530314
0 0.4742063752785025 0.4178409986798518 0.053326089353908125 0.15306281551854842
0 0.5850529686107753 0.4288814502500621 0.05020108935390812 0.15297188730530314
0 0.6967717186107754 0.4321321338735838 0.056578358688726384 0.16409124373179385
0 0.8638955839433663 0.44246554328221066 0.05027381468809011 0.15922188730530315
0 0.9162120619430482 0.44633234085407053 0.04871131468809011 0.15917642319868044
0 0.12580359591823104 0.6062081990629279 0.05005563868554459 0.14047188730530316
0 0.6311359859166401 0.6326345875553653 0.050055638685544676 0.14047188730530316
0 0.9074712192473221 0.6602129844275798 0.05496131468809011 0.15935827962517113
0 0.11546389055541421 0.8231683785298145 0.05016472668681723 0.14984688730530316
0 0.22948093722155063 0.8303935083132702 0.05016472668681722 0.14984688730530316
0 0.344279233887687 0.8376413701500371 0.05336245202099903 0.15618781551854832
0 0.4576150278883233 0.8362500178801817 0.05016472668681722 0.14984688730530316
0 0.5115030965547779 0.8393810295586641 0.05020108935390812 0.15297188730530314
0 0.5668900305538234 0.8480262553437694 0.05020108935390812 0.15297188730530314
0 0.6231763932209142 0.8465379631821858 0.053326089353908125 0.15306281551854833
0 0.7317246898870506 0.8536039685924622 0.04860222668681722 0.14980142319868045