0 0.9308459945265668 0.258498110264205 0.10071117349399686 0.20362901878308035
0 0.8610039313865044 0.23694676243165178 0.10089318401734033 0.20675401878308025
0 0.7880368682464421 0.21526808060670977 0.10392717875566859 0.2053188527754691
0 0.14453052097610022 0.08616694615939804 0.09843604195220045 0.16456651878308032
0 0.9967594208631606 0.5370170411005638 0.0064811582736787445 0.19808467292769336
0 0.40124804174043893 0.3990329965771399 0.10052916297065302 0.20050401878308036
0 0.18417466282947864 0.3519975346004111 0.10420019454068408 0.21000635277546903
0 0.05744556285771352 0.31721667490485983 0.07405766823232485 0.20098417984777567
0 0.6547873545981525 0.724239879504396 0.09842063140062188 0.19106535178688588
0 0.5111437704114029 0.6934461828507062 0.09547764192396553 0.19406301779449714
0 0.29645964413127845 0.647287471368269 0.10319913666229379 0.192818852775469
0 0.9623547438206949 0.9812353429268184 0.05427724729857673 0.03752931414636329
0 0.9057407227740075 0.9734891685162502 0.08938028939195171 0.05302166296749959
0 0.7643876806806327 0.9581241536875027 0.09083637357870131 0.08375169262499468
0 0.411885035984657 0.9154943253608765 0.08942506299888783 0.16901134927824693
0 0.2652529596904151 0.8876286284786316 0.09696454721387227 0.1660653517868859
0 0.19830067812038402 0.87554778114037 0.0872255261671849 0.15943334980971963