0 0.15903822608241264 0.5738325684082227 0.08405549091614421 0.19110303482570892
0 0.29338127517402707 0.5856221602221938 0.07978257909743344 0.1768767605154496
0 0.684197464872525 0.6059391457500154 0.07589230455162621 0.16733798620519008
0 0.9410532427523121 0.6191540394638658 0.07796498758216437 0.17366987336031983
0 0.16458749804314596 0.3342411239261467 0.08108998758216437 0.17383364767057935
0 0.49551850471110576 0.35141982134889876 0.08679785364324069 0.1865793091359686
0 0.5597563478933647 0.35982214156614384 0.08134507909743345 0.17695864767057934
0 0.6247914165298166 0.35876757462825914 0.08054785364324069 0.1862517605154496
0 0.8170107385002483 0.3683085917024294 0.08367285364324069 0.1864155348257091
0 0.9860325790974335 0.38265993950929433 0.027934841805133104 0.17638543758467104
0 0.16983388106398578 0.08652732021724505 0.08654276212797156 0.1730546404344901