0 0.96953125 0.046965159672464465 0.0578125 0.0669706008736806
0 0.75078125 0.04200789523288164 0.0609375 0.08401579046576328
0 0.3203125 0.04120361540697905 0.06875 0.0824072308139581
0 0.6625 0.2556738913394439 0.0734375 0.20327177678548614
0 0.4453125 0.24822898651354128 0.0734375 0.20327177678548622
0 0.23359375 0.25081304511850677 0.0734375 0.20952177678548614
0 0.034375 0.24294991299402774 0.04375 0.17758079255305556
0 0.9796875 0.5311037703297907 0.040625 0.19313305737069442
0 0.49765625 0.5165419222089926 0.0765625 0.2033445119678472
0 0.3546875 0.5183070568020136 0.0703125 0.19851154160312506
0 0.76015625 0.7948071668906591 0.071875 0.19698540919430557
0 0.471875 0.7866732374634718 0.08125 0.20345361474138884
0 0.05 0.7761799870822221 0.0734375 0.20327177678548622
0 0.88984375 0.9691324068226729 0.0671875 0.021876306420763925