0 0.8175670375392425 0.1366928988172182 0.039199698100120625 0.12206589754067201
0 0.5693751990046317 0.14282576591087742 0.040434649479601605 0.11582498789975157
0 0.4464323439616777 0.13807060909862742 0.03854460085908258 0.10956589754067196
0 0.32151090909054003 0.15520863300453663 0.040434649479601605 0.11582498789975157
0 0.2007037641334942 0.161381885833207 0.03854460085908258 0.109565897540672
0 0.12027263568479171 0.17747958450534712 0.039035923789861114 0.11894089754067201
0 0.8685607287419582 0.28956791394252873 0.040844085255250205 0.12363748789975162
0 0.7895316480092637 0.28768322707604943 0.040434649479601605 0.11582498789975162
0 0.7499335594746529 0.2926025312325796 0.040598423789861116 0.11894998789975161
0 0.7646622020568495 0.43943662461672134 0.040270875169342094 0.11269998789975162
0 0.7223518713241549 0.43733831431187103 0.0451221494796016 0.1158522589769905
0 0.46527635572032267 0.452900723560008 0.03870837516934209 0.11269089754067192
0 0.4239110492978876 0.4539228680756178 0.040434649479601605 0.11582498789975162
0 0.38196921076327683 0.45885580777076757 0.040434649479601605 0.11582498789975162
0 0.05717060662483382 0.47950114763886786 0.03698210085908263 0.1095568071815924
0 0.6499047405006032 0.6057797629840111 0.04092597241038014 0.12519998789975162
0 0.47839823269868714 0.6138109524827692 0.040434649479601605 0.11582498789975162
0 0.437032926276252 0.6148330969983791 0.04232469810012063 0.12208407825883114
0 0.35154580562946564 0.623926816747758 0.04372342378986112 0.11896816861791067
0 0.26647144278459534 0.6259847413175972 0.040434649479601605 0.11582498789975162
0 0.06560498360319826 0.6404386476388678 0.039035923789861135 0.11894089754067191