0 0.10513594066201185 0.07462607873452587 0.13901587842423865 0.042997797888679565
0 0.11132305061541115 0.2812754991892211 0.1340915800839126 0.03979097727182852
0 0.1090133441818524 0.36323856534184523 0.13120337842423865 0.04286143019392785
0 0.11115433940796757 0.4482448108776184 0.11425267676456467 0.04568642126547431
0 0.10999365849421802 0.48415503733866794 0.11053568091374957 0.037819374187573376
0 0.1228773638788696 0.8701374017870089 0.10729228174358654 0.03620232710967279
0 0.1323805732122134 0.9815425060890799 0.10693708423309745 0.031514827109672794
0 0.25112110165502954 0.1867697483784422 0.1280783784242386 0.042806883116027185
0 0.25270875767366985 0.10403906899529322 0.12026587842423861 0.042670515421275514
0 0.26592711762706917 0.3105657585247119 0.12940408008391255 0.03970915665497756
0 0.2611678400326675 0.3527805320636623 0.12026587842423861 0.042670515421275465
0 0.2710664101446032 0.8605288023562018 0.11389747925407559 0.04099892126547431
0 0.40595307945921266 0.04830944602553576 0.12627908008391256 0.03965460957707686
0 0.40731282468532787 0.13332932833078406 0.12339087842423861 0.04272506249917618
0 0.4142722970909262 0.17533955032760684 0.12303568091374953 0.038037562499176183
0 0.4108727647226398 0.30257420617180547 0.11714087842423862 0.0426159683433748
0 0.4119714782051684 0.42192817816862827 0.11690408008391255 0.039490968343374885
0 0.41362722135669117 0.5030418104738766 0.10764747925407558 0.040889827109672795
0 0.41989222860615366 0.9866667881527423 0.09758539502097814 0.011065959414921167
0 0.5613509744801908 0.0362343656694521 0.12627908008391256 0.03965460957707686
0 0.5627699192913875 0.12047299797470039 0.1296408784242386 0.04283415665497755
0 0.5579603296597053 0.328094583202048 0.11401587842423862 0.04256142126547413
0 0.5571073020653037 0.37024117289362246 0.11377908008391255 0.03943642126547413
0 0.5564318732261466 0.41004401258519696 0.10729228174358649 0.03620232710967279
0 0.5622898643030768 0.4871832110430695 0.11678568091374952 0.03792846834337489
0 0.5616144354639198 0.5269860507346439 0.10741068091374953 0.03776482710967279
0 0.5602169562098441 0.5660212771956935 0.11678568091374952 0.03792846834337489
0 0.5685245184476173 0.6829087682672398 0.12651587842423878 0.04277960957707698
0 0.5586391103543846 0.7618832021146157 0.11377908008391255 0.03943642126547413
0 0.5628287802704721 0.7992604711893392 0.10729228174358649 0.03620232710967279
0 0.5607558721772394 0.8780985373419632 0.11401587842423862 0.04256142126547431
0 0.565396750601478 0.8374462638030131 0.11366068091374952 0.03787392126547431
0 0.5636198404336528 0.9123780799556371 0.1166672817435865 0.03636596834337489
0 0.7174709199160875 0.02492689854389327 0.12026587842423861 0.04267051542127549
0 0.7178466603683178 0.1950075734628154 0.12026587842423861 0.042670515421275465
0 0.7116899035198406 0.2762575734628154 0.11714087842423862 0.0426159683433748
0 0.7098626813147348 0.5165962013038368 0.11366068091374952 0.037873921265474134
0 0.7076686062051998 0.7514797159143335 0.11714087842423862 0.04261596834337489
0 0.8727001037296219 0.1798211298762069 0.11690408008391273 0.0394909683433748
0 0.8718470761352204 0.22196771956778139 0.12026587842423879 0.042670515421275465
0 0.8656185416923414 0.34535067248988066 0.12002908008391273 0.03954551542127547
0 0.8599442690723172 0.584976234178278 0.12038427759440182 0.044233015421275466
0 0.857672296666719 0.5428841915646041 0.10416728174358666 0.036147780031772214
0 0.860458951636452 0.9282625840161222 0.10729228174358667 0.03620232710967279