0 0.9498209278706092 0.12573669721821185 0.10035814425878158 0.05060905405833438
0 0.9391374138018896 0.38913157670670706 0.12172517239622067 0.05387949980360833
0 0.9314236853221642 0.47828952547704306 0.12872717787060922 0.05386131908544911
0 0.9097118058921303 0.655020197120016 0.12078734387822081 0.05069086729005097
0 0.9008726581733079 0.7449366699926528 0.125538510874415 0.05228063836728971
0 0.8786633716329115 0.9669934771742452 0.13035334486680378 0.05543290944452863
0 0.7956785504177418 0.23449004938295231 0.13035334486680378 0.05543290944452863
0 0.7700604209877081 0.4112434469236243 0.125538510874415 0.05228063836728976
0 0.7485687174511174 0.6317332089256767 0.12078734387822046 0.05069086729005097
0 0.7270478390096666 0.8131513805686497 0.12872717787060922 0.05386131908544911
0 0.7181450242946499 0.9015053534412868 0.12866351087441502 0.05229881908544911
0 0.6198163873758802 0.2527047599589491 0.13035334486680378 0.05543290944452863
0 0.6243155449805344 0.20969964852263062 0.13035334486680378 0.05543290944452863
0 0.4589186966536897 0.13955129586691087 0.12866351087441497 0.05229881908544902
0 0.4501113824329643 0.23024901873954778 0.12397601087441497 0.05227154800821019
0 0.4284950034972221 0.40932344038252066 0.12247717787060926 0.053824957649130624
0 0.42334192988495667 0.45545809699837897 0.12397601087441501 0.05227154800821019
0 0.38976140323039205 0.7244671722321481 0.1271646778706094 0.05385222872636941
0 0.36761578368619 0.9480864794137405 0.12391234387822055 0.05070904800821019
0 0.29830750741437384 0.03342908177487263 0.1286635108744149 0.05229881908544903
0 0.2975554323192336 0.07250521731349206 0.12859984387822054 0.050736319085449025
0 0.2862133671099251 0.15852907572474845 0.12553851087441492 0.0522806383672898
0 0.2216188982874762 0.7020023406536673 0.1256021778706093 0.05384313836728971
0 0.1374190869581383 0.016969331382089177 0.12483817391627658 0.033938662764178354
0 0.12934926038012334 0.04847788573501116 0.12072367688202612 0.04912836729005095
0 0.12485010277546911 0.09148299717132963 0.12078734387822054 0.05069086729005094
0 0.11728961216700926 0.13606878932580732 0.12553851087441492 0.0522806383672898
0 0.10529363095008956 0.22522219291660353 0.1304170118629981 0.05699540944452863
0 0.10092180733782412 0.27135230435292196 0.1287271778706093 0.05386131908544902
0 0.09130140961900163 0.3612733224050987 0.12872717787060933 0.05386131908544911
0 0.08686591901054179 0.40584093384141723 0.1287271778706093 0.05386131908544907
0 0.08086792840208194 0.4504176356368153 0.1271646778706093 0.05385222872636941
0 0.0804660217860109 0.49808752117543464 0.12247717787060933 0.053824957649130666
0 0.07431813395302014 0.6348744488685318 0.0991033448668037 0.05525110226293641
0 0.069669079123835 0.7700897862025494 0.07859984387822053 0.050445427594901206
0 0.06307818091072093 0.8576488735365668 0.05828734387822052 0.05032725292686635