0 0.2171875 0.14921875 0.03125 0.115625
0 0.2546875 0.14921875 0.03125 0.115625
0 0.2921875 0.14921875 0.0328125 0.11875
0 0.33125 0.14609375 0.0359375 0.115625
0 0.3671875 0.14609375 0.028125 0.1109375
0 0.4421875 0.14921875 0.0328125 0.1078125
0 0.5875 0.153125 0.034375 0.1046875
0 0.659375 0.159375 0.0328125 0.1078125
0 0.6984375 0.159375 0.03125 0.1109375
0 0.734375 0.16328125 0.0296875 0.1109375
0 0.76875 0.16640625 0.0296875 0.1109375
0 0.8359375 0.1703125 0.028125 0.096875
0 0.209375 0.559375 0.0375 0.1140625
0 0.2046875 0.70859375 0.0390625 0.1328125
0 0.24375 0.70859375 0.034375 0.121875
0 0.2859375 0.70859375 0.034375 0.125
0 0.3234375 0.70859375 0.034375 0.125
0 0.4015625 0.71171875 0.0359375 0.125
0 0.590625 0.71171875 0.03125 0.1109375
0 0.6265625 0.71171875 0.0296875 0.1171875
0 0.6640625 0.70859375 0.0328125 0.121875