0 0.012696952500921977 0.7354274459074157 0.025393905001843953 0.12895391848667065
0 0.03580167643964373 0.7268338248453696 0.05760984577334841 0.12283146424430527
0 0.07755837986341635 0.7179851122680544 0.05684838217054298 0.13520391848667046
0 0.1241027128368383 0.7071912624178356 0.065922993521595 0.1312816930324779
0 0.20449111968438355 0.6897489287784744 0.06828652991878956 0.14390923879011233
0 0.29168023905500007 0.6632026621085749 0.06279799352159507 0.13102660151720863
0 0.339787072028422 0.6522812665007216 0.06279799352159499 0.13102660151720863
0 0.4635447470745645 0.6250814245264106 0.05997338217054295 0.13545901000193972
0 0.6388148573458825 0.5944538225501599 0.06868704811738695 0.15015923879011234
0 0.22529736814322407 0.838043036504601 0.0576098457733484 0.12283146424430517
0 0.13810824877260755 0.8645893031745004 0.0576098457733484 0.12283146424430527
0 0.18036559994462678 0.8479280905971851 0.061135363971945675 0.12933655575957417
0 0.2658420249907693 0.8238531196849201 0.05624760487264702 0.12582891848667055
0 0.30858023751384056 0.8118156342287879 0.061335623071244336 0.13246155575957416
0 0.3519495057124379 0.8020581258938382 0.06113536397194572 0.12933655575957417
0 0.39242431138796385 0.8010856861953402 0.05624760487264702 0.12582891848667047
0 0.4347317273348078 0.783643223618025 0.05801036397194572 0.12908146424430508
0 0.47676903301033374 0.7825432381618924 0.05997338217054295 0.13545901000193972
0 0.7745347069767422 0.7201558399689654 0.05760984577334849 0.12283146424430509
0 0.814428521751567 0.7161221731492847 0.06319851172019222 0.1372766015172088
0 0.723690505094129 0.579753851637895 0.06632351172019231 0.13753169303247786
0 0.6814028755444796 0.5847600870940275 0.060373900369140185 0.14170901000193972
0 0.7673100971668496 0.5660900933029452 0.06868704811738677 0.15015923879011234
0 0.8119915414913237 0.5601112892103609 0.06828652991878954 0.14390923879011233
0 0.8553608096899208 0.5503537808754112 0.05604734577334867 0.12270391848667046
0 0.024694508407160656 0.5751596256039739 0.04938901681432131 0.14496155575957417
0 0.06322217690106906 0.553619594390207 0.06389941856773755 0.14821410151720862
0 0.10634112122554304 0.5477683360552572 0.0652616594684389 0.14521664727484324
0 0.23380478717238695 0.5233746296868599 0.05957286397194572 0.1292090100019397
0 0.32336793492063354 0.5082920215016914 0.06103523442229637 0.12777405575957418
0 0.496794942940198 0.47004323816189253 0.05684838217054313 0.13520391848667063
0 0.7125293669066064 0.4143519922447784 0.06017364126984166 0.1385840100019397
0 0.8021926442045023 0.39770688405960997 0.06516152991878954 0.14365414727484324
0 0.09150427051494914 0.3912153181774099 0.061335623071244336 0.13246155575957416
0 0.1311174830380204 0.3794329242365465 0.061335623071244336 0.13246155575957416
0 0.22156201033591633 0.3627240431725607 0.06389941856773751 0.1482141015172088
0 0.5739348411498699 0.284998816341242 0.061736141269841484 0.13871155575957417
0 0.7074482479974151 0.2632199269423065 0.06828652991878954 0.14390923879011233
0 0.7962499321428563 0.23576486451477258 0.06516152991878954 0.14365414727484324
0 0.8829186173680317 0.22946732496605585 0.06848678901808825 0.14703423879011232
0 0.9370311142857126 0.5250351743572327 0.05684838217054278 0.13520391848667063
0 0.004879662246216072 0.2506696796965583 0.009759324492432143 0.12678564060688347
0 0.027570837832225685 0.2429051060591366 0.05514167566445137 0.14508910151720877
0 0.0697863641288292 0.23289250620891783 0.06632351172019228 0.13753169303247778
0 0.24795093692321837 0.19347983559621534 0.061535882170542955 0.13558655575957418
0 0.2952264551218156 0.1834034628671793 0.07141152991878955 0.1441643303053814
0 0.3419710471945362 0.16948461301696047 0.062136659468438896 0.1449615557595742
0 0.5624733143133993 0.12428445694812554 0.06632351172019231 0.13753169303247778
0 0.6074050825119965 0.11439940285554126 0.06319851172019231 0.13727660151720875
0 0.788944979180509 0.07246622074308703 0.06389941856773759 0.14493244148617407
0 0.053016773597268106 0.09437201120988765 0.0525823843300113 0.09288887272903605
0 0.14711722702104074 0.08125051575181554 0.05963342072720588 0.10589905575957419
0 0.3731080305370984 0.03444734082670614 0.05404475478036197 0.06889468165341228
0 0.41720848396087107 0.029991098098639913 0.05716975478036197 0.059982196197279826
0 0.4627713078349943 0.026611071052347786 0.058832384330011325 0.05322214210469557
0 0.5993095851328902 0.011687830595245497 0.057630829734219444 0.023375661190490993