0 0.9257599439967581 0.8039616911680877 0.10025453005422946 0.044331782981095455
0 0.9283854951282262 0.7555105556294682 0.1033977107723885 0.04747496369925486
0 0.9365166785768599 0.56640714901361 0.1158977107723885 0.04754768657189175
0 0.9367893893492484 0.5195321490136099 0.12055793969514958 0.04288745764913067
0 0.9370575549420972 0.47343839901360985 0.12059430113146803 0.04913745764913067
0 0.9388745849963265 0.42967930865453036 0.11743293969514959 0.04286927693097127
0 0.939928545768715 0.3827997634749905 0.11588862041330898 0.04598518657189175
0 0.9373171510567133 0.29453669419314976 0.12216589149054755 0.05070904800821019
0 0.5993201638443328 0.7847678262157277 0.14556703005422927 0.044595403394404445
0 0.598325811286809 0.6871206665748074 0.15029089149054792 0.05087267447164336
0 0.6025138624182771 0.6386604406771083 0.15969316256778665 0.05561471662612085
0 0.5973041876520462 0.594161006933887 0.15498748184962743 0.05246244554888228
0 0.6007109887835144 0.5457053262157278 0.1487102107723885 0.04773858411256367
0 0.6002069947354427 0.4980536213952676 0.16281816256778647 0.05563289734428025
0 0.5989126603282914 0.4519689617543472 0.15030907220870696 0.053997674471643366
0 0.6093285064429077 0.2730081695998695 0.14556703005422947 0.044595403394404445
0 0.6311636415887436 0.011654075724748428 0.14388635538619426 0.023308151449496856
0 0.4140189889799061 0.6764745789462022 0.14097043364502543 0.06019313231716552
0 0.42786436212368956 0.44515185607356533 0.12683521077238852 0.04761131908544911
0 0.4351637777165383 0.39901719945770703 0.1330670300542293 0.044522680521767465
0 0.23779737744539178 0.6189080395221991 0.1487102107723885 0.04773858411256367
0 0.24588258821778028 0.5719875877268009 0.1409068011314682 0.049255632317165524
0 0.24875357904439813 0.48134895218818147 0.14715680113146812 0.04929199375348396
0 0.25605299463724684 0.4352142955723233 0.1487102107723885 0.04773858411256367
0 0.2610319070086417 0.2508165696746242 0.1409068011314682 0.049255632317165524
0 0.27015341871610665 0.025771117879226136 0.1330670300542293 0.04452268052176751
0 0.06128591618202391 0.7090068404572755 0.12257183236404783 0.04761131908544911
0 0.0700296571068376 0.6613005934823375 0.1400593142136752 0.05552381303532492