0 0.2328125 0.090625 0.034375 0.11875
0 0.275 0.08671875 0.0359375 0.115625
0 0.3625 0.09375 0.0359375 0.121875
0 0.40625 0.09375 0.0359375 0.11875
0 0.45 0.096875 0.0359375 0.121875
0 0.5375 0.096875 0.0359375 0.115625
0 0.6265625 0.096875 0.0359375 0.115625
0 0.6703125 0.096875 0.03125 0.1109375
0 0.7140625 0.096875 0.03125 0.115625
0 0.7578125 0.10390625 0.034375 0.1109375
0 0.8484375 0.10390625 0.0390625 0.115625
0 0.93125 0.1109375 0.034375 0.1140625
0 0.9734375 0.11484375 0.03125 0.121875
0 0.1 0.246875 0.034375 0.11875
0 0.14375 0.25 0.034375 0.11875
0 0.1890625 0.25 0.0359375 0.115625
0 0.23125 0.253125 0.034375 0.121875
0 0.2734375 0.253125 0.034375 0.1171875
0 0.7546875 0.43046875 0.034375 0.121875
0 0.7984375 0.43046875 0.034375 0.121875
0 0.84375 0.434375 0.0328125 0.121875
0 0.05625 0.57265625 0.0390625 0.128125
0 0.1421875 0.5765625 0.034375 0.121875
0 0.31875 0.5796875 0.040625 0.121875
0 0.4046875 0.58671875 0.034375 0.125
0 0.534375 0.590625 0.0359375 0.1328125
0 0.578125 0.590625 0.0359375 0.128125
0 0.6203125 0.590625 0.034375 0.128125
0 0.6640625 0.59375 0.0359375 0.128125
0 0.7078125 0.59375 0.0390625 0.121875
0 0.14375 0.7359375 0.040625 0.1140625
0 0.1859375 0.73984375 0.0375 0.121875
0 0.6171875 0.91640625 0.0328125 0.1109375
0 0.6609375 0.91640625 0.0359375 0.11875
0 0.7484375 0.9234375 0.034375 0.1078125
0 0.79375 0.9234375 0.0359375 0.1109375
0 0.8375 0.9234375 0.034375 0.1046875