0 0.8184266622191956 0.8239643701965604 0.09476897095570598 0.05943695499752551
0 0.828287836909168 0.7759805715760415 0.10438076929603204 0.06305327792830404
0 0.8382082111842216 0.7272155229555224 0.1138741684661948 0.06510710085908258
0 0.8535973354592754 0.6781638692920493 0.11063076929603177 0.06338082654882307
0 0.8665835101492476 0.6300162963612708 0.11567346680652087 0.06831398801421251
0 0.9401342122331288 0.25498531886250797 0.07829186597668389 0.06791119629109836
0 0.5227985439674265 0.6176855512225108 0.14727866431700995 0.07463923111680745
0 0.5334409686573988 0.569660809024427 0.145952962657336 0.0776823439616777
0 0.5605614209417726 0.4787525260077402 0.14907796265733603 0.07784611827193721
0 0.571322244801908 0.4291652838096563 0.14716026514684694 0.07307673111680746
0 0.30765695081125943 0.735566849277203 0.13442346680652095 0.06929663387576941
0 0.3231644742564762 0.6849526956137298 0.13778526514684702 0.07258540818602892
0 0.08541233006069063 0.8958403652197194 0.14102866431701003 0.07431168249628825
0 0.18990537882522393 0.5129625881959264 0.13958456348717307 0.07579229534115868
0 0.053807932463888396 0.43463727159672605 0.10761586492777679 0.07439356965141819