0 0.7547406161282214 0.8925231836170141 0.05754087468172653 0.11487088317182241
0 0.6237900607892671 0.8602401973627689 0.06088405068427196 0.13383940445914594
0 0.9503156507797221 0.7670375925156355 0.031051100015908162 0.11926345222957302
0 0.7418577134388589 0.7261005081226463 0.060829506683635515 0.12915190445914604
0 0.6979622627704952 0.7166598061451749 0.059230644016544785 0.12591764381548423
0 0.6525497654359953 0.7112346148113652 0.057668144016544784 0.1258083831718224
0 0.5263139820973592 0.6809675966261348 0.057668144016544784 0.1258083831718224
0 0.48398103142899557 0.6714176340050017 0.057668144016544784 0.1258083831718224
0 0.31868274809035946 0.6438821319113147 0.05288973734881743 0.11766810124083733
0 0.23867707475331418 0.6221106747380633 0.0576681440165447 0.1258083831718224
0 0.9083265034213597 0.5854487389290097 0.05770450668363551 0.1289333831718224
0 0.727321404081769 0.5519745932719402 0.06088405068427179 0.13383940445914586
0 0.685787884746951 0.5439325003289761 0.05926700668363551 0.12904264381548422
0 0.5149390354073602 0.5097481604881052 0.054524962682999244 0.12402736188449914
0 0.940038485399406 0.4213808850902825 0.05770450668363551 0.1289333831718224
0 0.8954072380649061 0.41590106343464195 0.057668144016544784 0.1258083831718224
0 0.8506941747294515 0.40338999177900137 0.060829506683635515 0.12915190445914587
0 0.8067987240610881 0.3939492898015299 0.05926700668363551 0.12904264381548422
0 0.7629487267265882 0.3884148378240585 0.05926700668363551 0.12904264381548422
0 0.674412938056952 0.3727130641909465 0.05926700668363551 0.12904264381548422
0 0.6313169187221338 0.3647802318916443 0.054524962682999244 0.12402736188449896
0 0.5889748773869975 0.3544490192705111 0.05761360001590834 0.12112088317182242
0 0.544398174053134 0.35365669761487056 0.05605110001590834 0.12101162252816078
0 0.5044089733847704 0.3439428440282448 0.054524962682999244 0.12402736188449896
0 0.46209420404995233 0.3359553814071116 0.057668144016544784 0.1258083831718224
0 0.9725028033497718 0.24225075996423168 0.05499439330045632 0.1399801438154842
0 0.8423715027052708 0.2257020343536483 0.0608658693507266 0.13227690445914594
0 0.5784084526973168 0.18551870281065064 0.057668144016544784 0.1258083831718225
0 0.49456925469445323 0.1702703972465535 0.054524962682999244 0.12402736188449896
0 0.3676249466899989 0.146308009383154 0.05288973734881743 0.11766810124083724
0 0.24152552335295363 0.1277597411979237 0.059230644016544695 0.12591764381548418
0 0.1992471166852264 0.12289727857679052 0.060793144016544697 0.12602690445914594
0 0.9657260920194082 0.0755549328607095 0.05928518801718106 0.1306051438154842
0 0.8302243966820446 0.05877534038351127 0.06077496268299924 0.11755068076702253
0 0.6524806573440449 0.04781569707223017 0.062337462682999244 0.09563139414446034
0 0.5678874813414996 0.03974628896835071 0.05757723734881744 0.07949257793670142