0 0.10562965341515725 0.8880511992686513 0.10547843262955983 0.047139827109672794
0 0.0952473068237239 0.8112841477265238 0.10542388555165919 0.04401482710967279
0 0.09124164529748238 0.7721398271096728 0.10860343262955985 0.04719437418757337
0 0.09189621023229055 0.7346398271096728 0.10547843262955987 0.047139827109672794
0 0.0854746607187579 0.6548159594149211 0.10550570616851021 0.048702327109672795
0 0.0652923944834082 0.4231432195611909 0.11329093262955987 0.047276194804424465
0 0.06522025649611704 0.3825045827917156 0.11329093262955987 0.04727619480442442
0 0.05803504789197487 0.34643071509696394 0.10852161201270882 0.042506874187573464
0 0.05870324959625819 0.30814946509696395 0.10547843262955987 0.047139827109672794
0 0.055506111608967026 0.2674562812495881 0.10542388555165919 0.04401482710967279
0 0.24491034172675996 0.8779785442352317 0.11329093262955983 0.04727619480442442
0 0.23779331696999365 0.8379984265404798 0.10860343262955985 0.04719437418757337
0 0.22729792208284358 0.7229364882288772 0.10860343262955985 0.04719437418757337
0 0.23131722037856028 0.7612995588457282 0.10076365909060954 0.04549550649282175
0 0.24816202679195182 0.9155467280826073 0.11641593262955982 0.047330741882325354
0 0.2625733543086617 0.9824188080349494 0.11318183847375848 0.03516238393010127
0 0.22535141274735276 0.5658234176120261 0.11329093262955983 0.04727619480442442
0 0.4064597220034134 0.9774438459808777 0.10865797970746054 0.04511230803824447
0 0.40319440016874636 0.9432604452081662 0.11474433847375849 0.04105346834337489
0 0.3960364651035545 0.9056240775134146 0.11647047970746058 0.05045574188232536
0 0.38948823052483 0.7882865730491877 0.1086579797074605 0.050319374187573374
0 0.38234393222911334 0.749868955354436 0.11636138555165916 0.04420574188232518