0 0.215625 0.39453125 0.0453125 0.140625
0 0.171875 0.3953125 0.0359375 0.1453125
0 0.1296875 0.39921875 0.0359375 0.1296875
0 0.08828125 0.403125 0.0359375 0.1375
0 0.43515625 0.378125 0.0390625 0.1328125
0 0.48125 0.37265625 0.0375 0.1390625
0 0.56796875 0.365625 0.040625 0.1296875
0 0.6125 0.36484375 0.034375 0.121875
0 0.65703125 0.3640625 0.040625 0.1375
0 0.7015625 0.36484375 0.040625 0.121875
0 0.74921875 0.3671875 0.0421875 0.1328125
0 0.04140625 0.5578125 0.034375 0.1359375
0 0.125 0.5578125 0.034375 0.13125
0 0.16796875 0.5515625 0.0359375 0.1296875
0 0.0359375 0.725 0.0421875 0.13125
0 0.11875 0.72265625 0.0390625 0.1328125
0 0.16640625 0.7265625 0.0390625 0.1515625
0 0.2046875 0.721875 0.0359375 0.1453125
0 0.02578125 0.9 0.028125 0.1296875
0 0.11171875 0.8953125 0.0375 0.1453125
0 0.290625 0.8921875 0.0390625 0.1421875
0 0.43203125 0.8875 0.0390625 0.1453125
0 0.52734375 0.89140625 0.0453125 0.1453125
0 0.621875 0.88359375 0.0421875 0.1375
0 0.6671875 0.88046875 0.0421875 0.1421875
0 0.71796875 0.8828125 0.0390625 0.1421875