0 0.09030569128671176 0.021593549915295395 0.14384508838228233 0.030156478812138267
0 0.08696904896502597 0.1007350183452643 0.14995337842423861 0.0491794945971538
0 0.08337137489975369 0.145637994667741 0.13757177759440165 0.050013952503779005
0 0.08608290041956287 0.19168624203690504 0.14706517676456468 0.05212248407381011
0 0.08266282510953511 0.23893296835938171 0.13288427759440163 0.04974093671876343
0 0.08928244586010389 0.3878787025743662 0.12362767676456468 0.05075740514873237
0 0.1006478435803744 0.48654371572854577 0.13144017676456468 0.05121243145709151
0 0.10545466536591723 0.5397142183593817 0.1334762734452168 0.05755343671876343
0 0.11446558030762718 0.699688457836038 0.12026587842423861 0.04745039462538862
0 0.43713683755708976 0.23624466802056335 0.15355197510489074 0.055611505120497465
0 0.4289565620372805 0.18987790223554776 0.14706517676456468 0.05212248407381015
0 0.44134000809787705 0.29171341802056333 0.15558807178554285 0.06195251038216938
0 0.4496405280186089 0.4423126574972196 0.14921967261537983 0.06002598933548207
0 0.4644753904708079 0.6072929153897274 0.1651998701258688 0.06562354195220052
0 0.8054221284242387 0.08735620186849449 0.17698947510489055 0.05697658404557524
0 0.8239362526992924 0.13665825185437708 0.16280857593472753 0.054595036690528606
0 0.8238187761445092 0.18643073870019747 0.18359467261537965 0.06202810509226264
0 0.8575248056130107 0.5080705202702285 0.16941377344521688 0.0596465577372161
0 0.8728430749090424 0.5665200571019315 0.17109467261537964 0.061300062998887836
0 0.8754138130861877 0.682562286055244 0.18804537427505394 0.059176120877278214
0 0.8931942315523826 0.7427108307794548 0.17902557178554304 0.06331758930724725
0 0.973165735477853 0.1368465096057105 0.053668529044293936 0.05456567363517104
0 0.978813929463857 0.34695725697487456 0.04237214107228589 0.05345819994353027
0 0.9827744739673481 0.4602840096057105 0.034451052065303855 0.050515210466874017
0 0.9906170350675788 0.5137730306523979 0.018765929864842334 0.05144067363517095
0 0.9952103693006762 0.5740657885449056 0.009579261398647532 0.052730157850155376