0 0.9561051894086339 0.8270152512112254 0.08778962118273234 0.06191143912238175
0 0.9412536450884683 0.7229317232080482 0.11749270982306328 0.06541826866768634
0 0.9307627486471199 0.6187527378185449 0.13847450270576012 0.065309174511885
0 0.9266573856905026 0.5077334172016938 0.14668522861899475 0.06355575973923262
0 0.9143479951682082 0.459077728890091 0.1597893303053816 0.06520008035608367
0 0.8993928038027201 0.4096680641174387 0.15640923879011231 0.06202053327818295
0 0.8796546465259372 0.30166464934478626 0.15353933030538158 0.06509098620028234
0 0.8586090807644233 0.19675896103318358 0.16396664727484317 0.05903190097293467
0 0.8504938207624837 0.14512827718580773 0.15953423879011233 0.06207508035608367
0 0.8367822650029094 0.0918396359521057 0.16616687606301578 0.06687167451188503
0 0.8251433922738733 0.044828268257354 0.16903678454774687 0.0638012215897857
0 0.8112850918536247 0.9550060633066597 0.1513391015172086 0.05725121266133186
0 0.8005870947285627 0.8526214029982342 0.16460437606301603 0.0668444009729349
0 0.7826027560882316 0.7469890117645323 0.16447683030538124 0.06528190097293471
0 0.7664836774498401 0.6928782102224047 0.1757969675782851 0.07016031574558709
0 0.7535533716902659 0.6396032057581779 0.1660393303053816 0.065309174511885
0 0.7421855659306917 0.5863554748329013 0.17241687606301603 0.06698076866768635
0 0.7140770571367001 0.42359637621287305 0.15653678454774694 0.0635830332781829
0 0.633258781213767 0.05474123619698701 0.1676018303053814 0.06533644805083536
0 0.6229559154910465 0.9743626205341254 0.16422173879011231 0.051274758931749174
0 0.6141869512467413 0.9297218709378672 0.1629143303053814 0.06525462743398407
0 0.5560088209316616 0.6088502633893853 0.17241687606301603 0.06698076866768635
0 0.40140003776104055 0.9033836931795716 0.1679844675782851 0.07002394805083512
0 0.32959010001939665 0.5206433311668626 0.16747428454774696 0.06377394805083529
0 0.2740423753141099 0.2988950162320544 0.1823020590935541 0.07339440990138843
0 0.26072943228163215 0.2409325117678275 0.17697683030538142 0.06550008928453739
0 0.1950544429117916 0.8794983595770768 0.17085437606301596 0.06695349512873605
0 0.18596661427340014 0.8255102889602259 0.1722893303053814 0.06541826866768626
0 0.1693373526044705 0.7651494874180983 0.16654951333591955 0.07155917451188501
0 0.1491527851759667 0.651677322645446 0.17123701333591956 0.07164099512873605
0 0.12609830926273197 0.5412756107948928 0.16980205909355411 0.07317622158978558
0 0.11453918486670596 0.4856841298696163 0.1551018303053814 0.06511825973923262
0 0.11353492319777633 0.4255960637169922 0.1635520590935541 0.07306712743398439
0 0.10529211743820215 0.3724028798696163 0.1562497421240922 0.07918075973923262
0 0.08842386864615014 0.2613290121748646 0.14036965060882317 0.0757830243497292
0 0.07064682409646358 0.14867900771063775 0.12241687606301595 0.06610801542127547
0 0.061160382730975724 0.09936480032431157 0.1113518303053814 0.06435460064862313