0 0.0515625 0.09375 0.0375 0.11875
0 0.16875 0.08671875 0.0390625 0.115625
0 0.2140625 0.08359375 0.0390625 0.121875
0 0.253125 0.08671875 0.0328125 0.125
0 0.296875 0.08359375 0.0390625 0.11875
0 0.4640625 0.08359375 0.0375 0.1328125
0 0.5484375 0.07265625 0.034375 0.128125
0 0.5921875 0.07265625 0.040625 0.1328125
0 0.634375 0.06953125 0.0359375 0.128125
0 0.71875 0.07265625 0.040625 0.1390625
0 0.7640625 0.06953125 0.0390625 0.128125
0 0.8046875 0.0765625 0.0359375 0.1359375
0 0.8453125 0.07265625 0.034375 0.1328125
0 0.1234375 0.22890625 0.03125 0.121875
0 0.1609375 0.22890625 0.034375 0.121875
0 0.2046875 0.2328125 0.0359375 0.121875
0 0.2453125 0.22890625 0.0296875 0.1359375
0 0.334375 0.22578125 0.0328125 0.121875
0 0.378125 0.22578125 0.0375 0.121875
0 0.546875 0.21875 0.03125 0.128125
0 0.634375 0.21875 0.0375 0.128125
0 0.678125 0.215625 0.0390625 0.128125
0 0.7671875 0.215625 0.034375 0.115625
0 0.075 0.38515625 0.0375 0.121875
0 0.1140625 0.38203125 0.0328125 0.115625
0 0.153125 0.3890625 0.0375 0.11875
0 0.2 0.38515625 0.0375 0.128125
0 0.375 0.38203125 0.0375 0.125
0 0.4609375 0.378125 0.0359375 0.11875
0 0.503125 0.375 0.0375 0.128125
0 0.5484375 0.375 0.0375 0.1328125
0 0.59375 0.378125 0.0359375 0.128125
0 0.7265625 0.371875 0.0390625 0.13125
0 0.8609375 0.375 0.0421875 0.1359375
0 0.0640625 0.5453125 0.0328125 0.1328125
0 0.10625 0.55234375 0.0390625 0.1359375
0 0.2796875 0.5484375 0.040625 0.1421875
0 0.371875 0.54140625 0.0390625 0.1359375
0 0.4140625 0.5453125 0.0359375 0.128125
0 0.4609375 0.534375 0.0359375 0.125
0 0.6828125 0.534375 0.0390625 0.1328125
0 0.7328125 0.534375 0.0375 0.1421875
0 0.096875 0.71171875 0.0328125 0.1328125
0 0.140625 0.715625 0.0390625 0.1390625
0 0.321875 0.71171875 0.0375 0.1390625
0 0.4609375 0.70859375 0.040625 0.1453125
0 0.553125 0.7046875 0.040625 0.1421875
0 0.5984375 0.7046875 0.0390625 0.1390625
0 0.178125 0.88515625 0.0390625 0.146875
0 0.365625 0.88203125 0.040625 0.1390625
0 0.4125 0.8890625 0.0359375 0.15625
0 0.50625 0.88515625 0.0421875 0.1421875
0 0.553125 0.88203125 0.0421875 0.146875
0 0.646875 0.88203125 0.0375 0.159375
0 0.69375 0.88203125 0.040625 0.15
0 0.928125 0.878125 0.0359375 0.15