0 0.8705446047526355 0.04857445180222365 0.04122186068413462 0.0971489036044473
0 0.825790520265955 0.04772137672733305 0.04434686068413427 0.0954427534546661
0 0.7342569362735663 0.04988959013814321 0.044346860684134445 0.09977918027628642
0 0.30630834980971955 0.05837898393407455 0.04565469269935694 0.1167579678681491
0 0.989549272737413 0.20161364981142546 0.020901454525174046 0.13523586939505616
0 0.8268622248283102 0.20920236451477256 0.044092192699356755 0.1266261439408634
0 0.7814860578321158 0.21133869148617407 0.04252969269935676 0.12649859818322887
0 0.7359507233454353 0.2095687684575756 0.044346860684134445 0.1328761439408634
0 0.689793306349241 0.21176886830779437 0.04240235870696818 0.12337359818322886
0 0.5464425543720746 0.21406430513135435 0.04552735870696818 0.12362868969849787
0 0.40203863836446335 0.2289872877125489 0.044346860684134445 0.1328761439408634
0 0.354318721368269 0.23131493332040223 0.044092192699356936 0.1266261439408634
0 0.3073800543720746 0.2335788060494383 0.044092192699356936 0.1266261439408634
0 0.25966013737588023 0.2359064516572916 0.04240235870696818 0.12337359818322886
0 0.036767759923012795 0.44065695090838564 0.03471719269935693 0.12586086939505617
0 0.07651600942872121 0.4350607840887049 0.042529692699356934 0.1264985981832289
0 0.11954842642491559 0.4331157757537552 0.044346860684134494 0.1328761439408634
0 0.16460625844013804 0.4231669487823536 0.045527358706968134 0.1236286896984979
0 0.21063634144394366 0.41784184893213483 0.04447419467652323 0.1360011439408634
0 0.3052949254363324 0.4132503305952455 0.05059686068413445 0.13338632697140157
0 0.26158071201390987 0.590833067718368 0.04396485870696818 0.1235011439408634
0 0.30945979650059025 0.5924116721105146 0.04096719269935693 0.12637105242559432
0 0.21228500205152842 0.7853322378720284 0.04616402866891205 0.13925368969849786
0 0.503496297983465 0.5836272481638323 0.03784219269935694 0.12611596091032523
0 0.499921675930624 0.39971463376974586 0.04303902866891214 0.13899859818322885
0 0.5972144644853679 0.5751932527057602 0.04265702669174569 0.12962359818322894
0 0.6419964293906651 0.4045779927038204 0.04354836463846716 0.15149859818322878
0 0.505190085055334 0.759854908315553 0.04396485870696818 0.1235011439408634
0 0.5536912520515285 0.7574634898288825 0.04071252471457924 0.1201210524255945
0 0.7369905944096932 0.3889852014881138 0.04303902866891214 0.13899859818322877
0 0.7825577623944707 0.39153637451671225 0.04278436068413445 0.13274859818322887
0 0.8723378453982764 0.3826399934527265 0.03471719269935676 0.12586086939505617
0 0.8336334200363058 0.7408827992123006 0.04109452669174587 0.12949605242559414
0 0.8796316695420145 0.7347764493620819 0.037714858706968356 0.12299096091032524
0 0.9615276793906652 0.3784948852675579 0.03784219269935676 0.12611596091032523
0 0.9175866784020819 0.3773786664813249 0.04278436068413427 0.13274859818322876
0 0.8303771329644369 0.5647826848182144 0.044092192699356755 0.1266261439408634
0 0.9694011181728704 0.8795152513286343 0.03956651878308008 0.09199605242559414
0 0.7436835351690647 0.8995081133068246 0.044126684790691505 0.08925368969849785
0 0.5078415356633563 0.9211112727096393 0.04230951680591381 0.0828761439408634