0 0.9955885040579064 0.8463538744127558 0.008822991884187203 0.06795150395433254
0 0.8833196021244033 0.8808482326254324 0.04909202800763594 0.0582236768820259
0 0.7983633467934033 0.9015055839180267 0.049055665340545215 0.05509867688202626
0 0.7484451627943578 0.9105741777962472 0.04752952800763595 0.0581600098858317
0 0.7023968661282214 0.9163586041839817 0.0491829346753633 0.06603617688202626
0 0.6579565227959486 0.925985613575522 0.0507454346753633 0.06609984387822046
0 0.564388336131403 0.9454306333471856 0.0538704346753633 0.06622717787060921
0 0.916067372772086 0.7396038087091557 0.0736567706874535 0.15605368182494192
0 0.8693196421069042 0.7524513185949875 0.07518290802036276 0.1529923488211363
0 0.8210275927752677 0.7669249954770135 0.0688783640197265 0.1480501808363588
0 0.7765963401097677 0.7773332548685538 0.06417268268618095 0.14629667984777583
0 0.9748749200349984 0.5541491283670885 0.05025015993000324 0.15854201186299796
0 0.9390856074156325 0.5682726367700456 0.07365677068745384 0.15605368182494211
0 0.7995600307526779 0.6013145829294435 0.07054995202099903 0.15748884783255335
0 0.7520583220878141 0.6165376763133724 0.0673885893539083 0.1542365138401644
0 0.7074816187539505 0.6144459357049126 0.06578972668681722 0.15104784684397005
0 0.6568094567552232 0.6258901130812303 0.07054995202099903 0.15748884783255335
0 0.605383316756814 0.6397098739556453 0.07845335868872638 0.16561968281352507
0 0.9855664246896808 0.37242162589563055 0.028867150620638427 0.1482120069200823
0 0.7202254247294517 0.4333723492410659 0.07532835868872638 0.16549234882113648
0 0.4295737000715876 0.5100899940313199 0.08308631468808994 0.16112318380210838
0 0.23839471674090568 0.5374204510651328 0.08949994668999892 0.17544035178688588
0 0.9418624253659985 0.20236113528717073 0.06735222668681722 0.1511115138401644
0 0.13713220874440551 0.5673400558177683 0.06415450135263549 0.14473417984777565
0 0.08564243407858729 0.5756910666921833 0.07051358935390817 0.15436384783255336
0 0.0428373160804963 0.591504409087529 0.07051358935390814 0.15436384783255336
0 0.8934976507001803 0.21058481216919683 0.06900563335454457 0.1589876808363589
0 0.7928800327020893 0.22875383342373512 0.06429995202099903 0.15723417984777566
0 0.7460595767027256 0.2353513433095668 0.06731586401972649 0.14798651384016442
0 0.542698766709089 0.29053488631293495 0.07531017735518084 0.1639298488211364
0 0.4460055800445434 0.3101072400769872 0.07848972135581711 0.16874468281352523
0 0.3937800087125888 0.32239633444949933 0.07531017735518084 0.1639298488211364
0 0.2923447780474069 0.33747218920213473 0.08176017202418073 0.181372016805914
0 0.2424629567154523 0.3496657830803553 0.07071358402290802 0.17155134783255316
0 0.19335329471672497 0.3610462934604787 0.06578972668681726 0.15104784684397005
0 0.142735676718634 0.37717797083679633 0.07531017735518084 0.1639298488211364
0 0.01869874005408842 0.39786449703425053 0.030088584022908038 0.16989600593149898
0 0.9085670253421358 0.04701699106557038 0.06713405068427178 0.09403398213114075
0 0.7134545200111359 0.06824734532391424 0.07378404002227175 0.1364946906478285
0 0.665044292011454 0.07037422526683011 0.07065904002227175 0.14074845053366022
0 0.35798631735359 0.13470267486767876 0.06909654002227175 0.16680018083635884
0 0.3080317706874536 0.14064626874589928 0.0721669960216353 0.16224001482874764