0 0.35681182988187776 0.9734295040181354 0.05829216378737554 0.05314099196372908
0 0.4290174969084558 0.9668255153564533 0.057630829734219444 0.06634896928709325
0 0.46616704348468313 0.9615658506922262 0.06145673658176456 0.07686829861554756
0 0.49779777528608593 0.9554976640276805 0.06382027297895938 0.08900467194463886
0 0.5710652945644173 0.9442265460693605 0.06442105027685514 0.10379770934118149
0 0.7806417512273924 0.8888957980983136 0.0631589389258032 0.10846702800763594
0 0.8157782148301977 0.876813968769859 0.0662839389258032 0.10850339067472703
0 0.8505339466316005 0.8709730487746313 0.05973355027685514 0.10374316534054487
0 0.8833266602344061 0.8588639474458585 0.06442105027685514 0.10379770934118149
0 0.91944463293651 0.8499162087841764 0.05963342072720579 0.10218066534054522
0 0.3149969648301979 0.8709868513685439 0.0631589389258032 0.10846702800763594
0 0.35292776140642523 0.8659635440404072 0.0629586798265045 0.10534202800763595
0 0.4565941795127375 0.8390657840547247 0.06618380937615384 0.10694089067472703
0 0.42276989203580867 0.8472595447167249 0.06422079117755648 0.10067270934118148
0 0.28044149212809383 0.8799527713637714 0.06502182757475108 0.11317270934118148
0 0.21239239897563905 0.8900902926877718 0.06315893892580311 0.10846702800763594
0 0.5955274691491346 0.7899390354073603 0.0631589389258032 0.10846702800763594
0 0.16491901680509607 0.7583857593491357 0.06774630937615385 0.1069590720082724
0 0.1979620542820248 0.7501829080203627 0.06023419802510181 0.11155566534054503
0 0.23428028608342757 0.7443601693586807 0.06814682757475107 0.11320907200827221
0 0.33925888031561646 0.7135743407065436 0.06774630937615385 0.1069590720082724
0 0.3740646768918438 0.7085146707113161 0.06345932757475108 0.11315452800763595