0 0.09794769581888035 0.86171875 0.054186693961362734 0.1234375
0 0.16784281885440966 0.86953125 0.050697820925833435 0.115625
0 0.2998569522290212 0.8859375 0.0505522717116218 0.1125
0 0.3422627760503387 0.890625 0.05055227171162171 0.1125
0 0.42863692369297385 0.9 0.05404114474715094 0.1203125
0 0.3078042311793532 0.72109375 0.052478644747151026 0.1203125
0 0.611821797142788 0.75703125 0.052478644747150936 0.1203125
0 0.7878406416422699 0.77890625 0.05589474317557439 0.1265625
0 0.9228706131062226 0.79296875 0.052478644747150936 0.1203125
0 0.0998525283266503 0.53359375 0.05276974317557444 0.1265625
0 0.14129516563020322 0.534375 0.05654971463952716 0.140625
0 0.4066312212545557 0.56171875 0.05484166542531543 0.1375
0 0.7565070967712844 0.609375 0.05589474317557439 0.1265625
0 0.7975323571103666 0.61796875 0.05247864474715112 0.1203125
0 0.8438444309316843 0.62265625 0.052988066996891806 0.13125
0 0.10954424379474699 0.37265625 0.05433224317557443 0.1265625
0 0.14860674379474698 0.37265625 0.05433224317557443 0.1265625
0 0.19491881761606455 0.37734375 0.05625861621110371 0.134375
0 0.6309505169541108 0.4296875 0.05240587014004525 0.11875
0 0.8091675622393811 0.4484375 0.05276974317557439 0.1265625
0 0.8972861463997809 0.46171875 0.05262419396136266 0.1234375
0 0.9793279929684321 0.4671875 0.041344014063135856 0.1265625
0 0.11919957195929073 0.2109375 0.05418669396136274 0.1234375
0 0.1615690084770554 0.21484375 0.054186693961362754 0.1234375
0 0.9838741939613627 0.30625 0.03225161207727467 0.11875
0 0.13219822394515207 0.05390625 0.05814644789030417 0.1078125
0 0.43272691687305753 0.08203125 0.05404114474715094 0.1203125
0 0.6517508986760925 0.1046875 0.05589474317557439 0.1265625
0 0.6949379724974101 0.109375 0.054186693961362664 0.1234375