0 0.0453125 0.15703125 0.0328125 0.10625
0 0.109375 0.14765625 0.0296875 0.1046875
0 0.1421875 0.1453125 0.0296875 0.1046875
0 0.17890625 0.13984375 0.034375 0.115625
0 0.2515625 0.1296875 0.03125 0.11875
0 0.28828125 0.1234375 0.0328125 0.1078125
0 0.32578125 0.1203125 0.0328125 0.121875
0 0.36484375 0.1125 0.0328125 0.1125
0 0.48515625 0.10234375 0.034375 0.1140625
0 0.5640625 0.10078125 0.034375 0.1234375
0 0.60703125 0.0984375 0.0390625 0.128125
0 0.73828125 0.09140625 0.03125 0.1265625
0 0.0234375 0.42890625 0.034375 0.1234375
0 0.16015625 0.41875 0.034375 0.125
0 0.35 0.40390625 0.0359375 0.121875
0 0.3125 0.40078125 0.0328125 0.1171875
0 0.39453125 0.403125 0.040625 0.121875
0 0.51640625 0.39921875 0.0390625 0.115625
0 0.65 0.3984375 0.0421875 0.128125
0 0.06875 0.7265625 0.034375 0.128125
0 0.14296875 0.71796875 0.0375 0.1328125
0 0.2171875 0.71484375 0.0359375 0.140625
0 0.25625 0.7265625 0.034375 0.128125
0 0.296875 0.72265625 0.0390625 0.14375
0 0.55625 0.72578125 0.0375 0.1328125
0 0.603125 0.734375 0.0390625 0.134375
0 0.69765625 0.72734375 0.0359375 0.1484375
0 0.74609375 0.7375 0.040625 0.140625
0 0.25234375 0.89453125 0.040625 0.1328125
0 0.42109375 0.89453125 0.0390625 0.14375
0 0.51328125 0.90078125 0.0359375 0.1609375
0 0.55625 0.90234375 0.0375 0.146875
0 0.60625 0.9046875 0.0390625 0.1421875
0 0.7 0.9078125 0.0390625 0.146875
0 0.7484375 0.915625 0.04375 0.146875
0 0.79609375 0.91953125 0.0390625 0.1421875
0 0.8484375 0.92421875 0.046875 0.1515625