0 0.01717192904593761 0.13351193676828346 0.029543336056041713 0.06110112646343309
0 0.05086182370694479 0.4060091054843902 0.08426720364722226 0.06298178903121969
0 0.03707012100965304 0.31701478317748727 0.06068423328250004 0.056595433645025485
0 0.055950020420312885 0.4567676295866911 0.09204333605604173 0.06146474082661779
0 0.06559843056454903 0.5020301326117532 0.10930357123840281 0.0646897347764936
0 0.1161660474901395 0.7275477621984443 0.11061149810013893 0.0537613251355733
0 0.14253048536979235 0.8195943616327103 0.10901263050895835 0.05218973477649351
0 0.13583035685760425 0.09531652429869268 0.12474673328250004 0.0569681383672898
0 0.14705945079743069 0.14135118696467516 0.13742857123840285 0.06485336123992673
0 0.15663512575930572 0.18348868998973727 0.13259560087368055 0.0585760901626879
0 0.16871820488149325 0.23264380747617994 0.13746493882958336 0.06641586123992678
0 0.21299880100552118 0.42303700331964966 0.1374649388295834 0.06641586123992678
0 0.20084298670097253 0.37075688583320704 0.11849673328250007 0.05693177693097127
0 0.28656881325770894 0.6968648678792262 0.12016833605604171 0.061628367290050966
0 0.32163675712128537 0.827147265518094 0.13270470364722228 0.06326359016268768
0 0.3436760644919799 0.867649545670519 0.12162173328249999 0.056949957649130314
0 0.3775081634657994 0.9784052384889268 0.12590918977951393 0.039789728726369586
0 0.34973312195958356 0.2886296661820239 0.11221036569131951 0.05533291549465282
0 0.4103290491056601 0.47502116325515764 0.14058993882958343 0.066434041958086
0 0.43936519851631994 0.6147149223303441 0.13270470364722228 0.06326359016268804
0 0.48668368882958346 0.0628024435057787 0.13433993882958326 0.0663976805217675
0 0.538631314588889 0.24690018755385035 0.13913654160312508 0.0711124515990063
0 0.5611622376509031 0.3420945128858153 0.14055357123840279 0.064871541958086
0 0.5498967761198961 0.2944973502198328 0.13259560087368066 0.058576090162687854
0 0.6517216877827436 0.7080235190341353 0.1326319684648613 0.060138590162688035
0 0.658067073138264 0.009246693211191103 0.15363414627652788 0.018493386422382206
0 0.7449560094023961 0.34962014569396027 0.13572060087368065 0.05859427088084708
0 0.7674869324644101 0.44481447102592525 0.12641833605604164 0.06166472872636941
0 0.7779347764042365 0.4908536788714475 0.1280172036472223 0.0632363190854491
0 0.789163870344063 0.5368883415374299 0.12638196846486113 0.06010222872636941
0 0.8611206443766667 0.07000030250621025 0.12638196846486133 0.06010222872636941
0 0.8732400910900349 0.12071791999265294 0.12805357123840294 0.06479881908544902
0 0.9070728432742363 0.26507190799060043 0.12805357123840294 0.06479881908544911
0 0.93114808254066 0.3594758929634857 0.12332970364722229 0.06320904800821019
0 0.9409198599917363 0.452367374911309 0.11816028001652726 0.060120409444528636
0 0.959725717799271 0.5897673809614332 0.08054856440145812 0.056795421544777014