0 0.0828125 0.08046875 0.0375 0.1265625
0 0.134375 0.084375 0.0421875 0.134375
0 0.08046875 0.26484375 0.0421875 0.1625
0 0.29140625 0.2484375 0.0375 0.15
0 0.39453125 0.240625 0.040625 0.1515625
0 0.4484375 0.2421875 0.040625 0.159375
0 0.49765625 0.23984375 0.04375 0.1609375
0 0.546875 0.23359375 0.04375 0.1609375
0 0.65 0.22578125 0.046875 0.1390625
0 0.02421875 0.4640625 0.04375 0.159375
0 0.18046875 0.45 0.04375 0.1546875
0 0.234375 0.4421875 0.040625 0.1484375
0 0.28984375 0.43984375 0.0421875 0.1671875
0 0.396875 0.43671875 0.0421875 0.15625
0 0.45234375 0.428125 0.0421875 0.15
0 0.50234375 0.42734375 0.0421875 0.159375
0 0.55625 0.421875 0.0421875 0.153125
0 0.6578125 0.41484375 0.04375 0.1625
0 0.7078125 0.40703125 0.04375 0.1515625
0 0.75859375 0.41328125 0.040625 0.1578125
0 0.80859375 0.4046875 0.0453125 0.153125
0 0.85546875 0.40234375 0.0375 0.146875
0 0.90546875 0.40234375 0.0375 0.153125
0 0.1203125 0.659375 0.046875 0.1671875
0 0.17734375 0.65703125 0.046875 0.1671875
0 0.290625 0.65078125 0.0453125 0.171875
0 0.396875 0.6421875 0.0453125 0.1765625
0 0.45078125 0.63203125 0.040625 0.171875
0 0.50234375 0.640625 0.046875 0.1734375
0 0.56171875 0.615625 0.04375 0.16875
0 0.06328125 0.87109375 0.046875 0.1796875
0 0.11875 0.86875 0.046875 0.16875
0 0.22890625 0.86953125 0.046875 0.1875
0 0.34140625 0.85703125 0.0453125 0.190625
0 0.45390625 0.8359375 0.0421875 0.18125
0 0.509375 0.83359375 0.046875 0.1765625
0 0.56328125 0.83125 0.0453125 0.1828125
0 0.6171875 0.82109375 0.046875 0.1796875
0 0.72109375 0.8140625 0.04375 0.165625
0 0.7765625 0.80390625 0.0421875 0.171875
0 0.828125 0.809375 0.04375 0.1734375
0 0.88125 0.80234375 0.0421875 0.1765625
0 0.92890625 0.79609375 0.046875 0.171875