0 0.09322408779523006 0.7349880783570271 0.07544693374194407 0.20189884328594587
0 0.8358393976917112 0.8963769710259252 0.11579853166842576 0.19901019262201594
0 0.33177130353490636 0.5311535094679698 0.11607193374194402 0.20213519262201593
0 0.16921605758740696 0.23663641588743634 0.1128102327051848 0.2005545119038567
0 0.3033367793593514 0.26868532572474846 0.12116953685222179 0.20684996369925476
0 0.6452597306789345 0.34407919370217044 0.10831822233759211 0.18491133118569741
0 0.8440287128184714 0.391384943996758 0.10831822233759221 0.18491133118569741
0 0.9630645109332404 0.4234202182954506 0.07387097813351921 0.18959883118569745
0 0.21799743576819433 0.0534426416869395 0.11724487153638867 0.106885283373879
0 0.612723466870972 0.09726782621572774 0.11286902130083298 0.1833761022629363
0 0.8783477583413422 0.1582542814289714 0.10777141819055522 0.1786613311856974