0 0.9400984179847776 0.05390503367862949 0.11980316403044497 0.05210006249917618
0 0.9434290064257906 0.103945943987055 0.11314198714841872 0.05514324188232517
0 0.9500437623572896 0.1579476513733812 0.09991247528542076 0.0502648271096728
0 0.9485396121670092 0.3148970807565302 0.10292077566598153 0.05199096834337489
0 0.9520293680985084 0.36962549106495574 0.0959412638029832 0.04878414772652384
0 0.948424207033813 0.42501242044810467 0.10315158593237399 0.053635288960225756
0 0.9511008794672147 0.478945943987055 0.09779824106557058 0.052018241882325
0 0.9481814679082279 0.5296590101396792 0.10363706418354432 0.056842109577076805
0 0.9452103182122389 0.6873215056754522 0.10957936357552214 0.05072847727182861
0 0.9501252878318969 0.7951476424449275 0.09974942433620626 0.05212733603812651
0 0.9573521739534577 0.8998896895228281 0.08529565209308458 0.050319374187573374
0 0.778247016805914 0.09321517531936863 0.16147601087441502 0.05434440097293467
0 0.7810337771860373 0.1424475620888438 0.15666117688202608 0.051137580356083664
0 0.7784791215585495 0.19470949147199276 0.15359984387822045 0.052645533278183
0 0.7799898834215475 0.25094585470251757 0.16635451186299816 0.05911372158978576
0 0.7736244782883512 0.3054833502382907 0.16609984387822047 0.052863721589785764
0 0.7918054284020819 0.46428165178041836 0.18829317885919253 0.06105805113509035
0 0.7916900232688857 0.5189282414719928 0.16141234387822045 0.05278190097293454
0 0.793854701139495 0.5720532414719928 0.15197367688202607 0.05105575973923262
0 0.7894350924697079 0.8467805060824893 0.16766234387822046 0.05289099512873605
0 0.7899736033441228 0.8983157325435389 0.18354201186299815 0.059413730518239304
0 0.7907641236100778 0.9870047167185216 0.18434050790866544 0.02599056656295673
0 0.5799859303420674 0.07492132264215064 0.1724771778706092 0.05609781574558705
0 0.578846536083286 0.18107586525582442 0.1815975098858317 0.050011456979289104
0 0.5794805474519924 0.23495484171687409 0.1881021778706092 0.056370551135090444
0 0.5843921764249156 0.45129290786949827 0.17885451186299797 0.05933190990138844
0 0.5914353552841081 0.5091872284863493 0.1878475098858317 0.050120551135090355
0 0.583539283649009 0.5644787004831721 0.1787271778706092 0.056206909901388435
0 0.5810801285158127 0.619084379866321 0.18197951186299816 0.059386456979289015
0 0.5745873893902276 0.6704968754020941 0.188038510874415 0.05480805113509035
0 0.5886936517475172 0.7292951769442217 0.17572951186299796 0.05927736282348768
0 0.589359496614321 0.7839554034052714 0.18979201186299796 0.05952282467404082
0 0.5790241744849303 0.8368622150936688 0.16609984387822047 0.05286372158978594
0 0.38204447334543534 0.27522746550070576 0.16778967787060922 0.05601599512873605
0 0.3850859017103362 0.3307098522701809 0.17910917984777566 0.06558190990138843
0 0.1638926981365644 0.15197337743398434 0.1740396778706093 0.05612508928453739
0 0.16771537650146529 0.20746940097293468 0.18159750988583173 0.050011456979289104
0 0.172287471368269 0.2621978112813602 0.1787271778706093 0.056206909901388435
0 0.17060956623507267 0.3168171274339843 0.17891817885919248 0.06089440990138843
0 0.16049707859236237 0.37519268912238163 0.18354201186299807 0.059413730518239394
0 0.17385392444774925 0.43475860389503396 0.18523184585538685 0.06256600405718978
0 0.16978053117755104 0.5455460994308071 0.18204317885919247 0.06094895697928919
0 0.17207254304054914 0.6017960994308071 0.17866351087441493 0.054644409901388434
0 0.16814638840164445 0.6587182552750057 0.18491351087441493 0.054753504057189775
0 0.16803098326844815 0.7133648449665803 0.1991670118629981 0.05968646590774292
0 0.1763859472223433 0.937569958197105 0.1851045118629981 0.05944100405718977
0 0.17585670661388347 0.9820602978886797 0.18526633794672148 0.02509327759614024