0 0.8855751305089583 0.0515625 0.11838763050895836 0.0515625
0 0.899421384593021 0.14296875 0.1199137629177777 0.05
0 0.915629572472674 0.23515625 0.11842399810013901 0.053125
0 0.9237700340036807 0.2828125 0.11838763050895836 0.0515625
0 0.934199694147917 0.328125 0.11370013050895836 0.0515625
0 0.9400327732701044 0.37734375 0.11529899810013902 0.053125
0 0.9452345921821355 0.421875 0.10953081563572908 0.0515625
0 0.9517852780197572 0.51640625 0.09642944396048563 0.0546875
0 0.9578177256830557 0.5625 0.0843645486338886 0.05
0 0.959907555755174 0.609375 0.08018488848965219 0.053125
0 0.964341135827292 0.6546875 0.07131772834541614 0.053125
0 0.9664855172861809 0.703125 0.0670289654276381 0.05
0 0.9677759135627086 0.7484375 0.06444817287458271 0.053125
0 0.973536257502535 0.84140625 0.05292748499492994 0.0546875
0 0.9771522199834726 0.884375 0.04569556003305486 0.05625
0 0.981603983851181 0.92265625 0.036792032297638146 0.0390625
0 0.7202774388295834 0.065625 0.1403717332825 0.05625
0 0.5534717985369791 0.08203125 0.14349673328249998 0.05625
0 0.7442617591180557 0.15625 0.1419342332825 0.05625
0 0.7776412228332642 0.3484375 0.13877286569131933 0.0546875
0 0.7850186181598614 0.396875 0.13245013050895835 0.0515625
0 0.7915602120996879 0.44296875 0.1465853656913195 0.0546875
0 0.7966120412218755 0.4921875 0.1498558360560418 0.0609375
0 0.5736589715989932 0.17734375 0.15606946846486114 0.059375
0 0.5832528303564585 0.2203125 0.15294446846486115 0.059375
0 0.5891404608654168 0.271875 0.14665810087368064 0.0578125
0 0.6233920935585768 0.46796875 0.14040810087368066 0.0578125
0 0.6253916578631254 0.5203125 0.14509560087368065 0.0578125
0 0.6365843842117713 0.56484375 0.14822060087368066 0.0578125
0 0.6439072281515978 0.6109375 0.1466217332825 0.05625
0 0.22089895393156272 0.26015625 0.14669446846486114 0.059375
0 0.23966909735829894 0.36171875 0.15000130642076392 0.0671875
0 0.24715559545843785 0.41484375 0.15614220364722228 0.0625
0 0.26514448888517406 0.51640625 0.1623922036472223 0.0625
0 0.26868836939413243 0.56796875 0.15134560087368057 0.0578125
0 0.2791907647207297 0.61640625 0.1625376740119445 0.06875
0 0.03165134992375007 0.084375 0.060611498100138925 0.053125
0 0.035849193863576496 0.13046875 0.06689786569131949 0.0546875
0 0.318748799674341 0.87265625 0.14044446846486114 0.059375
0 0.3269438125921188 0.92265625 0.1530172036472223 0.0625
0 0.3387366041952439 0.99296875 0.1534523083206249 0.0140625