0 0.1893226244127558 0.9948588552469271 0.04451400395433271 0.010282289506145759
0 0.7237679030816679 0.8855978266523771 0.05461319863085592 0.15353617688202625
0 0.5587331520930847 0.8835684585538688 0.052477695665106516 0.1394100098858317
0 0.5048587355911819 0.8805906971851624 0.05266869665368965 0.1440975098858317
0 0.2921040676064043 0.878181985702725 0.05228669467652329 0.1347225098858317
0 0.2404142336140155 0.8792059748283101 0.050915195665106515 0.1393463428896375
0 0.18813415061020994 0.875510630455798 0.05404019566510643 0.1394736768820259
0 0.9434596150583967 0.6793491211386199 0.05423119665368965 0.14416117688202626
0 0.6633264460850359 0.6788902288198239 0.05404019566510634 0.13947367688202625
0 0.18609544262499483 0.6758780449805345 0.05592103064607841 0.14734984387822045
0 0.08668569163641167 0.6765226907221906 0.05110619665368961 0.14403384288963733
0 0.6613195715979181 0.4784763933445603 0.05110619665368965 0.1440338428896375
0 0.716788321597918 0.4807365717094612 0.05423119665368965 0.14416117688202607
0 0.39277781863216854 0.48162000349722217 0.050915195665106515 0.13934634288963732
0 0.3405614026245573 0.4763621591247101 0.050915195665106425 0.13934634288963732
0 0.23581023562836295 0.47365897037968574 0.05592103064607841 0.1473498438782205
0 0.7700737835746468 0.2677073311010013 0.05735619665368965 0.1442885108744149
0 0.12807994315646748 0.27519761266130083 0.052732363649884026 0.1456600098858317
0 0.8244933226236822 0.0844610909868331 0.051013354752635465 0.10347250988583175
0 0.7680841551331963 0.086075329123835 0.05445668973360753 0.11141234387822052
0 0.5475488206465159 0.08256703266042581 0.04865235870696818 0.12209517589344296
0 0.38941798566554403 0.08394916604479227 0.05053319368794007 0.12997134288963735