0 0.964233086044717 0.7836102035625866 0.04344208279171582 0.07433214206513998
0 0.9600189188364328 0.7120537219784381 0.05432503571381488 0.07184417889684287
0 0.9502678177807724 0.6447220088101411 0.07633640340856687 0.08093075256024881
0 0.9540297918061903 0.5633355009176333 0.07148526217486477 0.07128273677523325
0 0.9505832378284307 0.4925147667026488 0.08077844155801372 0.06714126834526439
0 0.9307577073896216 0.42108708773521875 0.12326595048646709 0.0867859104104042
0 0.9288463798729115 0.35173784825856236 0.12005912986961605 0.08191639988706054
0 0.7932114740320082 0.834154777084818 0.1983477711033183 0.09584166297065302
0 0.9021686517870089 0.13632495086116347 0.1200591298696164 0.08191639988706054
0 0.8956107345787245 0.0649049771695227 0.11367276217486477 0.07373987884037314
0 0.7796086700542487 0.7639255770707007 0.22030459172016953 0.10180323663405896
0 0.7707479131543898 0.6902983612715677 0.22660913879807013 0.10529225768074628
0 0.749387156254531 0.6173991875658095 0.23751936525911965 0.10436679451244935
0 0.7405400361241473 0.5429907217666765 0.2375739123370204 0.10749179451244935
0 0.730938939532714 0.46706525859837955 0.2328864123370204 0.10721877872743377
0 0.7150605694023303 0.3930663164767698 0.22200345941492117 0.10970674189573071
0 0.7171236757329963 0.31958331384593386 0.23283186525911964 0.1040937787274336
0 0.7035208717552367 0.24935411383181644 0.22660913879807013 0.10529225768074628
0 0.5282353104771719 0.9018784163073607 0.22030459172016936 0.1018032366340588
0 0.5138921668078378 0.8293509689240791 0.22035913879807012 0.10492823663405879
0 0.49798652313850383 0.7569145268024695 0.23921823295387146 0.11227029977412109
0 0.4548810000032953 0.4542669399142968 0.22030459172016936 0.1018032366340588
0 0.44527990341186197 0.3783414767459997 0.2328864123370204 0.10721877872743368
0 0.38441986444834086 0.03431554486538506 0.23116027110331833 0.06863108973077012
0 0.6768704172082843 0.03957328579863366 0.21235572402541775 0.07914657159726732
0 0.6558272601462697 0.008110818684082716 0.2070954797074606 0.016221637368165433
0 0.2298835852339382 0.9590586686558478 0.25405230032431153 0.06786785239083955
0 0.21998247971405113 0.9003207054875508 0.23453073295387145 0.11199728398910551
0 0.20964104343104326 0.8220969949500896 0.25012845941492107 0.11134483660582398
0 0.15145203693492623 0.44462371330947137 0.2422886858759707 0.10932731029746474
0 0.13484696388244324 0.3675452738186976 0.25648755357072245 0.11795885765251146
0 0.12828004849923522 0.2915743080195647 0.25656009699847043 0.11198187343752694
0 0.12192381858825614 0.21781058432792394 0.24384763717651228 0.11750383134415214
0 0.11323065706201463 0.13945036589795504 0.22646131412402926 0.11484926820408994