0 0.2757330657615139 0.1046875 0.08108998758216437 0.1703125
0 0.5413101393989355 0.1328125 0.08160017061270253 0.1765625
0 0.8146997130363571 0.1609375 0.09225062818904775 0.1921875
0 0.9467149875821643 0.1703125 0.08654276212797143 0.1796875
0 0.06954606501260782 0.33515625 0.08874299091614427 0.1875
0 0.13607986077024237 0.33671875 0.08654276212797156 0.1796875
0 0.20344270395250139 0.3484375 0.08405549091614421 0.1875
0 0.4020395716805676 0.36953125 0.08718049091614422 0.1875
0 0.6033788021357303 0.3859375 0.08341776212797161 0.1796875
0 0.6675528724391719 0.396875 0.08341776212797161 0.1796875
0 0.8767683757731518 0.4140625 0.08160017061270253 0.1765625
0 0.1275960048802836 0.8453125 0.09107076546195145 0.196875
0 0.19145121078963903 0.85234375 0.08756312818904784 0.1921875
0 0.25843141669899444 0.859375 0.08443812818904792 0.1921875
0 0.32581023533544623 0.86171875 0.08743558243141329 0.190625
0 0.39279044124480167 0.86875 0.08861544515850968 0.1859375
0 0.5937310589728678 0.88984375 0.08392794515850958 0.1859375
0 0.9311193597314723 0.9171875 0.08226985030926101 0.165625