0 0.9476551707376434 0.20118139959809106 0.07704717887824372 0.04080814437666671
0 0.944270141904828 0.32547288478045217 0.07384029172311415 0.039172909194305564
0 0.9428404387163247 0.36767856857604253 0.07343085594746554 0.031360409194305564
0 0.9345731580744872 0.5403530023716328 0.07844590456798457 0.037719511967847376
0 0.9331434548859839 0.582558686167223 0.07688340456798422 0.03768314437666689
0 0.9311062420865422 0.6662069875539939 0.07227779172311415 0.039136541603125075
0 0.6976252725012373 0.061605180848889475 0.13009029172311415 0.04048214247680566
0 0.6994024564678636 0.10232109982684086 0.12696529172311416 0.04040940729444457
0 0.6948477532793603 0.14445404844007004 0.1300084045679842 0.03891964247680564
0 0.6964202193581623 0.18907621741802144 0.13831222749876276 0.04847648043270843
0 0.6902720386708964 0.2765398498268409 0.12688340456798422 0.03884690729444458
0 0.6919263919048282 0.3195995188047923 0.12696529172311416 0.040409407294444574
0 0.6934678804848675 0.4095887391695145 0.12696529172311416 0.040409407294444574
0 0.687350677296364 0.4516853201915631 0.12704717887824374 0.041971907294444576
0 0.6905265869527311 0.49556260676069497 0.13009029172311398 0.04048214247680555
0 0.6960871901866629 0.5387131947165977 0.13329717887824372 0.04211737765916688
0 0.6844382027382774 0.8505410474901396 0.14127345318850323 0.04542421561506984
0 0.6830903867049039 0.8911842312857298 0.13798467887824373 0.04222648043270851
0 0.5431424903890616 0.05409853932201434 0.13354284034363317 0.046804877659166785
0 0.5394907886708963 0.2730303772779171 0.13025406603337347 0.04360714247680573
0 0.5340320047496985 0.317488892095556 0.14110967887824372 0.04229921561506948
0 0.536508551561195 0.35978549486909767 0.13337906603337366 0.04367987765916679
0 0.5309269369073025 0.40658775968673655 0.14102779172311414 0.04073671561506949
0 0.5253951526474203 0.6763190314382296 0.13017217887824373 0.04204464247680555
0 0.5240063930364819 0.7177434652338199 0.1300084045679842 0.03891964247680555
0 0.5209832123492157 0.8052798328250006 0.13025406603337367 0.04360714247680582
0 0.5232550412728881 0.8514826855985422 0.13814845318850325 0.045351480432708514
0 0.3817103454320157 0.04486574363482671 0.13321529172311414 0.04055487765916678
0 0.37616967435568804 0.09088675845246559 0.1331334045679843 0.038992377659166785
0 0.3668135272509356 0.35896461122600726 0.13009029172311398 0.040482142476805726
0 0.35824967548734177 0.4925219936348267 0.1300084045679844 0.03891964247680555
0 0.3628542090698555 0.6733180519554518 0.12704717887824374 0.041971907294444576
0 0.36121978799352783 0.719429985751042 0.13025406603337358 0.04360714247680573
0 0.3565831976498947 0.763125434364271 0.1331334045679843 0.038992377659166876
0 0.3579918894184373 0.8108726033422226 0.12696529172311397 0.040409407294444574
0 0.20054223258714546 0.03908460305788212 0.14908595318850332 0.04560605357097234
0 0.20463218905500907 0.12522212480937517 0.14086401741285454 0.037611715615069576
0 0.2032024858665058 0.16742780860496548 0.13790279172311407 0.04066398043270843
0 0.19757992763504836 0.21501132342260432 0.14110967887824383 0.04229921561506957
0 0.1966858129811558 0.2619226910137849 0.14127345318850332 0.045424215615069576
0 0.19903952905995786 0.3065630437873266 0.13814845318850327 0.045351480432708424
0 0.1958116304848674 0.3980056613785071 0.1490859531885033 0.04560605357097236
0 0.19250184475464716 0.4910107789696877 0.13823034034363307 0.046913980432708516
0 0.1986799236783195 0.5373045507211808 0.14596095318850333 0.04553331838861112
0 0.19309830902442693 0.5841068155388196 0.14604284034363307 0.04709581838861112
0 0.18982946687177155 0.6763306831300001 0.14135534034363303 0.04698671561506949
0 0.045004883537085136 0.21053876291777782 0.09000976707417027 0.03982752583555564
0 0.04813984961588721 0.30129104948690977 0.09627969923177442 0.04320709897381949
0 0.046829655133811175 0.35050979948690975 0.09365931026762235 0.04164459897381949
0 0.04416167853955953 0.39500468189572924 0.08832335707911906 0.04625936379145843
0 0.03764500565420954 0.582486498100139 0.07529001130841909 0.043025261017916705
0 0.03944432242275211 0.6794887846692709 0.07888864484550422 0.046295731382639004
0 0.042903515095805825 0.7233478874428125 0.08580703019161165 0.04026393692972228
0 0.03661755455764199 0.7701137846692708 0.07323510911528398 0.041571863791458344
0 0.039665650441913274 0.8178791374428126 0.07933130088382655 0.04175370174736122