0 0.1296875 0.0796875 0.0421875 0.121875
0 0.2640625 0.07265625 0.0390625 0.11875
0 0.440625 0.0765625 0.0359375 0.125
0 0.484375 0.0765625 0.034375 0.115625
0 0.5265625 0.0796875 0.0375 0.121875
0 0.5734375 0.0765625 0.0390625 0.11875
0 0.834375 0.0765625 0.034375 0.115625
0 0.875 0.07265625 0.034375 0.121875
0 0.084375 0.2359375 0.034375 0.125
0 0.128125 0.23984375 0.0359375 0.11875
0 0.1703125 0.2328125 0.0375 0.128125
0 0.2125 0.2328125 0.034375 0.11875
0 0.259375 0.23984375 0.0390625 0.128125
0 0.346875 0.22890625 0.0328125 0.121875
0 0.39375 0.22890625 0.0421875 0.121875
0 0.4375 0.2359375 0.034375 0.125
0 0.4859375 0.2359375 0.0390625 0.1390625
0 0.528125 0.2359375 0.034375 0.121875
0 0.575 0.2359375 0.0359375 0.121875
0 0.25625 0.39609375 0.0390625 0.134375
0 0.303125 0.39921875 0.0375 0.128125
0 0.3484375 0.39921875 0.0390625 0.128125
0 0.440625 0.403125 0.0359375 0.1359375
0 0.4828125 0.39609375 0.040625 0.128125
0 0.6203125 0.39609375 0.0375 0.1328125
0 0.665625 0.39921875 0.0375 0.128125
0 0.7578125 0.39609375 0.0390625 0.121875
0 0.8015625 0.39921875 0.0375 0.13125
0 0.84375 0.39609375 0.0390625 0.128125
0 0.9359375 0.39921875 0.034375 0.128125
0 0.075 0.57265625 0.0390625 0.1390625
0 0.1171875 0.57265625 0.0359375 0.1421875
0 0.1609375 0.5765625 0.0390625 0.128125
0 0.209375 0.5765625 0.0359375 0.1421875
0 0.2984375 0.56953125 0.0390625 0.125
0 0.346875 0.56953125 0.0359375 0.1359375
0 0.39375 0.565625 0.040625 0.1359375
0 0.4390625 0.5625 0.0390625 0.1359375
0 0.5265625 0.57265625 0.0359375 0.1421875
0 0.6671875 0.565625 0.040625 0.1390625
0 0.896875 0.559375 0.0390625 0.1390625
0 0.9421875 0.559375 0.034375 0.125
0 0.2953125 0.74296875 0.040625 0.1390625
0 0.3921875 0.72890625 0.0390625 0.128125
0 0.4390625 0.7359375 0.0390625 0.1421875
0 0.4828125 0.7359375 0.0375 0.1328125
0 0.5765625 0.73984375 0.0421875 0.1328125
0 0.6734375 0.7359375 0.0421875 0.1390625
0 0.71875 0.73984375 0.0390625 0.1328125
0 0.8125 0.73984375 0.040625 0.153125
0 0.8578125 0.73984375 0.0375 0.1390625
0 0.9046875 0.746875 0.040625 0.153125
0 0.0625 0.9203125 0.034375 0.1359375
0 0.1546875 0.9234375 0.040625 0.15
0 0.4859375 0.9203125 0.0421875 0.15
0 0.53125 0.9234375 0.0390625 0.153125
0 0.721875 0.9203125 0.040625 0.153125
0 0.8171875 0.91640625 0.040625 0.1421875