0 0.9796252873808997 0.8852404555068929 0.031495439695149584 0.04437271287323483
0 0.9807201547691466 0.831388835828724 0.029942030054229463 0.04582595222957266
0 0.9818241125164728 0.7759747161505548 0.028370439695149942 0.044154191585911204
0 0.9798030702637994 0.7203420751850622 0.033067030054229465 0.046044473516896466
0 0.9731127087292851 0.6612566522885844 0.04717498184962743 0.05484031930985207
0 0.9792177838648584 0.5522640645414005 0.036255662567786826 0.05720049480421992
0 0.9787819675098838 0.4928344342195696 0.03624657220870695 0.055637994804219916
0 0.9755211330045366 0.38162378261041524 0.03934430113146803 0.05116901609154336
0 0.8195685104499283 0.9800550717432539 0.17685339149054763 0.039889856513492104
0 0.8202139259445813 0.880345869853396 0.17999657220870696 0.06568997402109958
0 0.8260144740509873 0.823697032106212 0.16748748184962742 0.06325338887180569
0 0.8263508173369332 0.7658845321062122 0.1721568011314681 0.060456170802790865
0 0.8332689587292851 0.6514778246808591 0.17061248184962743 0.06347191015912905
0 0.8393876694034776 0.5401414869336751 0.1533977107723885 0.05758254307885
0 0.8423950156162899 0.4262428778991678 0.1752636204133089 0.05754969209011431
0 0.39291056167959243 0.9725710816306112 0.19873748184962742 0.05485783673877762
0 0.4034077001450781 0.9199779083175438 0.1800147529268663 0.06881497402109957
0 0.40845426932872303 0.858586940248529 0.19877384328594588 0.07168860174504062
0 0.40643322707604945 0.8029542992830363 0.18622839149054773 0.06300201659574647
0 0.40711954918656057 0.6849855492830363 0.17373748184962742 0.06369043144645267
0 0.42398590408177556 0.3383672753978228 0.161246572208707 0.0643788462971587
0 0.4282466780858806 0.27770292700697713 0.17372839149054786 0.06212793144645259
0 0.42935518101274683 0.22150755732880797 0.17061248184962743 0.06347191015912915
0 0.4281562953759316 0.15889829668514627 0.18628293364502543 0.07237701659574647
0 0.42377786758463853 0.10544551475416106 0.1862102107723885 0.05987701659574647
0 0.026449769525114714 0.9616148431950655 0.050309072208707006 0.05662134059717552
0 0.031021438820891745 0.780583364482389 0.06204287764178349 0.06062042574646931
0 0.032927099876147316 0.6642317448042199 0.06585419975229463 0.06407320767745457
0 0.029972544108890147 0.5991148431950656 0.059945088217780294 0.05124542574646931
0 0.036781340751863074 0.5440831357697125 0.07356268150372615 0.05691627153942491
0 0.029936443112995238 0.47952896287323465 0.059872886225990476 0.05593292574646931
0 0.03792620511504778 0.4207002660915434 0.07585241023009556 0.060150532183086726
0 0.03357959358053345 0.3008412341605582 0.0671591871610669 0.05480746832111638
0 0.040006855582585994 0.23955952673520509 0.08001371116517199 0.05411905347041017
0 0.03627786758463854 0.1814738751260508 0.07255573516927707 0.059822750252101556
0 0.04347274404807166 0.12337179802252858 0.08694548809614332 0.05611859604505716