0 0.0404335486553187 0.19627624116628475 0.0808670973106374 0.058177482332569495
0 0.04733698197804646 0.35192682912218753 0.09467396395609293 0.05697865824437507
0 0.046991536640683014 0.40817682912218756 0.09398307328136603 0.05072865824437507
0 0.10497928186668795 0.9825767638677083 0.13948067067154524 0.03484647226458328
0 0.3004190512015061 0.9738213193385418 0.1553602093411815 0.05235736132291642
0 0.29551392254141484 0.9297842978713892 0.1819954346753633 0.06828114057694457
0 0.2828144752148691 0.8794751733463544 0.16006589067472693 0.0630844943004167
0 0.2708871872215506 0.8299654826169099 0.1601567973424541 0.0708969943004167
0 0.2730951245624139 0.7745331002080904 0.16170111600890866 0.06937086189159736
0 0.26828090257004994 0.7181558136389585 0.15694089067472689 0.06301175911805572
0 0.2595149772438223 0.6655938580918752 0.1584852093411815 0.061485626709236206
0 0.2363967452657758 0.5032932266329864 0.14912839067472689 0.06282992116215276
0 0.2267046666136388 0.3960074034947224 0.15545111600890865 0.06922539152687505
0 0.21080804129536537 0.2846698599917363 0.17109429734245413 0.07115156743868072
0 0.20594836596913776 0.2321988234226043 0.17109429734245413 0.07115156743868065
0 0.19329437197645563 0.17798344889756962 0.18368520401018137 0.07925500816812514
0 0.18821706799013682 0.07705672853284737 0.17734429734245416 0.07129703780340294
0 0.38888977733131824 0.023899280203958657 0.1940954453373635 0.03419708130638905
0 0.4758746792250504 0.8089483870615629 0.16633407200827227 0.064792464665139
0 0.4848582332113692 0.9099660264042366 0.15850339067472685 0.06304812670923639
0 0.705142913868597 0.9812107460096531 0.1645352146721816 0.03757850798069384
0 0.6936610685471418 0.8968523498268409 0.16798747867599956 0.07264133225631966
0 0.6927349152212324 0.8421284822356604 0.16940452800763595 0.06017769984750032
0 0.6760115865690954 0.7346790049370838 0.1412977093411815 0.06108558320625015
0 0.6608689392505038 0.625703395229688 0.15381589067472684 0.06293902393569457
0 0.655981991923958 0.5755761086605562 0.14912839067472686 0.06282992116215276
0 0.6558461792648214 0.5200891748649659 0.1662977093411815 0.06166746466513899
0 0.6078568586489553 0.14465211056041719 0.15072725334181775 0.06599128875333346
0 0.5772801153325909 0.01890657494121576 0.1454397693348181 0.014319685979791785
0 0.8299660266152296 0.39832654369041737 0.14909202800763593 0.05970492116215294
0 0.8484513025939124 0.5558305723757646 0.15846702800763596 0.059923126709236385
0 0.8580257499204583 0.6060669617184382 0.15377952800763595 0.05981402393569457
0 0.9474460699793191 0.17443706164218828 0.039607940006363404 0.04778418977951393
0 0.9295875026655 0.030232466752431335 0.04394999466899989 0.01820579255305559