0 0.22485909943426594 0.03601050033868427 0.1252818011314681 0.05498847241038014
0 0.21610626815037262 0.06290387098547064 0.11756929508134392 0.0717665366347314
0 0.19949548507108122 0.09720030585660824 0.11283634328594583 0.06370837516934214
0 0.1844290212736306 0.13470362788287557 0.1206761143631847 0.06880531094499087
0 0.11298022638867837 0.32633120590203674 0.11597043364502549 0.0654346494796016
0 0.08752116325515767 0.4039272614199607 0.12381020472226434 0.07053158525525038
0 0.0771240187395478 0.4448012449116174 0.12537270472226433 0.07061347241038014
0 0.06362460012163698 0.48160520409301444 0.12379202400410509 0.06740658525525038
0 0.3557454850710812 0.10538902136958343 0.12222043364502548 0.06576219810012064
0 0.3430318616327102 0.14145267412854542 0.12065793364502539 0.06568031094499087
0 0.31601938885826913 0.2174043424913396 0.12381020472226431 0.07053158525525038
0 0.30172508470173887 0.25651110809517186 0.13006929508134402 0.07242163387576941
0 0.2754938619272978 0.33250372003553097 0.13008747579950314 0.0755466338757694
0 0.2611859222321481 0.3739542356393632 0.12851588544042353 0.07390224672063965
0 0.22765982904439813 0.4948908553816384 0.13006929508134393 0.07242163387576941
0 0.21336552488786786 0.5339976209854707 0.12693520472226433 0.0706953595655099
0 0.19750417555179783 0.5738037494341731 0.1300874757995032 0.0755466338757694
0 0.5236915091733823 0.11809814054603174 0.1316136143631848 0.06937852103089916
0 0.5109778857350111 0.15416179330499374 0.12067611436318479 0.06880531094499087
0 0.49514380747618 0.18928042175369622 0.12695338544042373 0.07382035956550989
0 0.4808585936787293 0.22682468735752845 0.12851588544042353 0.07390224672063965
0 0.4650108798812787 0.26428706580623096 0.12693520472226433 0.0706953595655099
0 0.4569483950065892 0.3068463800305822 0.13008747579950325 0.0755466338757694
0 0.44344443120913857 0.34443158921197925 0.13163179508134384 0.07250352103089916
0 0.4229046722321481 0.3824295561952925 0.133194295081344 0.07258540818602892
0 0.417176846998379 0.4266742011523384 0.13006929508134402 0.07242163387576941
0 0.4083512928418488 0.4660675717991247 0.13319429508134384 0.07258540818602892
0 0.6623222171171003 0.19960484735257966 0.11597043364502539 0.06543464947960165
0 0.6511620033196497 0.23731288726667138 0.1316227047222643 0.07094102103089917
0 0.6178995305452086 0.31293700700894667 0.12381020472226431 0.07053158525525038
0 0.6082836360295987 0.3538519340781681 0.13163179508134384 0.07250352103089916
0 0.5820160518188391 0.4360945460185272 0.1269261143631848 0.0691328595655099
0 0.5445927989901689 0.5552639478729781 0.13008747579950325 0.0755466338757694
0 0.8248040363989411 0.2112461114860739 0.1222204336450254 0.06576219810012063
0 0.7993676991631193 0.28493591700399784 0.13792724687674215 0.0806435696514182
0 0.7681989915139888 0.40365161747896766 0.13163179508134384 0.07250352103089916
0 0.7109990489901689 0.5639849298942966 0.13632838544042372 0.07431168249628843
0 0.9478097443426592 0.2919339467413243 0.1019442950813442 0.07094766508343389
0 0.9436807805452088 0.3300104788534999 0.10976588544042372 0.07291960085908267
0 0.9371944312091387 0.3703079302329809 0.12228406615858275 0.07669969810012063
0 0.9353910366935286 0.41163229307785115 0.12538179508134384 0.07217597241038014
0 0.9122620880213888 0.4916949293284697 0.13476588544042373 0.07422979534115867
0 0.9026416483262389 0.5333911063976912 0.1441863372358217 0.08253361827193721
0 0.8906729134515494 0.5757457027342181 0.1457488372358217 0.08261550542706697
0 0.8373337691323313 0.7440962330373714 0.13478406615858277 0.07735479534115867
0 0.7021598592950191 0.605722050541083 0.12224770472226432 0.07044969810012063
0 0.6878564647794093 0.6463913161449153 0.13947156615858275 0.07760045680654777
0 0.6790036395456401 0.6904721867917015 0.1457670179539809 0.0857405054270668
0 0.6678161546709507 0.7328677267057933 0.13790906615858275 0.07751856965141819
0 0.6550843505144204 0.7720563794647554 0.14105224687674198 0.0808073439616777
0 0.6423207301011116 0.8167137822237173 0.1457488372358217 0.08261550542706679
0 0.6183832603517325 0.9014229748967709 0.1567045179539809 0.08631371551297526
0 0.6071957754770431 0.9438185148108627 0.1582670179539809 0.0863956026681052
0 0.5897673809614332 0.9714262395403213 0.1519988372358217 0.057147520919357576
0 0.5825815948570796 0.9929941627085845 0.16117384933607007 0.014011674582830836
0 0.816530389742032 0.8274067000206846 0.14414997579950323 0.07628361827193722
0 0.8037804048673424 0.8697203527796467 0.1441863372358217 0.08253361827193721
0 0.7941372392744936 0.9153227798488681 0.13790906615858275 0.07751856965141819
0 0.7678651098841944 0.9794644688481065 0.13323065651766247 0.04107106230378719
0 0.7505367093184603 0.9999645369734157 0.14395907825883114 0.00007092605316856293
0 0.49517808538910996 0.7206941960639558 0.1457488372358217 0.08261550542706679
0 0.4759190252806514 0.8072115502023987 0.14886474687674217 0.0812167797373263
0 0.4584906307650415 0.8477170414959716 0.1457488372358217 0.08261550542706715
0 0.4473031458903519 0.8901125814100631 0.14260565651766247 0.07932673111680728
0 0.4322185013747421 0.9307409034363305 0.13164997579950324 0.07562852103089916
0 0.41558499239775165 0.965996232473574 0.12851588544042353 0.06800753505285187
0 0.2739065525062102 0.8739918571906606 0.1441954275949012 0.08409611827193722
0 0.2627190676315208 0.9163873971047526 0.14260565651766244 0.07932673111680728
0 0.17123659134103825 0.6560463613745322 0.13636474687674208 0.08056168249628826
0 0.037280789620394925 0.6465784288782438 0.07456157924078985 0.06815685775648764
0 0.015846151154909262 0.7657854522839921 0.031692302309818524 0.07219590456798422
0 0.010250136127794613 0.806123847241038 0.020500272255589227 0.0653726944820761