0 0.9738435847023773 0.2812870730665237 0.05231283059524543 0.05725199400955017
0 0.9884078931919573 0.5334398501083657 0.02318421361608536 0.05859623920022692
0 0.9936372692549732 0.6615648501083656 0.012725461490053647 0.05859623920022692
0 0.9979420030441158 0.7263540364060349 0.004115993911768356 0.05379961179556503
0 0.826959178657788 0.5422766806857375 0.18740414727484317 0.06263395317271012
0 0.8632623089728678 0.8622345166205869 0.18714905575957416 0.05950895317271012
0 0.5858560754735894 0.48723454973769675 0.18376896424430528 0.05627482576804841
0 0.3150031177280662 0.016370272506595666 0.1781886439408634 0.03274054501319133
0 0.38441983185168516 0.8797395413849942 0.16514651000193972 0.057182561340078306
0 0.1054678474343228 0.2650495919252992 0.16332891848667058 0.054002997637747276
0 0.12345192819874617 0.4469717145206375 0.16332891848667058 0.054002997637747366
0 0.13593556593069173 0.5711086189671413 0.16957891848667064 0.054221252447070614