0 0.015350726585070095 0.92156899740211 0.03070145317014019 0.04313799480421991
0 0.022005247564113085 0.7837247899767569 0.04401049512822617 0.0455745799535137
0 0.029450108902235688 0.6412477128732347 0.058900217804471376 0.04499542574646931
0 0.03597281967462422 0.5479347554478816 0.07194563934924844 0.04586951089576328
0 0.04484609821632247 0.45327781930985206 0.08969219643264494 0.04852461733238052
0 0.04686889217791882 0.4073479602753447 0.08929884933607006 0.04685285668871888
0 0.15368950127654624 0.8540587053316662 0.14246021077238852 0.056817718573217844
0 0.1651769680008631 0.7602922798372982 0.1393352107723885 0.056599197285894395
0 0.1719860250842596 0.6646355724119453 0.14091589149054778 0.059833457929556036
0 0.20461775966436146 0.42932078528517986 0.14091589149054776 0.05983345792955621
0 0.22758360275391562 0.24335043429644418 0.1487102107723885 0.05725476114786483
0 0.22629835870584397 0.19558492365278243 0.1330670300542293 0.05303715471124746
0 0.3434974107210749 0.7391542432147361 0.13154089149054773 0.05917789406758587
0 0.3476763714934634 0.6925523948238904 0.1299602107723885 0.055943633423924055
0 0.36805302488786784 0.548605652869662 0.1299602107723885 0.055943633423924055
0 0.49747988701155743 0.9890972999517273 0.133076120413309 0.021805400096545212
0 0.5008821429634857 0.9580566985464021 0.139326120413309 0.055036697285894574
0 0.535376359393215 0.6712886720632986 0.139326120413309 0.055036697285894574
0 0.5583603832009284 0.48219332107456286 0.133076120413309 0.0545996547112475
0 0.5578700246914762 0.43213869075273204 0.133076120413309 0.0545996547112475
0 0.565950690284325 0.38659124397104067 0.133076120413309 0.0545996547112475
0 0.564669991415793 0.3380444833273789 0.1330852107723885 0.056162154711247504
0 0.5918557018935939 0.09844103394779757 0.13468407220870696 0.06252141535490922
0 0.8679105616795925 0.9892988497774041 0.14719316256778647 0.021402300445191712
0 0.8916758354873057 0.8220359791400049 0.15029998184962706 0.06205152179152655
0 0.8950871817983138 0.7730357504273284 0.15029089149054756 0.06048902179152656
0 0.8972041937021704 0.6778325110709902 0.14404089149054755 0.06005197921687966
0 0.9068700851927183 0.6284880749329607 0.15029089149054756 0.06048902179152656
0 0.9319847564429076 0.3418457345878867 0.13310339149054756 0.0592871547112475