0 0.3850102359375 0.814991715625 0.288627890625 0.8183516171875 0.3044239875 0.9254408328125001 0.4028526484375 0.929125084375 0.3850102359375 0.814991715625
0 0.3628895953125 0.6635638609375001 0.27441245625 0.671232065625 0.27788431875 0.7814901171875 0.3715964875 0.7866685890625 0.3628895953125 0.6635638609375001
0 0.34874543281250003 0.5300528718749999 0.24972833125 0.545684746875 0.264724846875 0.6541923578125 0.363764675 0.6470099828125 0.34874543281250003 0.5300528718749999
0 0.3460773078125 0.491353346875 0.322403959375 0.377041278125 0.22788406874999997 0.40753927812499996 0.2489857078125 0.512153153125 0.24961082031249998 0.5149196828125 0.3460773078125 0.491353346875
0 0.3219523265625 0.3356287625 0.3081509578125 0.21494085 0.2110470234375 0.2350545375 0.224702003125 0.34838870625 0.3219523265625 0.3356287625
0 0.2690777828125 0.0529719109375 0.17699978593750001 0.0946449671875 0.1889410640625 0.2066287984375 0.28290910937499997 0.170451 0.2690777828125 0.0529719109375
0 0.5400814375 0.8484405453124999 0.42337971406249997 0.8373949843749999 0.4419784265625 0.9562446859374999 0.4749832578125 0.9626852546875 0.5218957890625 0.9591304359375 0.5555538703125 0.9512707921875 0.5400814375 0.8484405453124999
0 0.5054096015625 0.643198915625 0.4898992953125 0.5131188671875 0.3767531984375 0.5262143296875 0.3916223296875 0.645409759375 0.5054096015625 0.643198915625
0 0.5297744515625 0.8169639828124999 0.5185582156249999 0.68473905625 0.3970653296875 0.677976309375 0.406807271875 0.803161715625 0.5297744515625 0.8169639828124999
0 0.3686222609375 0.4898537078125 0.476461996875 0.4654176453125 0.4645181765625 0.33551775625 0.3578656390625 0.3678771078125 0.3686222609375 0.4898537078125
0 0.4328369453125 0.16793729531249998 0.32605883593749996 0.21374392812499998 0.33614875624999996 0.3330931734375 0.4427206078125 0.29772186875 0.4328369453125 0.16793729531249998
0 0.389590128125 0 0.2954417234375 0.0460544796875 0.31194462343749996 0.17136536093750002 0.4218830953125 0.1253633390625 0.404861353125 0 0.389590128125 0
0 0.7553498609375 0.9046155640625001 0.746388021875 0.8599043390625001 0.598504425 0.8630226593750001 0.6142626375 0.9375614531249999 0.7553498609375 0.9046155640625001
0 0.710764759375 0.6730595359375 0.56626403125 0.6726391421875 0.588836996875 0.80475343125 0.7355420171875 0.8153151078124999 0.710764759375 0.6730595359375
0 0.706185578125 0.622061053125 0.683326684375 0.47228924531249994 0.5416079828125 0.4955655265625 0.56075535625 0.6340833859375 0.706185578125 0.622061053125
0 0.6574821046875 0.2675154203125 0.5173170515625001 0.3037801515625 0.5335117125 0.443089325 0.6783693265624999 0.418140346875 0.6574821046875 0.2675154203125
0 0.6336059109375001 0.0697403484375 0.491628159375 0.1331307453125 0.5084139125 0.2697587703125 0.6542937703125 0.2231605640625 0.6336059109375001 0.0697403484375
0 0.4758299828125 0 0.4863462140625 0.080992596875 0.63048081875 0.014287442187499999 0.6284149296875 0 0.4758299828125 0
0 0.7769503640625001 0.697751928125 0.8033712906250001 0.8557236343750001 0.93735656875 0.8621143890624999 0.98381845 0.8512648734375 0.9846826656250001 0.80175401875 0.9646089 0.6904504515625 0.7769503640625001 0.697751928125
0 0.9645994874999999 0.6647059984375 0.9390495265625001 0.48768212499999997 0.7497969546875 0.5110631156250001 0.77322250625 0.6669463312499999 0.9645994874999999 0.6647059984375
0 0.9129107734374999 0.2693196203125 0.7235528421875 0.3127520578125 0.7457762015625 0.46667182812499997 0.9339753453125 0.44424944999999993 0.9129107734374999 0.2693196203125
0 0.8727373015625 0.0489539421875 0.6882715109374999 0.1163756640625 0.713356615625 0.2734498796875 0.89964428125 0.22291213281250002 0.8727373015625 0.0489539421875
0 0.6731592203125001 0 0.6873883296875001 0.08817822343750001 0.68794341875 0.0874286671875 0.8622090890624999 0 0.6731592203125001 0