0 0.057509877319843694 0.6615754866640804 0.11501975463968739 0.058099026671839124
0 0.058033210892440436 0.3626118281793495 0.11606642178488087 0.05551616061076281
0 0.249196314080849 0.8280143322622354 0.16731647477225656 0.06195735030926066
0 0.2559572347694215 0.7682566949893319 0.16419147477225648 0.06170225879399176
0 0.25571418730915946 0.7082917636257836 0.1672619110699257 0.06039485030926066
0 0.25870526725355913 0.6449467407469663 0.1642460384745874 0.06326475879399177
0 0.26996274810108345 0.34488296786814915 0.15637897477225648 0.061064530005818976
0 0.2672668232361597 0.2882343551410527 0.1579960384745874 0.06275457576345352
0 0.47303806344787686 0.9320489016475932 0.17841766587924912 0.06753767061270252
0 0.4774279522852839 0.8732638330111415 0.17216766587924912 0.06702748758216437
0 0.48030990482502195 0.8130438101323243 0.1704414747722566 0.06221244182452983
0 0.4786134847694215 0.7500814245264105 0.16904266587924913 0.06677239606689529
0 0.4823560767795388 0.5090578117993141 0.15330853847458742 0.062371938490549894
0 0.48518346561694586 0.4504002889204969 0.15330853847458742 0.062371938490549894
0 0.48887395000784917 0.3893352431628624 0.15637897477225665 0.061064530005818976
0 0.49461057323615965 0.26967644740522784 0.1720585384745874 0.06390248758216437
0 0.6963937178943805 0.9161536083058547 0.17200397477225665 0.06233998758216437
0 0.6999477930294568 0.8589948125482202 0.15810516587924894 0.0658795757634536
0 0.7075172455691947 0.7983921523964994 0.16915179328391083 0.0698973960668953
0 0.700270229960098 0.7382199269423065 0.1581051658792491 0.0658795757634536
0 0.7162673184268362 0.2578149498211238 0.1579960384745874 0.06275457576345352
0 0.7190947072642434 0.19915742694230654 0.1563244110699257 0.059502030005819016
0 0.7256944260460502 0.07709110830585472 0.1626835384745874 0.06313721303635714
0 0.7294667559904499 0.02262545953319938 0.1626835384745874 0.04525091906639876
0 0.9040673525554365 0.7247002055709997 0.12663691106992586 0.05707866061076281
0 0.9092930550951743 0.6642888640557306 0.12345734736759476 0.055261069095493734
0 0.9127404920258158 0.5432588869345478 0.12663691106992586 0.05707866061076281
0 0.9163764127143882 0.48375634117691335 0.12825397477225664 0.05876870636839726
0 0.9184771152541262 0.4236000911769134 0.12976191106992588 0.05733375212603189
0 0.9256150365756708 0.24150506829809607 0.12825397477225664 0.05876870636839735