0 0.21391175872520174 0.9964486651028077 0.04640510643661733 0.0071026697943846525
0 0.41220179325407696 0.9901600962971587 0.046700037378866854 0.019679807405682582
0 0.8002427426336585 0.988219991915791 0.04433986188449888 0.023560016168417873
0 0.19496538074915937 0.9092325243894166 0.06528578243518827 0.1553866225281606
0 0.63903245500269 0.8780903291203346 0.05928715471124733 0.13630884059717552
0 0.10878259026819939 0.7329488938154842 0.06263067599857094 0.13965236188449878
0 0.15840017801538334 0.7309764844126597 0.06295845792955612 0.1443398618844988
0 0.698867004866804 0.6886943293724361 0.057506133423924057 0.1330745799535137
0 0.1693055549830195 0.5311621547112475 0.06317697921687966 0.14746486188449898
0 0.2204856427302034 0.5292990059520848 0.06263067599857094 0.13965236188449898
0 0.9478679615358525 0.4806515084731002 0.06106817599857095 0.13954310124083733
0 0.1335380277436113 0.34207787537815226 0.06473947921687961 0.14757412252816077
0 0.18471811549079523 0.34021472661898955 0.06506726114786483 0.1522616225281607
0 0.38911068454854575 0.32807463158233857 0.06419317599857095 0.13976162252816077
0 0.43950952229572965 0.326156852501345 0.06106817599857095 0.13954310124083733
0 0.04626263082603396 0.15016924480421992 0.060051979216879624 0.1472463405971755
0 0.2515457105274462 0.13964628008939978 0.06317697921687966 0.14746486188449898
0 0.5562824870105498 0.12830349656893072 0.06764595792955604 0.1446676438154842
0 0.698666728964778 0.11882422578581035 0.058270957929556035 0.14401207995351378
0 0.747885478964778 0.12226593606115502 0.058270957929556035 0.14401207995351378
0 0.7937607076774545 0.12236412504917618 0.05939641535490914 0.1378713405971755
0 0.8878549151028077 0.12272439399071115 0.05695983020561535 0.1252620799535138