0 0.03408340606017357 0.16421832488222216 0.06816681212034714 0.14324144354388876
0 0.4814844297115277 0.13293397087698983 0.05926851006798621 0.13460873732333326
0 0.5763611718277429 0.1263606336009248 0.06566398043270852 0.14140554147037024
0 0.6172225611704165 0.11975861055666548 0.05930487765916688 0.1361712373233332
0 0.7557583843086805 0.12091915230985965 0.057233231382639006 0.11415953628657398
0 0.18351513592420116 0.3221462764846293 0.057706010067986216 0.13447203628657398
0 0.4617862594993053 0.30656696050939725 0.06544577488562524 0.13203054147037027
0 0.5025567298640276 0.3038711874651379 0.056034407294444574 0.12964783524981466
0 0.013603985847951203 0.507109162441111 0.027207971695902406 0.12984332488222208
0 0.03912543702663152 0.5052240336946758 0.05599803970326399 0.12808533524981486
0 0.16765048052961765 0.4992460187089348 0.05454464247680564 0.13263613421305537
0 0.209274936076701 0.49349359618305505 0.054617377659166785 0.13576113421305536
0 0.3457215823532288 0.48351158638111047 0.055998039703264 0.12808533524981486
0 0.662273955928333 0.4712814458064802 0.05774237765916688 0.13603453628657397
0 0.8002831022048607 0.4614361370412947 0.056107142476805816 0.1327728352498148
0 0.3237523973233675 0.653814524458379 0.05436280452090285 0.12482363421305535
0 0.6403047708984717 0.6415843838837487 0.05926851006798621 0.13460873732333312
0 0.047204161856665976 0.8308097940622684 0.051128701747361206 0.11986273213953709
0 0.13016213222138823 0.8318049490105089 0.05105596656500007 0.11673773213953709
0 0.21477352156406182 0.8290305549955089 0.05439917211208343 0.12638613421305545
0 0.3040724109067354 0.8266662640907864 0.05741506933854179 0.12197203628657398
0 0.39110028543177017 0.8209719216309251 0.05283667211208343 0.12624943317629622
0 0.5690077330950688 0.8122687393031007 0.05926851006798621 0.13460873732333312
0 0.15581348281072835 0.9652237502828239 0.0550524823325695 0.0695524994343522
0 0.23947996799308946 0.9657896782753237 0.053635452697291794 0.06842064344935253
0 0.32708907076663113 0.9649298073045831 0.05385365824437507 0.07014038539083386
0 0.5501999156563881 0.957702004877731 0.06232077488562524 0.08459599024453794
0 0.637173238794652 0.95687630916618 0.059123039703263915 0.0862473816676399
0 0.6826493929549645 0.9553428491991891 0.059123039703263915 0.08931430160162179
0 0.727271561932916 0.9570027397505779 0.05429006933854179 0.08599452049884419
0 0.9075591271873951 0.9531101241050454 0.055743466564999976 0.09377975178990923