0 0.9434312462759464 0.8323948198167006 0.11313750744810705 0.061340156344514084
0 0.9336891421612531 0.7138448415681937 0.13262171567749376 0.05690722948277802
0 0.9273460198495951 0.6467664443417354 0.14530796030080992 0.0649379350298613
0 0.9212030277074778 0.5844846498888187 0.15759394458504444 0.0649379350298613
0 0.9200289986547018 0.5180602160932284 0.15994200269059639 0.06650043502986129
0 0.9001135858130297 0.33412162718739513 0.17144266046291676 0.06174019984750014
0 0.8850279332079957 0.24531370032565897 0.15894266046291677 0.061449259118055724
0 0.8697603440851973 0.1525995234639229 0.15879711124870505 0.05832425911805568
0 0.8458968509096227 0.02868085913871496 0.17456766046291677 0.05736171827742992
0 0.7980397411041507 0.8628486520730203 0.18437930810555195 0.07140614057694457
0 0.7950195949092576 0.7980049020730202 0.19666098428423417 0.06700958130638898
0 0.7694844398230243 0.6695532469627772 0.1843065334984459 0.06984364057694456
0 0.7302420415612166 0.4147209298084369 0.1843065334984459 0.06984364057694456
0 0.7226435572769823 0.3523300325819786 0.1889212588913402 0.0683902433504863
0 0.6967594917278325 0.16601132608496472 0.18089043507002245 0.06352090539458351
0 0.6939576693542568 0.1058550760849647 0.1747132096771285 0.06493793502986125
0 0.6818321968568469 0.005481054902152525 0.1574143937136938 0.01096210980430505
0 0.5840735944949728 0.953859431042708 0.18437930810555195 0.07140614057694457
0 0.5771835856036327 0.8898878500206593 0.18423375889134022 0.06828114057694457
0 0.517761312239381 0.43687260600458283 0.18089043507002261 0.06352090539458359
0 0.506965053348041 0.37299194396048574 0.18445208271265762 0.07296864057694456
0 0.46705056699689196 0.12052156060173572 0.18103598428423423 0.0666459053945835
0 0.4546918081055519 0.05667726614881906 0.1891395827126578 0.07307774335048627
0 0.3408843666208793 0.921196973880104 0.18401543507002263 0.06359364057694457
0 0.32852560772953915 0.8573526794271873 0.18437930810555186 0.07140614057694457
0 0.2672454278313123 0.33086356781993037 0.20483735731976357 0.07500391926229177
0 0.23936221463952717 0.13520622891409703 0.18892125889134012 0.0683902433504863
0 0.2316545684446341 0.0704715816876387 0.18416098428423433 0.06671864057694461
0 0.13928978742287823 0.9923673783247569 0.120821922249741 0.013737804520902942
0 0.13899653494167888 0.9524872607335763 0.1341609842842343 0.06555487765916652
0 0.12176833953257407 0.8848458190542013 0.11548375889134013 0.06668096656499997
0 0.11565958064123391 0.8208560542365625 0.11860875889134018 0.06675370174736131
0 0.10531708601791741 0.7499259583968749 0.11221320967712844 0.063483231382639
0 0.09728195409104798 0.6781600611704166 0.112431533498446 0.068170731382639
0 0.06846763357949928 0.41213567087781244 0.10098461124870502 0.05697865824437507
0 0.07322360008105326 0.3463288329219097 0.11690070967712844 0.06359233415618064
0 0.04113873035529288 0.07725217781166663 0.07805653349844602 0.06737064437666673