0 0.0671875 0.0796875 0.0375 0.125
0 0.278125 0.065625 0.0375 0.125
0 0.6265625 0.0625 0.034375 0.121875
0 0.3640625 0.22578125 0.0375 0.125
0 0.671875 0.21875 0.03125 0.1359375
0 0.9328125 0.22578125 0.0328125 0.125
0 0.103125 0.39921875 0.034375 0.125
0 0.1453125 0.3921875 0.0359375 0.125
0 0.1875 0.39609375 0.0375 0.125
0 0.31875 0.3921875 0.0375 0.125
0 0.3625 0.3890625 0.0328125 0.11875
0 0.4078125 0.3921875 0.034375 0.128125
0 0.5828125 0.38515625 0.0359375 0.125
0 0.628125 0.3921875 0.0375 0.1390625
0 0.809375 0.38203125 0.0375 0.1328125
0 0.0203125 0.559375 0.0375 0.1171875
0 0.275 0.55546875 0.03125 0.121875
0 0.1453125 0.72578125 0.0390625 0.1140625
0 0.31875 0.72578125 0.0359375 0.125
0 0.584375 0.721875 0.034375 0.1140625
0 0.6296875 0.71875 0.0328125 0.115625
0 0.6765625 0.721875 0.03125 0.1171875
0 0.0625 0.88203125 0.0375 0.125
0 0.14375 0.88515625 0.034375 0.121875
0 0.275 0.8890625 0.0328125 0.128125
0 0.31875 0.88515625 0.034375 0.125
0 0.40625 0.8890625 0.034375 0.128125