0 0.804546979873612 0.16368289373860961 0.06427494120271575 0.15705838317182247
0 0.706437028494131 0.15054947318792028 0.06427494120271575 0.15705838317182247
0 0.6519133028043905 0.14360035065975957 0.060822392582196724 0.15058986188449897
0 0.5512548835370852 0.13420928914357766 0.06254866689245624 0.15382412252816074
0 0.49911585142490955 0.12664280758090954 0.061313715512975264 0.15996486188449896
0 0.3980856179332529 0.10938461574289678 0.062221118271937124 0.14757412252816068
0 0.2968506665537719 0.09603267390488399 0.06879866689245624 0.15426116510280768
0 0.24627413444159627 0.0885754529858776 0.06057673111680746 0.14590236188449898
0 0.14647885232942065 0.07767652179152656 0.06016729534115868 0.13808986188449898
0 0.9375254969477822 0.3643052426336584 0.05399918249628825 0.13921531930985206
0 0.8891289405253472 0.3601369126801446 0.0604948439616777 0.14433986188449896
0 0.8393746019907364 0.35195307208296905 0.06394739258219673 0.1508083831718224
0 0.788675239145866 0.3468396011639627 0.06114994120271575 0.15683986188449905
0 0.6853831428093393 0.32785501836045733 0.06074050542706679 0.14902736188449897
0 0.6345200056542095 0.32586654744145094 0.06074050542706679 0.14902736188449897
0 0.5820943684990798 0.32376881587878276 0.06468437697836435 0.1648708831718224
0 0.5300372235420339 0.31463983431611464 0.06443871551297527 0.1601833831718224
0 0.42534972354203393 0.3073193711907784 0.06525758706427265 0.1758083831718224
0 0.2698367079382017 0.2823308068246049 0.061313715512975174 0.15996486188449896
0 0.21847892582602607 0.2748189555837676 0.06287621551297518 0.16007412252816075
0 0.16547675655872068 0.26876034369926866 0.06460248982323469 0.16330838317182242
0 0.11395520013628557 0.26437349245843145 0.06756371551297517 0.16040190445914587
0 0.9196818204443875 0.5551651894153496 0.05399918249628825 0.13921531930985206
0 0.7722679098835096 0.5252541782674849 0.06271244120271575 0.1569491225281606
0 0.7213228855732501 0.5248282073484785 0.06098616689245624 0.15371486188449895
0 0.6154004341937691 0.5111484835794805 0.05917800542706679 0.14891810124083732
0 0.5599316841937692 0.5072697307294889 0.060822392582196724 0.15058986188449897
0 0.4027742814348071 0.4837344057196537 0.06114994120271575 0.15683986188449914
0 0.35059430574506656 0.47694917415698557 0.061313715512975174 0.15996486188449896
0 0.24142402363289098 0.4653946791006641 0.06295810266810493 0.16163662252816077
0 0.03085829573764341 0.43808986188449894 0.06171659147528682 0.1569491225281608
0 0.004768307892773163 0.4345770957929556 0.009536615785546326 0.1597791915859112
0 0.8091969425615121 0.7332741278991677 0.061477489823234775 0.16308986188449898
0 0.7547551040269014 0.7247625053710071 0.06295810266810484 0.1616366225281606
0 0.7002313783371609 0.7178133828428463 0.06608310266810484 0.16185514381548421
0 0.6486279347595959 0.7149890316020091 0.06452060266810485 0.16174588317182242
0 0.5915966847595959 0.7110010181083558 0.06271244120271575 0.1569491225281606
0 0.5396214269576799 0.7003095365456875 0.06394739258219673 0.1508083831718224
0 0.3788034356641071 0.6718135599266981 0.06468437697836453 0.1648708831718224
0 0.324938129241672 0.6672628177203682 0.05958744120271566 0.15673060124083732
0 0.7897940880843849 0.9298336915474739 0.06279432835784551 0.14033261690505228
0 0.7360516123946443 0.9259958204443091 0.06287621551297526 0.1480083591113818
0 0.5727260967908121 0.9064938345682162 0.06295810266810484 0.16163662252816097