0 0.8683036767981758 0.9975948099266979 0.06478975334181776 0.004810380146604132
0 0.7651604954646303 0.9925359693295224 0.05857611600890866 0.014928061340955168
0 0.7136525394652666 0.995420668709104 0.058467028007635945 0.009158662581792144
0 0.6612269734643121 0.9865319877668544 0.06019316000954511 0.026936024466291286
0 0.6065940174649486 0.989362056824605 0.056959072008272216 0.021275886350790075
0 0.4401241327975395 0.9792470525496174 0.057031797342454026 0.04150589490076513
0 0.3281962974617668 0.965157419377795 0.05864884134309047 0.06968516124440996
0 0.2687213001272669 0.9555280062041863 0.06489884134309047 0.07635468639013113
0 0.08646278345794882 0.9232678912175942 0.05227157200827235 0.06454310124083733
0 0.940993552752996 0.7012207345878867 0.07396585335772628 0.18471348960843983
0 0.6743963987507688 0.6661855448435607 0.0754919906906352 0.18169775025210164
0 0.7253230994191324 0.6822365157625672 0.07073176535645356 0.1751199683211162
0 0.6118145827498143 0.6547838690970915 0.08176017202418073 0.18369729282674854
0 0.4412929974140417 0.6249057089379624 0.07852608402290802 0.17410377153942508
0 0.2558367554105419 0.5861770726640467 0.08653857869190791 0.1918375747577336
0 0.9890175940085906 0.2925448571160474 0.021964811982818945 0.19538890965492603
0 0.9149908426957258 0.27787071589845325 0.07890789202736244 0.206916271539425
0 0.8623561913589988 0.24921048433578513 0.07558289735836254 0.1895102502521015
0 0.8052976693586806 0.24287872084213183 0.08523061736154425 0.213603314114072
0 0.4445050726845901 0.16300664247810187 0.08037948535963509 0.19921303218308678
0 0.3809783746817266 0.1374878364098016 0.08194198535963518 0.1993222928267485
0 0.2480931493475448 0.12195068169855414 0.08056129869508961 0.21483803218308672
0 0.18151417667886308 0.10246335434293039 0.08490335335772614 0.18547831411407198