0 0.31424688931586553 0.11107692398810687 0.07467103064607841 0.14931673151356134
0 0.8621100918638731 0.30363354820209265 0.059653525703162555 0.12506018415851478
0 0.13898295106513286 0.22338575014117432 0.07291752965749528 0.1445382262518895
0 0.22752152764314784 0.25018419759504307 0.07604252965749528 0.1447202367752332
0 0.4373010928524563 0.32369947937683563 0.06634919467652338 0.1363617052052021
0 0.555767249962819 0.3620045742281032 0.06622186068413445 0.1332367052052021
0 0.6326825770351255 0.38714181114451074 0.06147069368794007 0.13140118942018653
0 0.09001491597043017 0.39224914220631424 0.07773236364988403 0.14793624203690497
0 0.34915781121779477 0.4784772556146077 0.06791169467652321 0.13645271046687402
0 0.509429466350991 0.5237002084007354 0.06446835969555131 0.12845819994353036
0 0.7043480355146322 0.5793755427992465 0.06147069368794007 0.13140118942018653
0 0.17260328699750693 0.6033315843985111 0.071800698630856 0.15538472099021766