0 0.4121348298281835 0.01756544044510401 0.088230340343633 0.03513088089020802
0 0.840484479873612 0.08733819937572845 0.08599945499752551 0.09251611474138895
0 0.9130621647447497 0.10203517259024228 0.0828744549975255 0.09244337955902786
0 0.9688651074178033 0.12414525551215197 0.052115777928304394 0.10109102773541671
0 0.41697290027257117 0.5006091041047218 0.10916471732199753 0.20697865824437506
0 0.7034216553609538 0.5735322321451383 0.11566037878738662 0.21181162860909736
0 0.7751771466545265 0.5890286391552424 0.11097287878738679 0.21170252583555574
0 0.06471328019161167 0.7007611065732637 0.11952236318355451 0.22594686379145834
0 0.1987264320460625 0.7343158761405555 0.12618179895920328 0.23390483415618063
0 0.6215354110151633 0.8555647885659022 0.12009557326946271 0.23688436379145833
0 0.7681271279984765 0.8724405511993396 0.12544481456303558 0.21984233415618065
0 0.02478760091688311 0.8861180315351387 0.04957520183376622 0.0610115416031249