0 0.5365206761647103 0.03096654730268323 0.17695864767057934 0.06193309460536646
0 0.3600898937138505 0.2503421612826387 0.16271244120271575 0.15492495202099904
0 0.07649390094993967 0.06001025198918232 0.1508055834462281 0.0767090453532718
0 0.15495425712454758 0.4549494873090466 0.16715427973732644 0.1502919960216353
0 0.7823654426730536 0.019355790619047648 0.16651911465389269 0.038711581238095295
0 0.7866014840574835 0.20165592922505046 0.1596693283578455 0.15645108935390814
0 0.3671610080290587 0.4282762572804115 0.16756371551297516 0.1581044960216353
0 0.3155530789236723 0.04239384862350199 0.1666762449116174 0.08157835868872626
0 0.7774334447092187 0.3914905885582777 0.16419305404758583 0.15338063335454458
0 0.5838914846233104 0.4046734832511401 0.14840427973732648 0.15007382001909003
0 0 0.5389448234375 0.0482229515625 0.5344183796875 0.020831379687500002 0.40167301718750004 0 0.40324055937500003 0 0.5389448234375
0 0.971956053125 0.313767253125 0.883499190625 0.317400646875 0.8787883296875 0.448772515625 0.9743229937500001 0.44876418281249997 0.971956053125 0.313767253125
0 0.9682276359375 0.10111951875 0.9305875484374999 0.1026816765625 0.9087559765625001 0.25771295625 0.9709992953125001 0.25919923125 0.9682276359375 0.10111951875
0 0.47890603125000003 0.14462713124999999 0.4990081671875 0.2910111328125 0.6486268734375 0.28683587187500004 0.6417774984375 0.1327012921875 0.47890603125000003 0.14462713124999999
0 0.0414623828125 0.1985144984375 0.0686145109375 0.346945371875 0.22415385781250002 0.33442583593749997 0.20776711093750003 0.18237994375 0.0414623828125 0.1985144984375