0 0.9166659774344577 0.19157532065658286 0.07673965940862715 0.1676056565176624
0 0.8655210145814763 0.17937075732667046 0.0767851235152495 0.16916815651766243
0 0.8108335145814763 0.17968891989445707 0.07812030298213628 0.16136474687674202
0 0.7603334094086268 0.16279231138500483 0.08165447994174038 0.17544542759490125
0 0.5975235208496825 0.1262331635497453 0.07508623119538153 0.1644715661585828
0 0.5481001823698805 0.11948825986075322 0.07196123119538136 0.16445338544042354
0 0.493625631037097 0.10027062724900002 0.07490437476889085 0.15822156615858277
0 0.4355176143440495 0.09045072053494589 0.07508623119538153 0.1644715661585828
0 0.3839323822907382 0.08996945238457328 0.07352373119538154 0.16446247579950318
0 0.9484257574553403 0.39689407973176916 0.08183633636823089 0.1816954275949012
0 0.8966814010288496 0.3909440615813965 0.08620558762187222 0.17078519867214012
0 0.8406898138026889 0.373298019328723 0.08009197994174003 0.17543633723582158
0 0.6756952996169239 0.34222125703208284 0.08822272868809904 0.18641928903121974
0 0.5651298726573197 0.32879962734719587 0.07995558762187223 0.17074883723582168
0 0.5144251790046682 0.3048717688377437 0.07352373119538154 0.16446247579950324
0 0.46164951999175263 0.2903325458669109 0.07338733887551356 0.15977497579950314
0 0.35103862892552595 0.27534841618202394 0.08183633636823107 0.18169542759490123
0 0.2920584340192331 0.26240805464750955 0.07246133636823107 0.18164088544042356
0 0.23872884553943105 0.2556858768562166 0.08335337226160835 0.1801420179539809
0 0.8966158341901529 0.8183605344540335 0.08009197994174037 0.1754363372358217
0 0.8385532816037282 0.8101031277399795 0.08348976458147632 0.184829517953981
0 0.7864452123242561 0.7916531095896067 0.08353522868809904 0.18639201795398108
0 0.7293003020576994 0.7880786576960128 0.08330790815498564 0.17857951795398072
0 0.6181438417120003 0.7543445280111258 0.08817726458147632 0.18485678903121966
0 0.5003425762725942 0.7339325549420972 0.08183633636823089 0.1816954275949012
0 0.44864368395272614 0.7295450367917246 0.08523412100796719 0.1910886083130606
0 0.38973168520636736 0.7189484252572103 0.09359219028743926 0.20988406010845856
0 0.2180552620076869 0.6730642743968887 0.08817726458147641 0.18485678903121966
0 0.16010636968781883 0.6687131176828344 0.0899216210079671 0.19111587939029934
0 0.10737617478152606 0.6557363947120016 0.0836261569013444 0.1895170179539809
0 0.0529243555020539 0.6373000121002483 0.07456940564770317 0.20039997579950325
0 0.6447160165600334 0.9425030581635511 0.07813702335696497 0.10824883723582132
0 0.5897784639736087 0.9342274707313376 0.0848871285298145 0.12547269867214011
0 0.5279460537070519 0.9306802899149826 0.08042694906292791 0.13325792759490157
0 0.47390341138718395 0.9263064073032293 0.07444973370266403 0.14259656615858277
0 0.23437189845506018 0.884723937062871 0.08552362602253201 0.14734769867214012
0 0.1793888817620128 0.8748858496306576 0.08083612602253205 0.14732042759490122
0 0.12275243685571997 0.8619318525575238 0.08731344655564542 0.15516928903121974