0 0.265625 0.0796875 0.03125 0.11875
0 0.30625 0.08359375 0.034375 0.1140625
0 0.4671875 0.09375 0.0328125 0.115625
0 0.50625 0.10078125 0.028125 0.1109375
0 0.5453125 0.10078125 0.034375 0.115625
0 0.5828125 0.10390625 0.028125 0.1109375
0 0.621875 0.10078125 0.03125 0.121875
0 0.696875 0.1109375 0.034375 0.11875
0 0.2640625 0.375 0.028125 0.121875
0 0.346875 0.38203125 0.034375 0.125
0 0.3875 0.38203125 0.0375 0.1328125
0 0.425 0.3890625 0.034375 0.128125
0 0.465625 0.3890625 0.03125 0.125
0 0.50625 0.3921875 0.0375 0.134375
0 0.5453125 0.39609375 0.0375 0.125
0 0.696875 0.39921875 0.0296875 0.121875
0 0.934375 0.39921875 0.0390625 0.121875
0 0.96875 0.40625 0.03125 0.1109375
0 0.3453125 0.53828125 0.0421875 0.1171875
0 0.5421875 0.54140625 0.0328125 0.1046875
0 0.58125 0.53828125 0.028125 0.1109375
0 0.9671875 0.559375 0.0296875 0.1109375
0 0.384375 0.690625 0.03125 0.125
0 0.425 0.6875 0.0328125 0.115625
0 0.5015625 0.690625 0.0328125 0.121875
0 0.540625 0.6875 0.03125 0.125
0 0.696875 0.69453125 0.0328125 0.1171875
0 0.8875 0.7015625 0.0296875 0.1109375
0 0.965625 0.7015625 0.0328125 0.11875
0 0.2984375 0.84375 0.03125 0.121875
0 0.3390625 0.83359375 0.0375 0.125
0 0.9640625 0.846875 0.0328125 0.1171875