0 0.8900335171188631 0.048018725586146574 0.045692034237726276 0.05566942496187503
0 0.8518523966685123 0.04869021960222294 0.047454793337024626 0.05883079255305559
0 0.8135210818936878 0.04701796361829928 0.04579216378737563 0.057231924961875034
0 0.7723651557678111 0.049960472452014536 0.04785531153562204 0.06508079255305559
0 0.5431783035160577 0.05242693654847268 0.04885660703211538 0.08070579255305561
0 0.763588537938354 0.1808104289490284 0.05095932757475108 0.11351829255305561
0 0.6489450470376527 0.18126241099725746 0.04547079117755644 0.10090918977951394
0 0.611214509560724 0.18896515501333383 0.05232156847545255 0.11042966014423614
0 0.2198676187523077 0.2173005220358335 0.0509593275747511 0.11351829255305557
0 0.02769990514950224 0.22530912452503477 0.033771827574751126 0.11311824905006948
0 0.9435239666851244 0.31059211397888964 0.050458679826504496 0.10570579255305557
0 0.9072557996585463 0.3167687255861466 0.04919656847545255 0.11035692496187507
0 0.8698559292081957 0.3174584033978132 0.047734198025101905 0.11188305737069451
0 0.7923817712809162 0.3257962738387854 0.050458679826504496 0.10570579255305557
0 0.7146072247046888 0.32944664427975756 0.050458679826504496 0.10570579255305557
0 0.6772073542543382 0.3301363220914242 0.048896179826504495 0.10566942496187508
0 0.6368827429032862 0.3338782647207297 0.050458679826504496 0.10570579255305557
0 0.5611212793004807 0.3445962527528824 0.05075906847545255 0.11039329255305556
0 0.32633526912144795 0.35707349648461834 0.05075906847545246 0.11039329255305556
0 0.12768701804171378 0.37351219481350706 0.048896179826504495 0.10566942496187508
0 0.08736240669066173 0.37725413744281255 0.049196568475452465 0.11035692496187507
0 0.04600622146548639 0.3770716462765278 0.05095932757475111 0.11351829255305557
0 0.9722170704780373 0.4540154588686466 0.048896179826504495 0.10566942496187508
0 0.9334549591269852 0.45779376908913266 0.05075906847545255 0.11039329255305556
0 0.8946928477759333 0.46157207930961874 0.050458679826504496 0.10570579255305575
0 0.8582744864248811 0.46540494091687573 0.050458679826504496 0.10570579255305557
0 0.8172186898486539 0.46990994975059086 0.050458679826504496 0.10570579255305575
0 0.6257518830933936 0.4888560522397921 0.05115958667404978 0.11664329255305557
0 0.5493896421926923 0.49019904027194483 0.048896179826504495 0.10566942496187508
0 0.8459618584163913 0.614114544640348 0.047634068475452554 0.11032055737069442
0 0.6520011073366572 0.6306623457427782 0.05075906847545255 0.11039329255305556
0 0.6914944039128846 0.6261209693178825 0.05232156847545255 0.11042966014423605
0 0.4990460880583257 0.6419238880114934 0.05232156847545255 0.11042966014423605
0 0.4602839767072737 0.6457021982319795 0.05075906847545255 0.11039329255305556
0 0.4215218653562217 0.6494805084524656 0.05095932757475108 0.11351829255305557
0 0.3422348835548189 0.6538757613022572 0.05202117982650449 0.10574216014423606
0 0.26183598472683817 0.6652658965608682 0.04939682757475108 0.11348192496187508
0 0.18201807679955878 0.6735492156150695 0.05408432757475108 0.11359102773541671
0 0.14071195634920808 0.6741479744487848 0.05095932757475112 0.11351829255305557
0 0.07095016887227935 0.6811051828456597 0.03659643892580315 0.10850348423243047
0 0.9995527236249547 0.7462036120790285 0.0008945527500905826 0.11039329255305574
0 0.9491543144610576 0.7514710339067715 0.048896179826504495 0.10566942496187508
0 0.7966999429309729 0.7705450761754868 0.048896179826504495 0.10566942496187508
0 0.6040013032022907 0.7824417448690977 0.048896179826504495 0.10566942496187508
0 0.5636766918512386 0.7861836874984032 0.05075906847545255 0.11039329255305574
0 0.32989197716869906 0.8142859312301391 0.05095932757475108 0.11351829255305539
0 0.9941526272332976 0.8957308333936813 0.011694745533404927 0.11351829255305575
0 0.7089565183462556 0.9229596017267019 0.04939682757475108 0.11348192496187508
0 0.6691628331210803 0.9228134781515976 0.04939682757475108 0.11348192496187508
0 0.5531768877168721 0.938835908813056 0.05095932757475126 0.11351829255305575
0 0.4342964797895926 0.9462100380877434 0.050458679826504496 0.10570579255305575
0 0.15444829348468317 0.9601932708015625 0.050519236581764694 0.0796134583968751
0 0.19326046961055984 0.9567597994869097 0.04789488433001132 0.08648040102618068