0 0.0921875 0.14921875 0.034375 0.1078125
0 0.2515625 0.159375 0.03125 0.1046875
0 0.290625 0.16328125 0.03125 0.1015625
0 0.484375 0.1703125 0.03125 0.1046875
0 0.521875 0.1703125 0.0296875 0.1015625
0 0.5609375 0.1703125 0.028125 0.1078125
0 0.7171875 0.1703125 0.03125 0.115625
0 0.290625 0.30234375 0.028125 0.09375
0 0.4828125 0.309375 0.028125 0.096875
0 0.521875 0.3125 0.028125 0.09375
0 0.6390625 0.315625 0.0328125 0.096875
0 0.084375 0.44453125 0.03125 0.1078125
0 0.2078125 0.44765625 0.0296875 0.1046875
0 0.4453125 0.4546875 0.03125 0.1015625
0 0.559375 0.46171875 0.0328125 0.1078125
0 0.6765625 0.46171875 0.03125 0.1078125
0 0.715625 0.46171875 0.0328125 0.1078125
0 0.1234375 0.59375 0.0328125 0.115625
0 0.2453125 0.596875 0.0359375 0.1078125
0 0.6375 0.6078125 0.0328125 0.1046875
0 0.75625 0.6109375 0.0328125 0.1140625
0 0.8375 0.6109375 0.0328125 0.1078125
0 0.796875 0.6109375 0.03125 0.1140625
0 0.953125 0.61484375 0.0328125 0.1140625
0 0.0359375 0.73984375 0.034375 0.121875
0 0.1625 0.73984375 0.0359375 0.1140625
0 0.325 0.73984375 0.0328125 0.1078125
0 0.403125 0.746875 0.03125 0.115625
0 0.5375 0.746875 0.0359375 0.1109375
0 0.6359375 0.75 0.0296875 0.1046875
0 0.6765625 0.75 0.034375 0.1109375
0 0.7984375 0.75703125 0.0390625 0.1140625
0 0.4015625 0.8921875 0.0359375 0.1078125
0 0.440625 0.8921875 0.0328125 0.1046875
0 0.51875 0.89609375 0.034375 0.1078125
0 0.6390625 0.89921875 0.0390625 0.1078125
0 0.7171875 0.89921875 0.0375 0.096875