0 0.26669467633659416 0.01323186057809925 0.08223564732681173 0.0264637211561985
0 0.628201323733993 0.024379157669025445 0.07982327886860788 0.04875831533805089
0 0.845320934299689 0.037936615965073014 0.08009629465362345 0.07587323193014603
0 0.9728621053746114 0.04333895475995164 0.04553928413027961 0.08667790951990328
0 0.0807964317394403 0.1618828481305446 0.10291071032569962 0.21780465186945536
0 0.14766541332358885 0.16226043381353455 0.1065817418957307 0.22741645020978143
0 0.21302510281436254 0.17519721908160607 0.11134483660582399 0.25577824855010745
0 0.28003829756680815 0.18645310517951452 0.11355978398910552 0.24039004689043356
0 0.5095591975950431 0.19861752799538696 0.11603233660582397 0.2561334460605965
0 0.5807061555016683 0.2056711661678879 0.11577473137238706 0.22500184523075956
0 0.7306760634224109 0.22153019666207455 0.11448524715740263 0.22957094606059653
0 0.8791744766048254 0.23594512632642423 0.11521328925077726 0.24207094606059654
0 0.9412726582030914 0.25146245993482175 0.09233723137238706 0.2232258576783142
0 0.14024994254513268 0.44983128879255646 0.11392380503579291 0.2466400468904336
0 0.28635910309671125 0.4652050672121506 0.11245231029746475 0.24808414772027051
0 0.3619205452183209 0.4765910078741625 0.11070779977412108 0.24484074855010754
0 0.43614700049411015 0.48418909770633733 0.11355978398910552 0.24039004689043358
0 0.5097364189381965 0.5027246875385123 0.11952135765251129 0.26262024440092263
0 0.884729442686307 0.5412003887739789 0.11227029977412109 0.24495914772027055
0 0.9413434637329944 0.53068801864811 0.059797747157402624 0.22542697510489074
0 0.022605958188973884 0.7266091215757614 0.04521191637794777 0.22803175684847724
0 0.06297699807503576 0.7349176064289142 0.11980978398910551 0.24086364357108572
0 0.13950170071998913 0.7431193475058446 0.11879331555913661 0.2501202444009227
0 0.2172171770424658 0.7442306389976935 0.12264635765251145 0.26285704274124877
0 0.2889255770707007 0.7683533780000313 0.11566831555913666 0.24988344606059662
0 0.36287901656147437 0.7806389678322062 0.12439086817585512 0.2661004419114116
0 0.6763275955571393 0.8074443858741939 0.12475488922254244 0.2723504419114118
0 0.8296045140012257 0.8199416180280543 0.12257076294241794 0.23485044191141152