0 0.024795030642842563 0.8568269069744907 0.049590061285685126 0.13359304147037027
0 0.060156563987108225 0.8621692263900929 0.06996243145709162 0.13359304147037027
0 0.10119879294042082 0.8647966489159724 0.06692843671876347 0.13488213939685173
0 0.14582875347788196 0.872551068849954 0.07290542093374794 0.13074144354388864
0 0.3167104008752809 0.8879143542880563 0.07161593671876343 0.1352922425071295
0 0.3989845745810391 0.903257098821436 0.06445588410204497 0.1191204383600926
0 0.4442060693193673 0.9008552687554175 0.07364887357870131 0.11681564458064812
0 0.4874555403801721 0.9056213897261586 0.06327281570031093 0.0988079383600926
0 0.5731655272259925 0.9020090827043994 0.0721927893919517 0.09181564458064813
0 0.6203667509176333 0.9056522010832421 0.06659523677523324 0.07578054147037036
0 0.6633810035484691 0.9011116725723625 0.06512374203690499 0.07720634043361088
0 0.7044232325017818 0.9037390950982422 0.06283319994353036 0.06456963939685174
0 0.019670673988106867 0.7029302188972223 0.039341347976213734 0.14113213939685174
0 0.04508384278512905 0.7072568424598613 0.07041745776545086 0.14140554147037018
0 0.08920556910760573 0.7103921129122225 0.06867294724210718 0.13814384043361105
0 0.12933004016841057 0.7154316359564818 0.0679294945971538 0.15206963939685175
0 0.22097921387416877 0.7299541742693061 0.067201452503779 0.13956963939685174
0 0.2641831823041377 0.7355015452400469 0.071888952503779 0.1399797425071295
0 0.4336010402389977 0.7626519311965287 0.06765647881213824 0.14738213939685174
0 0.5233159876222793 0.7703482710644918 0.07390647881213823 0.14792894354388864
0 0.5687727007905763 0.7772530904800938 0.07555998407381015 0.14962814458064813
0 0.6566521323888422 0.7897736313848162 0.06518392619541977 0.1316204383600926
0 0.01594570548755079 0.5364651803015741 0.03189141097510158 0.13956963939685174
0 0.035244653153180976 0.542559355419352 0.06518392619541978 0.13162043836009243
0 0.07816790052234505 0.5395813269084725 0.07023544724210717 0.13828054147037036
0 0.12353360842897025 0.5480486463240745 0.07390647881213827 0.14792894354388864
0 0.30099147951801 0.5706092770967599 0.07363346302712266 0.14324144354388882
0 0.38795315322376817 0.5855419185198618 0.07005343671876343 0.13515554147037037
0 0.43106611639206516 0.5926517894906027 0.07390647881213823 0.14792894354388864
0 0.47665933745287 0.5972128589062047 0.07555998407380997 0.14962814458064813
0 0.5231703164061827 0.599361827803427 0.07399748407380997 0.14949144354388882
0 0.6571057006494019 0.6218438376053717 0.07886699459715381 0.15302654665416657
0 0.7948486243551601 0.6323336953337979 0.08226501038216938 0.15798744872768503
0 0.031107244879502487 0.3676372678604631 0.062214489759004975 0.14921804147037018
0 0.07213625035293585 0.36289168779444464 0.0790490051204975 0.15615154665416658
0 0.24881287144197556 0.3855206690855098 0.08115753669052861 0.1656632476909258
0 0.3386265293627182 0.40486740843509333 0.07583299985882572 0.1543156445806481
0 0.3843562583160308 0.4070847278506952 0.07078147881213823 0.1476555414703702
0 0.4302757030684764 0.4193899467479175 0.07207096302712265 0.1431047425071295
0 0.6549347978491568 0.44559369589944575 0.07555998407380997 0.14962814458064794
0 0.7066870136482898 0.45117046116801063 0.0779415314288567 0.16382734561740725
0 0.10522030809015184 0.1952161722430558 0.07096348933548197 0.1507805414703703
0 0.15016878704346445 0.19750184217703734 0.0792310156438412 0.15927654665416652
0 0.33295890023999636 0.2219277693210655 0.07601501038216937 0.15744064458064796
0 0.4741985502682312 0.23910712445759358 0.08290204721387226 0.16892494872768504
0 0.5667654818664972 0.2512175622520382 0.08097552616718495 0.16253824769092579
0 0.6136936897731224 0.25954818063088086 0.07601501038216937 0.15744064458064796
0 0.23156154216396194 0.0529698836474076 0.0775019156720761 0.1059397672948152
0 0.4232107158697202 0.06327859462752353 0.07923101564384116 0.12655718925504705
0 0.4715117079772124 0.06698492829856524 0.07876057878390341 0.13396985659713048
0 0.5662403790521346 0.07151182245497736 0.08428253669052861 0.14302364490995473
0 0.6131685869587599 0.07649255690358851 0.08602704721387226 0.15298511380717703
0 0.7089970264495336 0.08426167398648213 0.08206758930724707 0.16852334797296425
0 0.7569339975103384 0.08455490843509329 0.08473756299888784 0.16910981687018659
0 0.9736440843985111 0.11146624632328894 0.03924305247554401 0.16665981969842586