0 0.9340971037365626 0.8860820467316639 0.07254961179556503 0.06447156615858277
0 0.9277776710670906 0.7985275045771862 0.09239088584218216 0.0958306504675381
0 0.8703868779528159 0.20432298662320533 0.14017362141421189 0.07736245159900638
0 0.8523313371159759 0.0948207215960907 0.13214286660488844 0.07106699980360827
0 0.6395064441022175 0.035758297222643266 0.19286211179556503 0.06517152380771336
0 0.6983357739617991 0.2978724778426066 0.17169643992586608 0.0853567587805987
0 0.7108680010963083 0.4089054266129426 0.17331350362819703 0.0869283491396784
0 0.732802510081983 0.5192116675377563 0.17950893992586625 0.08540221057599684
0 0.7300024030957413 0.5770196223582165 0.17476687622353532 0.08381243949875809
0 0.7567062576349123 0.6850093843602691 0.17169643992586608 0.0853567587805987
0 0.7724180484717523 0.7944980138487642 0.1716418762235353 0.0837942587805987
0 0.7737424462948341 0.8460786945669234 0.17654763103285873 0.09007152985783762
0 0.7822146560061481 0.9391156222600205 0.17211310217691816 0.05255334913967857
0 0.5626710262392338 0.7815566105525557 0.18290675843752063 0.09323289129415606
0 0.5315177738769811 0.6219679871141847 0.17482143992586624 0.08537493949875792
0 0.5151611422959681 0.5085685624461497 0.19373513103285872 0.09017152380771343
0 0.4972147288637897 0.395941297419035 0.18425100362819719 0.08699198165323559
0 0.4759796243246188 0.28798335167376116 0.17660219473518968 0.09163402985783761
0 0.4685689176085296 0.23167880951928338 0.17347719473518955 0.09161584913967838
0 0.27865570182194777 0.3891998971478885 0.1746577488188736 0.08068743949875792
0 0.3025321675237116 0.5557788639704013 0.18112600362819703 0.08697380093507653
0 0.3322022762392338 0.7802157825883121 0.18425100362819702 0.08699198165323559
0 0.33743292406231556 0.8318191892041703 0.2144841406515056 0.10278969847574829
0 0.1494021560061482 0.9354340268327755 0.19551588584218224 0.09643061416679295
0 0.12310009475088808 0.7711851744716434 0.1841964399258662 0.08542948165323558
0 0.11577123358829515 0.7125368823171656 0.1827976310328588 0.09010789129415606
0 0.08488339837123593 0.551326671544777 0.16976679674247186 0.08702834308955402
0 0.08073410091097388 0.43175906010845855 0.16146820182194777 0.08851812021691718