0 0.9745347332340455 0.7933284764676403 0.05093053353190911 0.15736821509696383
0 0.9229628677786117 0.8029722577172282 0.06635496466513899 0.16671594155801372
0 0.28922560704503547 0.9086038380700167 0.06926175911805572 0.1573954886359143
0 0.06976317296510477 0.7139164496756885 0.06937086189159736 0.1620829886359143
0 0.13531543778274363 0.7096459610397742 0.059850391526875144 0.15566934740221222
0 0.19060234982684085 0.7008652504070371 0.06926175911805572 0.1573954886359143
0 0.30973355632385474 0.6815913246773361 0.067590156344514 0.15268071509696385
0 0.42732044661645885 0.6631259224865854 0.06769925911805572 0.15736821509696383
0 0.48338860866055616 0.6543315750843732 0.06769925911805572 0.15736821509696383
0 0.7176356688810422 0.611164407472347 0.0630844943004167 0.16041139448011296
0 0.7715055512898615 0.6086609703785604 0.07093336189159735 0.16211026217486477
0 0.8305532429692366 0.5935620758984473 0.07093336189159735 0.1621102621748646
0 0.9473588832618407 0.5751103104771719 0.06937086189159736 0.1620829886359143
0 0.33231249866881984 0.44281915097623 0.06958906743868072 0.1714579886359143
0 0.10939775626826409 0.2341238096598024 0.07104246466513904 0.16679776217486458
0 0.3469880220358335 0.20027709496987556 0.061412891526875145 0.1556966209411626
0 0.4653561623284377 0.1817980560096497 0.071042464665139 0.16679776217486458
0 0.5246947947372571 0.1791991615295368 0.0680629350298613 0.17299321509696391
0 0.6421180308695488 0.1537025093387861 0.06635496466513899 0.1667159415580136
0 0.7006754132783681 0.15111725162814837 0.07118793502986129 0.17304776217486464
0 0.7581424211621529 0.1352643806869858 0.071042464665139 0.16679776217486464
0 0.8157730832062502 0.12644275974582322 0.07118793502986129 0.1730477621748646