0 0.8882161975919857 0.8563181439907112 0.14587610226293607 0.10703623986054148
0 0.901865086253863 0.7862077397836668 0.145857921544777 0.10391123986054147
0 0.9202060200952802 0.7172063675076077 0.13494769262201595 0.10783391535490913
0 0.9597345900644921 0.5006251548864744 0.08053081987101578 0.08860331411407199
0 0.9673289214465811 0.42460895810478316 0.06534215710683781 0.08438570767745471
0 0.9725840480082102 0.3562413703575992 0.05483190398357962 0.0929958831718225
0 0.9785840631335206 0.2715221629322461 0.04283187373295867 0.09368429802252862
0 0.9838391896951496 0.1992483251850622 0.03232162060970083 0.09448197351689643
0 0.8087533521647405 0.21820650277311698 0.22090337334017524 0.11696825075630465
0 0.680512261020094 0.7262161087055313 0.23182269262201594 0.1146080752619369
0 0.6723457578968359 0.7990526751653918 0.22714428298109546 0.11584279333095164
0 0.6532326644144983 0.8695619171196199 0.22715337334017516 0.11740529333095182
0 0.3466786582661783 0.9301234506400892 0.24593064441741408 0.12340392105489215
0 0.36504686318483437 0.8658095783640298 0.2459306444174139 0.12340392105489215
0 0.46566292407885984 0.4417707808457044 0.22714428298109546 0.11584279333095164
0 0.4793072675611974 0.3708791266386601 0.2271624636992548 0.11896779333095164
0 0.23544259631100797 0.06566247687109111 0.22088519262201595 0.11384325075630464
0 0.24058006908544902 0.14333400880207633 0.2005272408266178 0.10461036238870207
0 0.09949004087793148 0.8589540189415349 0.18965337334017515 0.11478303788306973