0 0.39296875 0.11953125 0.0421875 0.1375
0 0.440625 0.11796875 0.04375 0.134375
0 0.490625 0.12109375 0.04375 0.140625
0 0.5421875 0.1203125 0.04375 0.15
0 0.73828125 0.1171875 0.0390625 0.14375
0 0.7890625 0.1234375 0.0421875 0.1515625
0 0.8859375 0.12265625 0.0390625 0.1375
0 0.93359375 0.134375 0.0390625 0.15625
0 0.18984375 0.3015625 0.04375 0.1515625
0 0.4390625 0.29921875 0.0421875 0.1421875
0 0.590625 0.29375 0.04375 0.153125
0 0.69140625 0.2984375 0.0453125 0.1390625
0 0.740625 0.29609375 0.04375 0.1390625
0 0.94375 0.29921875 0.0421875 0.1421875
0 0.090625 0.48203125 0.0390625 0.1390625
0 0.1359375 0.4796875 0.0390625 0.146875
0 0.18203125 0.4828125 0.0390625 0.1640625
0 0.2296875 0.484375 0.04375 0.15625
0 0.3875 0.478125 0.040625 0.165625
0 0.43828125 0.47890625 0.0453125 0.1453125
0 0.54140625 0.4796875 0.0453125 0.146875
0 0.6453125 0.47890625 0.04375 0.15625
0 0.6984375 0.48359375 0.046875 0.14375
0 0.7484375 0.4796875 0.04375 0.146875
0 0.85 0.484375 0.046875 0.1453125
0 0.17734375 0.66875 0.040625 0.1578125
0 0.27890625 0.66953125 0.040625 0.1609375
0 0.33203125 0.671875 0.040625 0.159375
0 0.38359375 0.67265625 0.04375 0.1546875
0 0.4359375 0.67890625 0.04375 0.1671875
0 0.696875 0.6796875 0.0421875 0.1578125
0 0.7515625 0.671875 0.0421875 0.153125
0 0.90859375 0.67890625 0.04375 0.15625
0 0.07265625 0.8640625 0.0390625 0.1421875
0 0.11796875 0.865625 0.0453125 0.146875
0 0.16875 0.8640625 0.046875 0.1546875
0 0.221875 0.86484375 0.0453125 0.1609375
0 0.275 0.8625 0.04375 0.1671875
0 0.328125 0.87109375 0.04375 0.1625
0 0.3796875 0.875 0.046875 0.171875
0 0.59609375 0.87265625 0.04375 0.1765625
0 0.70546875 0.875 0.046875 0.1609375
0 0.75859375 0.87421875 0.04375 0.16875
0 0.8125 0.878125 0.046875 0.165625
0 0.8640625 0.88125 0.0453125 0.1609375
0 0.91796875 0.87890625 0.046875 0.1609375