0 0.8061558342330976 0.01686502995224888 0.14356166846619506 0.03373005990449776
0 0.8285295869323898 0.09013133812746611 0.14067346680652087 0.06724704210278445
0 0.8542059383869267 0.18088282369949588 0.1407918659766839 0.06880954210278448
0 0.9066484672307282 0.40778014039705157 0.14079186597668425 0.06880954210278442
0 0.9369843948204855 0.5848957119039307 0.1260312103590291 0.06913692431676957
0 0.9488870325803902 0.6281546385829531 0.10222593483921968 0.06401291469812272
0 0.9777538726246686 0.8537077100898323 0.04449225475066285 0.06475695916316013
0 0.678199545440541 0.1737127083605517 0.13286096680652087 0.06697422359113019
0 0.6910081213752687 0.21869782614656658 0.13274256763635783 0.0654117235911302
0 0.7226393975197778 0.3570237161651 0.13274256763635783 0.06541172359113023
0 0.4558714917016303 0.008804537208643022 0.13049298340326057 0.017609074417286045
0 0.46527072510489076 0.03179684850631216 0.1405550676363579 0.06359369701262432
0 0.5323211282237459 0.30570429674247185 0.14055506763635783 0.06568454210278443
0 0.5765833815477382 0.48667155454702016 0.13743006763635784 0.06557541469812271
0 0.5940794574824659 0.5314929812260425 0.13743006763635784 0.06557541469812271
0 0.6022005334171936 0.5766417901190499 0.137430067636358 0.06557541469812271
0 0.6196374097668398 0.6206819667980722 0.13754846680652105 0.06713791469812272
0 0.6777262873658859 0.84973206053747 0.13946616431700995 0.07187997840045383
0 0.12390128651747134 0.1155208178786821 0.15075886182749915 0.07694942431676961
0 0.16738228984146364 0.29651535753439584 0.15052206348717306 0.07382442431676957
0 0.18109051494635434 0.3430356934692453 0.150285265146847 0.07069942431676957
0 0.2112175680605652 0.43049848793428247 0.14571616431701004 0.07209823320977708
0 0.22041589192070044 0.4795262649761245 0.15052206348717306 0.07382442431676957
0 0.29029529711414814 0.7504637583527025 0.14259116431701005 0.07198910580511537