0 0.11995786905195924 0.24374963602181404 0.11915179328391083 0.06444454827463009
0 0.14223711841898706 0.12295081696406356 0.11909722958157998 0.06288204827463013
0 0.17063988221398513 0.021284410159129116 0.11315476442797028 0.02661676634364492
0 0.16463057294245956 0.8758026653549091 0.1348859206885725 0.06866215471124733
0 0.16940735297952644 0.8340522079295563 0.1317063569862417 0.06688113342392406
0 0.21422131205786835 0.6220874394922242 0.11915179328391083 0.06444454827463009
0 0.22282249654143893 0.5782663836760256 0.1222767932839108 0.06466306956195353
0 0.24175105661557272 0.4954210326872898 0.12222222958157998 0.06310056956195353
0 0.29396579872620643 0.20526020843375922 0.12227679328391083 0.06466306956195363
0 0.3235269125055061 0.9625099797210825 0.12858135698624168 0.06666261213660078
0 0.3299753199472347 0.9239937829393913 0.1286904843909033 0.06978761213660079
0 0.33784981813313614 0.8816805968013618 0.12858135698624168 0.06666261213660044
0 0.42915679817805225 0.41656333121402156 0.12227679328391083 0.06466306956195358
0 0.42919151451278825 0.3729225918576833 0.12222222958158002 0.06310056956195353
0 0.4520883227728235 0.24749090312176358 0.11915179328391083 0.06444454827463009
0 0.48477443655212316 0.987095080457717 0.12216766587924913 0.025809839084566022
0 0.4881524076961826 0.9677277214232095 0.12227679328391083 0.06454455715358094
0 0.502331469584415 0.9274733340640131 0.12238592068857254 0.06778806956195353
0 0.5102059677703165 0.8851601479259834 0.1285813569862416 0.06666261213660078
0 0.5180531841050524 0.842065711787954 0.12227679328391083 0.06466306956195353
0 0.5266890849233591 0.754603916615417 0.1285813569862416 0.06666261213660044
0 0.5384425512580951 0.7117826320865417 0.12227679328391083 0.06466306956195353
0 0.5462352038905003 0.6671256959485121 0.12718254809323426 0.0712408514929388
0 0.5612847958157996 0.584788443350622 0.1223313569862416 0.06622556956195354
0 0.5645263577040318 0.5437099752816072 0.1223313569862416 0.06622556956195354
0 0.5952431004476377 0.37440260040765805 0.12222222958157988 0.06310056956195362
0 0.6024454760382009 0.3351597839477976 0.1223313569862416 0.06622556956195354
0 0.6141716605217715 0.2915572494189223 0.12227679328391083 0.06466306956195353
0 0.6173586587076729 0.24891628134990756 0.1286904843909033 0.0697876121366006
0 0.6533880272962961 0.9898155248936197 0.1254563569862416 0.020368950212760594
0 0.6668404028868592 0.9703580076291821 0.1285813569862416 0.05928398474163572
0 0.6982292682258033 0.8016695767745461 0.12227679328391083 0.06466306956195353
0 0.7178919490811768 0.6728943667513029 0.1223313569862416 0.06622556956195354
0 0.7305159454529798 0.5880494731879203 0.12238592068857254 0.06778806956195353
0 0.7493973763083532 0.4592196328428463 0.12227679328391083 0.06466306956195353
0 0.7826562764936877 0.25112290957805145 0.12227679328391083 0.06466306956195353
0 0.7905580565307547 0.20959097344002187 0.1223313569862416 0.06622556956195355
0 0.7970883095259796 0.17341852665833052 0.12238592068857254 0.06778806956195363
0 0.9417968915585548 0.3396112452315484 0.11640621688289024 0.06466306956195353
0 0.9075397477225653 0.546653566887189 0.1317063569862416 0.06688113342392406
0 0.9028175313878293 0.589966524312542 0.1285813569862416 0.06666261213660044
0 0.887822503164861 0.6738662769104321 0.12227679328391083 0.06466306956195353
0 0.865007540458322 0.8016417156463518 0.12244048439090349 0.06935056956195362