0 0.1140625 0.10390625 0.0390625 0.128125
0 0.153125 0.10078125 0.0375 0.1328125
0 0.190625 0.096875 0.0359375 0.128125
0 0.2328125 0.090625 0.0328125 0.125
0 0.278125 0.09375 0.03125 0.125
0 0.365625 0.09375 0.034375 0.11875
0 0.409375 0.09375 0.0375 0.125
0 0.45625 0.09375 0.0359375 0.125
0 0.4984375 0.090625 0.0375 0.128125
0 0.5453125 0.090625 0.0375 0.1359375
0 0.5890625 0.090625 0.0375 0.125
0 0.6359375 0.08359375 0.0375 0.1359375
0 0.68125 0.08359375 0.0375 0.125
0 0.7265625 0.08359375 0.0375 0.125
0 0.771875 0.08359375 0.0375 0.128125
0 0.815625 0.0796875 0.034375 0.1328125
0 0.865625 0.08359375 0.0375 0.125
0 0.078125 0.2640625 0.034375 0.125
0 0.1109375 0.2640625 0.0296875 0.121875
0 0.153125 0.2640625 0.03125 0.125
0 0.1953125 0.26015625 0.0375 0.11875
0 0.321875 0.2640625 0.0375 0.125
0 0.4109375 0.25703125 0.0359375 0.125
0 0.725 0.25703125 0.0375 0.125
0 0.1140625 0.42734375 0.0359375 0.125
0 0.19375 0.4234375 0.0375 0.128125
0 0.278125 0.4234375 0.034375 0.125
0 0.4109375 0.42734375 0.034375 0.125
0 0.45625 0.4234375 0.040625 0.128125
0 0.725 0.42734375 0.0359375 0.125
0 0.76875 0.4234375 0.0375 0.1390625
0 0.8171875 0.4234375 0.0375 0.1390625
0 0.95 0.596875 0.040625 0.1359375
0 0.8609375 0.596875 0.040625 0.1390625
0 0.678125 0.59375 0.0390625 0.125
0 0.5875 0.596875 0.0390625 0.1328125
0 0.4546875 0.590625 0.034375 0.125
0 0.3234375 0.59375 0.0359375 0.125
0 0.2375 0.590625 0.0375 0.125
0 0.1546875 0.75 0.0375 0.125
0 0.2375 0.75 0.034375 0.11875
0 0.3671875 0.75 0.034375 0.121875
0 0.4125 0.75 0.0359375 0.125
0 0.4546875 0.75 0.0375 0.125
0 0.4984375 0.753125 0.0359375 0.125
0 0.54375 0.75 0.0375 0.128125
0 0.678125 0.75703125 0.0421875 0.1328125
0 0.7234375 0.75703125 0.0390625 0.1328125
0 0.5890625 0.91640625 0.0375 0.125
0 0.4125 0.91328125 0.0359375 0.125
0 0.325 0.91328125 0.0359375 0.125
0 0.284375 0.91328125 0.04375 0.125
0 0.240625 0.909375 0.040625 0.128125
0 0.2 0.909375 0.040625 0.125
0 0.1578125 0.90625 0.040625 0.1328125
0 0.1203125 0.90625 0.034375 0.1359375