0 0.12858777577752462 0.9055736485454631 0.08681820357377186 0.1810383576783142
0 0.2516432738003583 0.8868451141025842 0.09657520555093821 0.19112375269929238
0 0.31369760482699754 0.8711716472960633 0.09182403855474383 0.1892060551888033
0 0.4406447653974013 0.8325566653426952 0.09370487353571573 0.19713695435896633
0 0.7542642550172779 0.7594212829697644 0.09201503954332715 0.1938935551888033
0 0.818789670036306 0.7466952174079988 0.0920150395433268 0.1938935551888033
0 0.8822473335724593 0.726997101431315 0.09026153855474384 0.18908765601864025
0 0.9432657466143208 0.7051328342098755 0.0952673735357159 0.19725535352912935
0 0.9807804036875026 0.6954609136690882 0.03843919262499469 0.2080977651468469
0 0.07420272881982384 0.6863509744801908 0.08145954152049333 0.2024397609976621
0 0.19024422288832482 0.649346036717964 0.08965404349765968 0.21240675684847724
0 0.2628049723940332 0.6414967253053834 0.10384387749004845 0.21659734937994451
0 0.38825329996063135 0.6045626425221784 0.09596771049385407 0.21444285352912934
0 0.5162363785158127 0.572138460983729 0.0961587114824372 0.21913035352912935
0 0.5796303750557715 0.550877845007045 0.09753021049385406 0.21456125269929238
0 0.6459729580595772 0.5442833802751165 0.09478721247102051 0.22369945435896632
0 0.7105302065767024 0.532338564713351 0.09733920950527093 0.20987375269929237
0 0.9089066981737453 0.47733972093248395 0.0920150395433268 0.1938935551888033
0 0.03633667840208195 0.44941965954312524 0.04427787650146529 0.20741068091374953
0 0.07476250844013803 0.43083468028904964 0.09753021049385406 0.21456125269929238
0 0.1416635069572633 0.4187122659720396 0.10228137749004844 0.21647895020978147
0 0.20647542345916606 0.4130174504102741 0.1024723784786316 0.22116645020978148
0 0.2696465855124446 0.38628808443359014 0.09577670950527092 0.20975535352912936
0 0.33501691752766705 0.37506531928674314 0.09753021049385406 0.21456125269929238
0 0.40172691505620906 0.35825540496973307 0.09909271049385407 0.21467965186945542
0 0.4666515780980708 0.3360951398228861 0.1041622124710205 0.22440984937994451
0 0.8610289777940597 0.2254938010163965 0.10052787650146514 0.21167305103961845