0 0.18617123732333324 0.06786502775932125 0.14615183006601842 0.054424289018088226
0 0.19744021946287016 0.11675311073274319 0.15552683006601847 0.05502506631598414
0 0.20259590263916638 0.16680317550756785 0.15919863421305544 0.0614753254152828
0 0.20462658581546256 0.21665298118309387 0.1593353352498147 0.0630378254152828
0 0.23221221800226774 0.41652257325581443 0.16558533524981467 0.06343834361388012
0 0.2406296022153232 0.4683353971299377 0.17496033524981475 0.06403912091177588
0 0.24578528539161937 0.5183854619047624 0.15865183006601843 0.05522532541528271
0 0.2597397701230545 0.5713299892026583 0.1640228352498147 0.06333821406423076
0 0.2590452859572673 0.6699479619047624 0.16857363421305543 0.06207610271317883
0 0.26684680697527635 0.776879082355113 0.16246033524981468 0.06323808451458142
0 0.2828319748830076 0.8796734153285349 0.1783587373233332 0.06736438001107459
0 0.2973229933091185 0.9756898160852714 0.16714783524981466 0.04862036782945722
0 0.3939132612160644 0.2668496475913631 0.15906193317629622 0.0599128254152828
0 0.4124472306789345 0.372137924889259 0.17013613421305554 0.06217623226282809
0 0.42008336489199005 0.4239006839885577 0.1546478352498148 0.06273743676633484
0 0.43348006649439713 0.5770256839885576 0.1670111342130554 0.06197597316352947
0 0.44093983492050803 0.6800505544389084 0.17808533524981468 0.06423938001107458
0 0.481190145382637 0.9827693345145814 0.16572203628657398 0.034461330970837166
0 0.5524606186616665 0.06337060147656104 0.16558533524981484 0.06343834361388008
0 0.5670596523563425 0.11480269354928163 0.16871033524981466 0.06363860271317873
0 0.5685141370877775 0.16694618444998297 0.17509703628657397 0.06560162091177597
0 0.5772732738927312 0.2226652583241063 0.16953054147037036 0.07301360271317867
0 0.5959623597081937 0.42740282309893096 0.16218693317629623 0.060113084514581416
0 0.6018309423661103 0.47672170264858027 0.16177683006601845 0.05542558451458142
0 0.6102483265791657 0.5285345265227036 0.16728453628657397 0.06510097316352947
0 0.6141832623473601 0.5823907117478789 0.1752337373233333 0.06716412091177588
0 0.626780298633934 0.6375788594961256 0.170409536286574 0.06530123226282818
0 0.6343480823286098 0.6885603685954241 0.17794863421305535 0.06267688001107459
0 0.6421892680968042 0.7426668776947227 0.17210873732333312 0.06696386181247735
0 0.6484966396331929 0.850279118595424 0.1784954383600926 0.06892688001107458
0 0.662548160651202 0.9576107572443722 0.1752337373233331 0.06716412091177588
0 0.7589347940622684 0.11466869293097277 0.17794863421305535 0.06267688001107466
0 0.7669707609332403 0.21539987815614808 0.170409536286574 0.06530123226282802
0 0.7801726814328698 0.3219002020302714 0.17849543836009243 0.06892688001107468
0 0.783189666164305 0.3741438224806221 0.17183533524981467 0.06383886181247736
0 0.7933746019324992 0.42840052590439476 0.15906193317629622 0.059912825415282756
0 0.8012841382190732 0.4832882850036933 0.16857363421305535 0.06207610271317883
0 0.8103460713953694 0.5335886736526414 0.1620502321395371 0.058550584514581415
0 0.8196814066451841 0.5870140623015893 0.19683533524981484 0.06544093460686647
0 0.8534185854861558 0.8571961543743101 0.17496033524981486 0.06403912091177588
0 0.8590527222911094 0.9127149691491345 0.184472036286574 0.066202398209672
0 0.8672356606512018 0.9678818202473245 0.19412043836009252 0.064236359505351
0 0.9470936859096064 0.26768997069029404 0.10581262818078727 0.055646827574751076
0 0.948382429571273 0.324721220690294 0.10323514085745415 0.05750971622369914
0 0.951350896159421 0.37404010023994333 0.09729820768115793 0.055947216223699046
0 0.9520439632659488 0.4278962854651187 0.09591207346810257 0.060935104872647014
0 0.9770668052783329 0.7038475161867872 0.0458663894433343 0.05484579117755643
0 0.9801521405281474 0.8131223866371379 0.03969571894370531 0.06129605027685523
0 0.9898093959947676 0.9749811250738292 0.020381208010464745 0.05003774985234166