0 0.5958711180731305 0.046394880477112585 0.05226032092583353 0.09278976095422517
0 0.48077265694826005 0.052758951651900476 0.049135320925833524 0.10551790330380095
0 0.1242122878416722 0.09252056215393101 0.05084337014004516 0.1216537569398303
0 0.08496785132390755 0.09893005089516403 0.05574919396136273 0.12664164558877827
0 0.7218620756833444 0.15470187076411773 0.04728172249741007 0.11207849784053163
0 0.5651754280407093 0.17408982572904982 0.04408394789030421 0.11031573874123302
0 0.25140187241635675 0.22145948565891405 0.04757282092583344 0.11832849784053172
0 0.1729493866843804 0.2334972131413801 0.05226032092583344 0.1186288864894796
0 0.019561175145225127 0.2577729272056109 0.039122350290450254 0.12175388648947967
0 0.6477973753118409 0.30666369139903854 0.04771837014004525 0.12145349784053164
0 0.5674185165443353 0.3266140484311539 0.04928087014004525 0.12155362739018098
0 0.5297729673301236 0.3321421576227376 0.051134468568468705 0.12790375693983033
0 0.4907104673301236 0.3346453963639706 0.053968370140045255 0.12185401603912896
0 0.25873272125906494 0.36508956971207013 0.04437504631872757 0.11656573874123302
0 0.2179257847413003 0.37159918800295255 0.047718370140045166 0.12145349784053164
0 0.02322659956657922 0.401403011258767 0.04645319913315844 0.12175388648947968
0 0.8955905583149487 0.4216426395810238 0.0561130669968918 0.13445414558877827
0 0.8574548575291605 0.42097081354743227 0.05128001778268043 0.1310287569398302
0 0.817320009100737 0.42977411706348984 0.05084337014004499 0.12165375693983034
0 0.6541650376367845 0.45425009022701934 0.04928087014004525 0.12155362739018098
0 0.5327074146012551 0.4698226303248417 0.053968370140045255 0.12185401603912886
0 0.1851945597626909 0.5224700755721663 0.05128001778268034 0.13102875693983035
0 0.8652394706398925 0.5715820828257636 0.05084337014004525 0.12165375693983034
0 0.8260314214256808 0.5772103215669967 0.049135320925833524 0.11842862739018098
0 0.7413289356937043 0.58964856724806 0.047427271711621796 0.11520349784053163
0 0.5806996507475162 0.6100680960871154 0.05084337014004525 0.12165375693983016
0 0.3869303800693518 0.6396215954688065 0.04564644789030421 0.11041586829088246
0 0.3094046935515872 0.648484258176448 0.04757282092583352 0.11832849784053164
0 0.010935230150405092 0.6940911590070136 0.021870460300810184 0.11979086829088229
0 0.8322535345364125 0.7279217203949775 0.04771837014004525 0.12145349784053164
0 0.7098691122866715 0.7466693252676245 0.05284251778268043 0.1311288864894795