0 0.40422563014590185 0.12496584776445221 0.07758235030926083 0.1693562157285458
0 0.8041777037833235 0.07920180958203774 0.07914485030926066 0.15840361916407547
0 0.2923481571076051 0.3429716660955991 0.07120480455162621 0.16742969468185837
0 0.4074469986228742 0.3331577793627182 0.07031198424818438 0.15649219468185843
0 0.6875489578662094 0.292740092785129 0.06654925546001174 0.1484976841585147
0 0.3542908213422119 0.5461884003811707 0.07432980455162622 0.1676117052052021
0 0.5273934814939327 0.5306635689664314 0.06849439273291544 0.15327618942018653
0 0.9286529636160854 0.482411724609274 0.06693189273291544 0.1531851841585148
0 0.12058627466649344 0.799281121230214 0.07914485030926074 0.16944722099021767
0 0.17922782209111793 0.7857576765483556 0.07719971303635713 0.16466871572854594
0 0.4152609169403668 0.7517943872975783 0.07082216727872255 0.16274219468185827
0 0.4720370754250977 0.7515976952465557 0.07758235030926067 0.16935621572854592
0 0.5327035084556359 0.7418439926721896 0.08539485030926067 0.16981124203690517
0 0.5862749186073568 0.7332810637753467 0.07005689273291545 0.15336719468185844
0 0.3035268361759435 0.9394679635212329 0.06406224212409217 0.07992969468185826
0 0.5302646793582025 0.9145989532096508 0.06326501666989941 0.08921368942018652