0 0.8643424609904194 0.005672146054816213 0.0827173247398008 0.011344292109632425
0 0.9385456801214392 0.22910468615725121 0.08748671189493074 0.06478199568106335
0 0.9527619883528967 0.2760099645348813 0.08748671189493037 0.06478199568106327
0 0.9799242746489437 0.4215634939922456 0.04015145070211261 0.05879281153562208
0 0.9866213319758901 0.46965054056847294 0.026757336048219928 0.061216904688076924
0 0.7459719985296619 0.1293514173403451 0.14932497060135788 0.08587454811738686
0 0.7904290846894234 0.27465462292358606 0.14916119629109836 0.08274954811738686
0 0.8226794199446739 0.3964399853543722 0.15573874491161738 0.08940006631598418
0 0.8650860051999242 0.5175745057124378 0.1539305834462282 0.08461243676633483
0 0.5965562539567288 0.2847269370801019 0.14759869629109837 0.08264941856773751
0 0.6116766429208809 0.3339259006829073 0.14759869629109837 0.0826494185677376
0 0.6371480336940553 0.4310617165374661 0.14759869629109837 0.0826494185677376
0 0.6712131744672296 0.5276468198689537 0.15721935775648763 0.08793769586563335
0 0.7156702606269912 0.6729500254521946 0.15384869629109837 0.08304993676633483
0 0.7289824881257541 0.7175616186046494 0.15228619629109835 0.08294980721668566
0 0.7601682903643177 0.8190344810354355 0.15384869629109837 0.08304993676633501
0 0.3374324802122962 0.09674128547434392 0.13649742198083886 0.07882351172019228
0 0.4764362630018404 0.5354254488002941 0.13649742198083886 0.07882351172019231
0 0.5425403770899061 0.7796772941122172 0.15401247060135786 0.08617493676633484
0 0.5804298807079508 0.8744495735695814 0.13962242198083885 0.07902377081949083
0 0.1469612884437537 0.15676353485603509 0.14439180913596855 0.0808866594684389
0 0.17724300994962267 0.2559427120616459 0.1443918091359686 0.0808866594684389
0 0.20756567503305656 0.3559031392672568 0.1492430834462281 0.08431204811738686
0 0.24627737222866605 0.45140660394979637 0.1443918091359686 0.0808866594684389
0 0.2604936804601235 0.4983118823274265 0.14759869629109837 0.0826494185677376
0 0.2709675130018404 0.5485924845791799 0.14759869629109837 0.0826494185677376
0 0.2907344583884276 0.5967098095330373 0.14759869629109837 0.0826494185677376
0 0.3191670748513425 0.6905203662882975 0.1426655348257091 0.07766152991878954
0 0.3938649389394081 0.9342214990771494 0.1443918091359686 0.0808866594684389
0 0.4110048513093085 0.9621264535806562 0.14218085594746524 0.038699159468438896