0 0.7428111505664333 0.9345246493402403 0.06435502591898139 0.043323665102807496
0 0.5569618334599056 0.9215815249704942 0.07042866013203693 0.09499542574646966
0 0.5121571813863871 0.9215704533148538 0.06601456220555538 0.09779264381548422
0 0.46710852153717414 0.9097860013373822 0.0715222684261109 0.10749542574646967
0 0.4178508153166186 0.9037980812908962 0.06954966531583313 0.1026986651028075
0 0.1433593717727298 0.8569659120007145 0.06601456220555538 0.09779264381548422
0 0.10092786399703542 0.8481425690577507 0.0616004642790739 0.10058986188449888
0 0.9587648018147213 0.8439550076184432 0.08247039637055735 0.147104228964778
0 0.914062142507915 0.8345143056409718 0.08220549019805504 0.140854228964778
0 0.866640338360878 0.8315421249508237 0.08628739745537004 0.15201025025210138
0 0.8219334311035631 0.8236639229733523 0.07880708812453677 0.13751070767745466
0 0.7736230702175909 0.8105354922832045 0.08757649538185142 0.14899451089576338
0 0.6795607119235169 0.8045365005810776 0.07894378916129607 0.13907320767745465
0 0.6315921036294428 0.7953143198909297 0.09056479434509228 0.1476505321830867
0 0.5845024901515725 0.7781703785571201 0.08275229434509228 0.147104228964778
0 0.5350397323758781 0.7698387085106339 0.09165840263916643 0.16015053218308672
0 0.48955157511856323 0.7620151368549932 0.0789437891612959 0.13907320767745457
0 0.43944426837962813 0.7553005971303379 0.08091639227157384 0.1438699683211162
0 0.8039374123946283 0.644921563938845 0.0882600005656478 0.15680701089576327
0 0.7549141520270357 0.6326290135705279 0.08601399538185159 0.14888525025210148
0 0.707863494769721 0.6249147025585491 0.0875764953818516 0.14899451089576327
0 0.6109399766264338 0.604181221500084 0.0882600005656478 0.15680701089576327
0 0.5629419740345358 0.603607421131767 0.0875764953818516 0.14899451089576327
0 0.4184599507074525 0.578339259383154 0.08656079952888862 0.15513525025210165
0 0.37249333982148036 0.5650469377275135 0.08628739745537004 0.15201025025210163
0 0.27384122634361 0.551508597634541 0.08730309330833305 0.14586951089576328
0 0.2280796670127767 0.5405600259789004 0.08656079952888858 0.15513525025210165
0 0.1812340613106008 0.5351894649669215 0.08941239745537014 0.1522287715394249
0 0.08509179316731383 0.5144013535866258 0.08302569641861084 0.15022922896477803
0 0.9899386606976848 0.4947584009297243 0.020122678604630552 0.16062042574646931
0 0.9681955807730782 0.4839355154121133 0.06360883845384357 0.16472877153942492
0 0.9343884556084248 0.47387745440013446 0.08941239745537004 0.15222877153942496
0 0.8838710457592119 0.46247541467547915 0.09036930471268505 0.1631662715394251
0 0.788822385909999 0.4541873032951832 0.08601399538185159 0.1488852502521016
0 0.7377971281343045 0.4459648938923588 0.0882600005656478 0.15680701089576327
0 0.6869085713953694 0.43930498448953426 0.09322090263916642 0.1602597928267485
0 0.6385688162115731 0.43482493412121725 0.0913850005656478 0.15702553218308674
0 0.5467039449580084 0.40902154080993613 0.08724430471268488 0.16294775025210165
0 0.3980128752595825 0.38954991099230835 0.09505680471268488 0.16349405347041027
0 0.15274004000976782 0.3532510501162155 0.09023260367592564 0.161603771539425
0 0.10653898327083267 0.3462633587824059 0.08275229434509232 0.1471042289647781
0 0.8201134677194439 0.2727844839853312 0.09335760367592556 0.1618222928267485
0 0.7151819599437494 0.2683315667888366 0.0875764953818516 0.14899451089576327
0 0.6674477975026383 0.2528047557768578 0.09050600574944419 0.164728771539425
0 0.6201920886901846 0.24274669476487895 0.0882600005656478 0.15680701089576327
0 0.5234052715836569 0.2235757137064139 0.0929475005656478 0.15713479282674853
0 0.4192844081057866 0.2104197858662576 0.09661930471268487 0.16360331411407197
0 0.37104239773819403 0.1980726051761096 0.08941239745537004 0.152228771539425
0 0.2727614311500459 0.17979213476130634 0.09941211404351816 0.17777507475773371
0 0.22499787441111074 0.1729137040711584 0.09023260367592564 0.16160377153942504
0 0.1755645109332404 0.1559336537028413 0.0994121140435182 0.17777507475773371
0 0.9764544847314351 0.11485237964240083 0.0470910305371298 0.16018338317182246
0 0.6484559153158331 0.06813908673877775 0.09675600574944418 0.1362781734775555
0 0.6005556575401387 0.06341873575004203 0.09036930471268487 0.12683747150008406
0 0.4014250904336111 0.048536416944393077 0.09347518086722206 0.09707283388878615
0 0.299345180584398 0.0371890075415686 0.08931536116879606 0.0743780150831372