0 0.88671875 0.7936433395325742 0.046875 0.15843323821317554
0 0.8375 0.7890071894087396 0.04375 0.152037688998964
0 0.7875 0.7835534019813521 0.05 0.14764128742738744
0 0.73203125 0.7739386534290942 0.04375 0.15516268899896418
0 0.67734375 0.7612352921803891 0.046875 0.1521832382131759
0 0.628125 0.7581616420565547 0.046875 0.15218323821317573
0 0.48125 0.7372583289886041 0.0390625 0.1361943651776464
0 0.43203125 0.7373096788647696 0.040625 0.14564213978475227
0 0.38359375 0.728022416044488 0.040625 0.14251713978475228
0 0.73828125 0.5929797518575176 0.046875 0.14593323821317572
0 0.68828125 0.5859634644301301 0.046875 0.15218323821317573
0 0.63515625 0.580364127788531 0.04375 0.142662688998964
0 0.58515625 0.5756915903611436 0.046875 0.15530823821317571
0 0.534375 0.5709826656302033 0.0453125 0.13336046360606985
0 0.48203125 0.563857216292157 0.0484375 0.14913101282028157
0 0.74609375 0.41053112489304694 0.046875 0.1490582382131757
0 0.69375 0.4018431755550007 0.0484375 0.14756851282028158
0 0.4828125 0.38186235359570997 0.0484375 0.1522560128202816
0 0.38046875 0.37397061683027627 0.046875 0.16624573821317573
0 0.33125 0.37167821670644174 0.0484375 0.1522560128202816
0 0.81015625 0.21898363378438707 0.0484375 0.14913101282028157
0 0.75625 0.20787915983923497 0.046875 0.15218323821317573
0 0.7 0.20213427398342412 0.05 0.15389128742738745
0 0.646875 0.19887868734182496 0.0484375 0.1522560128202816
0 0.59453125 0.19644073800377876 0.0484375 0.1522560128202816
0 0.9796875 0.07687967865537258 0.040625 0.04876713978475229
0 0.9328125 0.07000894044219687 0.05 0.04139128742738742
0 0.875 0.07044127997928015 0.0515625 0.05083906203449329
0 0.3828125 0.03892352874093506 0.046875 0.04437073821317572
0 0.43671875 0.17971550268608713 0.046875 0.15218323821317573
0 0.4328125 0.3764085661683225 0.05 0.15389128742738745
0 0.334375 0.8952612659206535 0.040625 0.13782963978475243
0 0.2875 0.8930780277074778 0.04375 0.13953768899896418
0 0.23671875 0.8899316029765373 0.0421875 0.1363399143918585
0 0.1875 0.8837329528527029 0.04375 0.14266268899896417
0 0.13984375 0.8815133273359741 0.04375 0.13953768899896418
0 0.04453125 0.874730326302517 0.04375 0.13953768899896418
0 0.1828125 0.7124208790313853 0.0453125 0.13336046360606985
0 0.0875 0.704856627997928 0.0484375 0.14913101282028157
0 0.28046875 0.5466567919755014 0.04375 0.137975188998964
0 0.23046875 0.543546754548114 0.04375 0.137975188998964
0 0.0765625 0.533253455748187 0.05 0.15389128742738745
0 0.028125 0.5239661929279055 0.04375 0.152037688998964
0 0.27890625 0.3629902673683955 0.046875 0.1490582382131757
0 0.1265625 0.3465197431755745 0.040625 0.14876713978475226
0 0.075 0.34411818114108117 0.053125 0.14934933664159916
0 0.2234375 0.1643130188161376 0.0484375 0.14600601282028158
0 0.0234375 0.14874786910658785 0.0375 0.14862159057054053
0 0.221875 0.02595899420903175 0.04375 0.03328768899896402
0 0.16328125 0.020104946442562097 0.0453125 0.027110463606069862