0 0.5378285086462841 0.8488570965947286 0.06737325721819473 0.21046594155801374
0 0.612828508646284 0.8475479667251123 0.07035278685347243 0.2042704886359143
0 0.6903177290110063 0.8399479265470704 0.07064372758291686 0.2167704886359143
0 0.7700052290110062 0.8385569760606032 0.07100740349472243 0.2323954886359143
0 0.23040309403673565 0.569182827923747 0.07413240349472242 0.2324500357138149
0 0.6169763736720134 0.5686826270335378 0.07064372758291686 0.2167704886359143
0 0.8512422708984719 0.5692790961909868 0.0710074034947226 0.2323954886359143
0 0.9786405722852425 0.5647125527665342 0.020607359991736372 0.21433523538950325
0 0.08455095906246503 0.2929357479714051 0.06283122758291684 0.2166341209411625
0 0.1547179886977428 0.2979584387186398 0.06461193313000017 0.22603639448011287
0 0.22751970906246505 0.290440219157449 0.06370404977125022 0.2541341209411626
0 0.30028506183600673 0.2844844995962582 0.07115287385944465 0.2386454886359143
0 0.5437804886977429 0.2911673275200052 0.06839154977125013 0.2542159415580135
0 0.6211242386977428 0.2898172873419633 0.07540396276527801 0.21997730925276535
0 0.7828429886977428 0.28699447606060313 0.0739869331300003 0.22620003571381497
0 0.9422179886977429 0.28421257508766845 0.07115287385944455 0.2386454886359143
0 0.22352711255718746 0.06159029058507892 0.06544577488562509 0.12318058117015784
0 0.3805401787615971 0.061001045252824335 0.06548214247680573 0.12200209050564867
0 0.46030041394395826 0.05717375162485309 0.06377417211208343 0.11434750324970618
0 0.5408055315351389 0.054929413151094585 0.06838893692972228 0.10985882630218917
0 0.6228367815351389 0.05421348275364816 0.06838893692972228 0.10842696550729632