0 0.816406797342454 0.036273797890512396 0.16956816000954483 0.07254759578102479
0 0.826409053349772 0.08747757600936129 0.15853975334181775 0.06893036661563354
0 0.8348215373567717 0.13872174102838933 0.15385225334181776 0.06873936562705038
0 0.8401544746976348 0.19399949003980616 0.1616829346753633 0.07062020060802232
0 0.866327170711316 0.29376206810069594 0.1554329346753633 0.07036553262324467
0 0.8630754487189523 0.35017123559118185 0.15385225334181776 0.0687393656270503
0 0.8875680134070422 0.5070605641463632 0.1695136160089085 0.07250103558899426
0 0.8975339067472689 0.5574598121691968 0.14289657200827222 0.06673119665368965
0 0.9283234597191111 0.7663745557434062 0.1433530805617778 0.06848469764227297
0 0.9290049860558384 0.8162472217510175 0.14199002788832332 0.06867569863085592
0 0.9324345233927247 0.8692448877586287 0.13513095321455068 0.0699835306460784
0 0.6136448766709088 0.02033111015266186 0.15541475334181776 0.04066222030532372
0 0.6497749227004984 0.22286061357552192 0.16166475334181776 0.06905770060802237
0 0.6635385253819068 0.3309450276059668 0.16322725334181776 0.06912136760421675
0 0.6688169187221338 0.3815352766173836 0.1538340720082724 0.0671768656270503
0 0.4262908746817266 0.09362007703512551 0.16631589067472685 0.0661237015966055
0 0.4300794933561353 0.15052399304273673 0.15381589067472684 0.06561436562705039
0 0.442398227363135 0.2016089905712788 0.15853975334181775 0.06893036661563352
0 0.4493300273710892 0.2599480725865012 0.1475840720082724 0.06692219764227278
0 0.4515016020448616 0.31222815559030687 0.1647897533418178 0.06918503460041112
0 0.4714879327259518 0.41771415163597414 0.1804692973424542 0.07450920456235507
0 0.49229187607413294 0.5262933141835443 0.17576361600890866 0.07275570357377177
0 0.49916004141467807 0.5791636461987666 0.17576361600890866 0.07275570357377177
0 0.5076634320894049 0.6382203112177948 0.17583634134309048 0.07900570357377176
0 0.515158853437268 0.7449968932330172 0.17421929734245403 0.07425453657757757
0 0.5290309967774949 0.7952369737653648 0.16170111600890866 0.07218270060802237
0 0.5319929121180401 0.8482664732710731 0.17109429734245402 0.07412720258518846
0 0.20281646467218156 0.0323801239928263 0.15977498933799977 0.040869033611827935
0 0.20560565734404496 0.07056587349853471 0.1694954346753632 0.0709385355889943
0 0.22028632268459009 0.1231178705327852 0.1773442973424541 0.07438187056996623
0 0.23731073802513522 0.1755743670727441 0.16789657200827238 0.06774986859279988
0 0.2387737880330894 0.23413628357464686 0.17421929734245412 0.07425453657757741
0 0.24562377204008906 0.2854441155898694 0.18364884134309048 0.07932403855474383
0 0.2650464813812705 0.3424926116355366 0.16798747867599956 0.07556236859279988
0 0.2687805560550429 0.39470902764314786 0.17421929734245412 0.07425453657757748
0 0.044086902013044854 0.09434290760465423 0.08668293467536324 0.06756418479069153
0 0.062474917369498326 0.2639869041446131 0.11945907200827235 0.0657761917107738
0 0.07468511071767947 0.3729162351712524 0.14137043467536325 0.06979252965749527
0 0.07685668539145188 0.425196318175058 0.14451361600890866 0.07148236364988403
0 0.08067257606617878 0.4844439841826692 0.1507636160089087 0.07173703163466154
0 0.08522426340704206 0.5397535666921833 0.15855793467536322 0.07049286661563343
0 0.09906059142263227 0.6540879807226281 0.15539657200827234 0.06724053262324467
0 0.1175207847708134 0.7627626437644898 0.16328179734245415 0.07380886760421675
0 0.12523383477876757 0.821069892281615 0.16328179734245415 0.07380886760421675
0 0.13291961278640357 0.8770333907987403 0.1632454346753632 0.07068386760421674