0 0.08606913330994252 0.3280679470974423 0.14085737336031984 0.06886410580511537
0 0.09891104929788755 0.4536309422881189 0.15327548620519008 0.06773811542376222
0 0.11101265886339746 0.5800024693299609 0.15631859905006032 0.06628474282842393
0 0.11741314506858753 0.6423933419252992 0.1545923247398008 0.063105179126093
0 0.15369031829262178 0.9612425456461636 0.15031426051544958 0.07075398801910068
0 0.5145881224558086 0.02691341370625546 0.1733423247398008 0.05382682741251092
0 0.5612539190401628 0.40461302269585475 0.1639673247398008 0.06343256134007813
0 0.5924065010160529 0.6555480401190499 0.1686548247398008 0.06359625244707061
0 0.6240094623451565 0.9150768075422452 0.1846892605154496 0.071954389470379
0 0.7777476209854706 0.1896427540067152 0.18148237336031983 0.0702827620657176
0 0.7803237443457904 0.2537325358578807 0.17350609905006031 0.06688494355406327
0 0.7930151741285454 0.31668640364389555 0.18123671189493057 0.06559526206571764
0 0.8161228827441157 0.5037226121740833 0.18140048620519017 0.06872026206571746
0 0.8347478092475102 0.6948287618112635 0.1733423247398008 0.06375994355406327
0 0.8465351582975705 0.7554661614484438 0.1733423247398008 0.06375994355406327
0 0.8640512861804461 0.9403495929367895 0.1657821302577247 0.038541688744739844