0 0.9048161849215717 0.7941752861234489 0.14725679508134384 0.06733404535327167
0 0.8949281005144204 0.7479633574554034 0.13944429508134384 0.06724313868554468
0 0.88267354020957 0.7056304067870399 0.13789997579950325 0.07034995735199914
0 0.8681252268796577 0.6546764341183582 0.14414088544042372 0.06886018268618095
0 0.8512149828315859 0.6068201894493583 0.1394442950813441 0.06724313868554468
0 0.8420945128858154 0.5629611014480856 0.13944429508134384 0.06724313868554468
0 0.8022285578689635 0.43201963677590405 0.1284704336450254 0.0608658693507266
0 0.7978001331027326 0.3874338427752677 0.1362829336450254 0.06095677601845369
0 0.780862617977422 0.3442650981062679 0.1331670240041051 0.06248291335136287
0 0.7054161486208265 0.688723075429632 0.13631020472226432 0.06564427601845377
0 0.6931706786750558 0.6448276247612684 0.14413179508134383 0.06729768268618094
0 0.6785950942679044 0.5985611520925866 0.1331852047222643 0.06560791335136287
0 0.6694791695016736 0.5539208140913139 0.14413179508134402 0.06729768268618094
0 0.6572427899149825 0.5084628634229504 0.12379202400410509 0.06237382535009015
0 0.6473592506873711 0.461469684754905 0.1410158854404237 0.06882382001909004
0 0.5411172992847564 0.7274390354073603 0.13631020472226432 0.0656442760184536
0 0.5273138745185255 0.6827441534054512 0.13789088544042355 0.06878745735199913
0 0.47997630796715923 0.49311803206554244 0.14101588544042354 0.06882382001909004
0 0.4609768439733169 0.40148451539622443 0.15507838544042354 0.06898745202099903
0 0.45186091920708604 0.35684417739495167 0.14101588544042354 0.06882382001909004
0 0.37495596809905896 0.8176993140515432 0.13789088544042355 0.06878745735199913
0 0.36038492887144746 0.7706515913828614 0.14414997579950323 0.07042268268618095
0 0.3466133203619953 0.7204879593809523 0.14103406615858277 0.07194882001909005
0 0.33673432631392364 0.672713530712907 0.14101588544042354 0.06882382001909004
0 0.3276365822658519 0.6249481927116343 0.14101588544042354 0.06882382001909004
0 0.21301398342076122 0.9867556600095451 0.1564136264634331 0.026488679980909778
0 0.2006548839864953 0.9632454346753633 0.156677246876742 0.0735091306492734
0 0.19314236583612268 0.9124652793602716 0.16137383723582163 0.07687267735518084
0 0.0980632326351943 0.46836019601368123 0.1597931565176624 0.0737294960216353
0 0.29408425976255737 0.4831419533736345 0.14101588544042354 0.06882382001909004
0 0.47086947356000797 0.4469151940642698 0.14103406615858277 0.07194882001909005
0 0.9125171389564649 0.2762610801240852 0.09717498184962707 0.05268974267981754
0 0.9041733738311546 0.23319233278958523 0.09876475292686634 0.05739542401336308
0 0.8950619942444634 0.1877707447883126 0.09720225292686635 0.057377242679817586
0 0.8820398194782324 0.14308495345317632 0.10502384328594587 0.0590306493475448
0 0.8752494639938423 0.10159688745222181 0.10188975292686635 0.057431786680453914
0 0.8561636415887437 0.024807120782903744 0.10017271682251269 0.030851105346908464
0 0.7436313044511179 0.16335090543440445 0.1253727047222643 0.06551700668363561
0 0.721470479020957 0.07793102609799549 0.13789088544042355 0.06878745735199913
0 0.6062262323406067 0.27972878874917806 0.1284704336450254 0.06086586935072642
0 0.597887012394836 0.2358787914146781 0.1284886143631848 0.06399086935072643
0 0.564321054352922 0.0964163020766783 0.14414997579950323 0.07042268268618093
0 0.5520710392276115 0.05330210140831473 0.1394352047222643 0.06568063868554459
0 0.5428642108705845 0.024286763407042063 0.13302157825883115 0.03748291335136281
0 0.43886147033855416 0.30825213605981544 0.13789088544042355 0.06878745735199913
0 0.4029244912194013 0.17344987472149748 0.13784543364502538 0.060974957351999134
0 0.3930409519917898 0.12645669605345208 0.13791815651766245 0.07347495735199913
0 0.3795056928184076 0.03566806405154309 0.13628293364502547 0.060956776018453694
0 0.2506665787498105 0.2912175353675893 0.13789088544042355 0.06878745735199913
0 0.20877049112120544 0.1063425486950896 0.13789088544042355 0.06878745735199913
0 0.20508695491865608 0.06801584536122599 0.13781816256778662 0.05628745735199914
0 0.07625693120913855 0.32200281667727226 0.13631020472226435 0.06564427601845368
0 0.06337163270994906 0.2718391846753632 0.1267432654198981 0.06867836935072642
0 0.052066494048071656 0.1310778246737724 0.10413298809614331 0.0715306493475448