0 0.8204292507956303 0.912302753519166 0.05428860534690836 0.102474336641599
0 0.7750803881285395 0.9112882171252359 0.05436133068109026 0.108724336641599
0 0.7289502754614487 0.9103100680348586 0.052871556015271895 0.11490156203449331
0 0.639061072127585 0.9105883579434455 0.05139996268299925 0.12264128742738763
0 0.9312565681094493 0.7633129818075441 0.060993138685544325 0.14182793507002261
0 0.7633952640833599 0.578839590160765 0.06580790802036277 0.15298375889134022
0 0.40359300274504184 0.5588589997951121 0.06573518268618095 0.14673375889134022
0 0.04538960407381479 0.5419306348223536 0.05628745735199915 0.14004711124870503
0 0.5815714573917701 0.4036149199779386 0.059321550684271786 0.13238016046291676
0 0.5134663473901793 0.39506186538704335 0.054652232017817326 0.13372433664159916
0 0.19586976738540668 0.3746788606295325 0.054615869350726466 0.13059933664159917
0 0.15210158605186125 0.37515404962849647 0.04987382535009015 0.12569351282028157
0 0.06291181671704313 0.3683647022335303 0.05149086935072646 0.13045378742738745
0 0.9354584313733163 0.2511211968613561 0.06720677601845396 0.138994033498446
0 0.7579146867043164 0.24219361476787088 0.059394276018453596 0.13863016046291673
0 0.7109215080362711 0.2342206029810466 0.05948518268618095 0.14644266046291673
0 0.6210323047024074 0.23449889288963338 0.057904501352635404 0.1448073858558109
0 0.5725220793682256 0.23050490570991497 0.06261018268618095 0.1465882096771285
0 0.5318425353675893 0.22770954549466724 0.054724957351999136 0.13997433664159914
0 0.44109026603277124 0.220992972706807 0.059576089353908304 0.15425516046291676
0 0.3956777686982713 0.21450968631287687 0.05628745735199914 0.14004711124870503
0 0.3519004966979531 0.2142036253118409 0.05634200135263541 0.14473461124870501
0 0.30343572469763497 0.21411588813212248 0.057831776018453775 0.13855738585581087
0 0.2604124306969986 0.21142968982753355 0.05625109468490823 0.13692211124870501
0 0.21424595536281682 0.20732654073715634 0.05625109468490823 0.13692211124870504
0 0.17117720802831687 0.2007340924325674 0.05628745735199914 0.14004711124870503
0 0.07893516402768055 0.20034029425181296 0.05625109468490823 0.13692211124870501
0 0.9893988546705907 0.07893367370199227 0.021202290658818512 0.135393844499482
0 0.9608022346833174 0.07797264123700356 0.054652232017817326 0.13372433664159916
0 0.9154261000159083 0.07461435484307342 0.054652232017817326 0.13372433664159916
0 0.6878369020130448 0.06548573924888763 0.054652232017817326 0.13097147849777527
0 0.272529528007636 0.05064635525284898 0.06380905601527206 0.10129271050569796