0 0.9421875 0.08378242278812498 0.115625 0.06454688936371684
0 0.9437142856192015 0.14789042541896089 0.11257142876159705 0.06445588410204497
0 0.7372097124809376 0.06400273087827683 0.22598192496187508 0.05529225768074626
0 0.7464769161281598 0.1269577571866361 0.22016833605604164 0.07367823663405888
0 0.7308168549577431 0.19158169930824573 0.21853310087368066 0.07046223137238701
0 0.7326170507211808 0.26892544930824575 0.22652743882958326 0.07872975768074628
0 0.7383598640757989 0.3480592124624254 0.23612064437666672 0.08865078925077734
0 0.46513599715020837 0.10667056008570323 0.23597517401194454 0.08240078925077735
0 0.4951047458190282 0.5562456258566014 0.22696384992375015 0.0974797576807461
0 0.48228331639184097 0.8433893100857033 0.24898432028847228 0.10500383134415223
0 0.49605814171430634 0.9826591235081141 0.20755923328249998 0.03468175298377183
0 0.17990570554708335 0.019840605092262646 0.21293641109416667 0.031126715587371474
0 0.20307632750666693 0.31142116033981704 0.23448540919430555 0.0854347839891055
0 0.20340624866881982 0.4596766498164733 0.24237064437666672 0.08901481029746491
0 0.20838599581902822 0.5395461603398171 0.2344126740119445 0.08230978398910552
0 0.20101251975472278 0.6920341235081141 0.2579956443766667 0.08992486291418338
0 0.20435703172257008 0.768687628769786 0.2482933360560417 0.07531633134415223
0 0.20612085989482712 0.844468878769786 0.21540810087368065 0.07028022084904322
0 0.2173324232494452 0.923921160339817 0.2344126740119445 0.08230978398910552