0 0.9874342980225286 0.040540794493106935 0.025131403954942753 0.045935212873234696
0 0.9709237772394083 0.33224197543535644 0.05815244552118344 0.05433757475773362
0 0.9679351710548925 0.44550679994098863 0.06412965789021499 0.04852461733238052
0 0.738373357192922 0.18545908262827843 0.10963707995351371 0.05586722376899798
0 0.47260697351689646 0.013702595036650977 0.11890281930985207 0.027405190073301954
0 0.4501742346647612 0.15065701977471418 0.11788662252816065 0.06266352698730664
0 0.4099305549830195 0.49576170616484533 0.10952781930985207 0.054304723768997934
0 0.3307801064366173 0.006064693679598186 0.11468521287323466 0.012129387359196372
0 0.15433185694082044 0.15250265110495126 0.11766810124083724 0.05953852698730664
0 0.11798907342035136 0.4635765449204355 0.11912134059717552 0.05808528763096845
0 0.10559797008582716 0.5782781832880379 0.1158870799535138 0.056304266343644827
0 0.22595330079564557 0.8399262414500253 0.09335651609154336 0.04539961733238087
0 0.3796360396477808 0.680016373865543 0.11890281930985207 0.054960287630968455