0 0.33996646984757484 0.030982193190433143 0.07368293969514968 0.04432431301126601
0 0.8139312106741926 0.1353828174971055 0.08191359621281213 0.1164266335443794
0 0.16179653893302387 0.15233905298213615 0.09493174668035032 0.20585284639736087
0 0.29641697862817357 0.19843646615168672 0.09329652380771343 0.19330738229073816
0 0.6273675176593934 0.2908646247023838 0.08855448165323558 0.18379598997087018
0 0.17196746623333756 0.4236828555685609 0.09649424668035031 0.2058983105039836
0 0.3738935805965223 0.4920477253228867 0.09013516237139489 0.18696645407749277
0 0.84731796593875 0.6378318675762478 0.0917067527304745 0.18857441818411544
0 0.9115304568635636 0.6654771459477777 0.09489538524403188 0.19960284639736087
0 0.9656714935570923 0.6796138537861942 0.06865701288581541 0.19896634890464338
0 0.18059407425181045 0.698106194048363 0.09489538524403182 0.19960284639736087
0 0.24481111035616396 0.7265327224198929 0.09962833703942993 0.20755173871722904
0 0.31678155912649997 0.7450303213245363 0.10901242739850954 0.20938702335696496
0 0.3809304175377563 0.7617380996960662 0.0917067527304745 0.18857441818411544
0 0.01983435713471013 0.8582444090129154 0.03017837939029936 0.08523881802583091
0 0.2655286522160541 0.9310072737526763 0.0723295179539809 0.08021634890464355