0 0.12008667823866678 0.9443119793125465 0.12863592068857255 0.0608476880171807
0 0.11369283449926906 0.9037778859802735 0.1317063569862417 0.059321550684271786
0 0.11134165001569844 0.8592920893141371 0.13003472958157994 0.0561783693507266
0 0.10419383812746612 0.8179858366486371 0.13181548439090335 0.06244655068427187
0 0.09790912179273008 0.7743267433163645 0.12227679328391079 0.057649962682999246
0 0.06619287423980079 0.6091380953214551 0.13181548439090338 0.06244655068427196
0 0.06281246357117923 0.5693852519891823 0.12562492714235846 0.059321550684271786
0 0.06314480762706307 0.5271886613224096 0.12628961525412613 0.057722688017181056
0 0.059611824459695054 0.48353865865690954 0.11922364891939011 0.057722688017181056
0 0.05134670127379358 0.3985460406588185 0.10269340254758716 0.059157918682362975
0 0.04031992123672669 0.31666024132718207 0.08063984247345338 0.06355451734563582
0 0.03946674936702782 0.27370967266072754 0.07893349873405564 0.05883065467854491
0 0.03237350118112635 0.1902159199952275 0.0647470023622527 0.06331816000954502
0 0.026024297460262052 0.14811023599618198 0.052048594920524105 0.056904528007636034
0 0.2897344901268991 0.9837273732893201 0.1274355192372937 0.026472688017181056
0 0.23297114647231937 0.6189114426320925 0.11909722958157998 0.05605110001590834
0 0.22657730273292165 0.5783773492998197 0.1143006021769182 0.052871556015271895
0 0.208375428956457 0.4958102973026833 0.12227679328391083 0.057649962682999246
0 0.1932638388452563 0.3694750639720013 0.11742560217691822 0.05290791868236289
0 0.16408974873405563 0.24330346264322836 0.12227679328391083 0.057649962682999246
0 0.1506845023622527 0.1575568666454555 0.12852679328391078 0.057722688017181056
0 0.45430542161524484 0.9896217426002757 0.11595238221398514 0.010720418682362976
0 0.44169878341080987 0.9257319652689574 0.11920635698624164 0.05917610001590816
0 0.43069928522490847 0.8829086659373211 0.1317063569862416 0.059321550684271786
0 0.4258877888531055 0.7970620726050482 0.13483135698624166 0.05935791335136287
0 0.41407975881603865 0.7550291139401846 0.12852679328391084 0.057722688017181056
0 0.5627107209744234 0.6806729092536854 0.12227679328391083 0.057649962682999246
0 0.540424037123825 0.5138126732575035 0.1317063569862416 0.05932155068427196
0 0.5088169169755574 0.3454990252625942 0.11742560217691818 0.05290791868236298
0 0.48834570426901847 0.21610242659932127 0.12227679328391083 0.057649962682999246
0 0.4819791423807862 0.17478708326704853 0.11909722958158006 0.05605110001590834
0 0.4709250804925539 0.13352628393541205 0.11440972958158006 0.05599655601527202
0 0.46148064782308174 0.04617173460377562 0.13801092068857254 0.060956776018453694
0 0.9165276578202468 0.8803792712046878 0.1067063569862416 0.05903064934754454
0 0.9157935370390071 0.834312793205006 0.11133929328391048 0.057522693348181164
0 0.9102627888531056 0.7914258592059604 0.1253472295815797 0.056123825350090153
0 0.9070485088160387 0.7492929032065968 0.12852679328391084 0.057722688017181056
0 0.8850495124442357 0.6636463045433239 0.1285813569862416 0.05928518801718106
0 0.8858506098118305 0.6183428952100967 0.1285813569862416 0.05928518801718106
0 0.8755232342212673 0.5786355052116874 0.12227679328391083 0.057649962682999246
0 0.8684572678865312 0.5349855025461874 0.12238592068857272 0.06077496268299924
0 0.8660242378494644 0.492843455880051 0.1192063569862416 0.05917610001590834
0 0.8525644277753306 0.40865935988227814 0.1318154843909035 0.06244655068427196
0 0.8415103658870983 0.3673985605506417 0.12852679328391084 0.057722688017181056
0 0.9713937841286 0.4720940565325062 0.024801592558271322 0.0393352200031817
0 0.8320659332176262 0.2800440112190053 0.1317063569862416 0.05932155068427196
0 0.8178794368458233 0.1943065058880052 0.12227679328391083 0.057649962682999246
0 0.8108134705110872 0.1506565032225051 0.11742560217691818 0.05290791868236293
0 0.8021230059904498 0.06407411322409592 0.1348313569862416 0.059357913351362826
0 0.7951116033580445 0.02387056795036592 0.13165179328391083 0.04774113590073184