0 0.045873669721590606 0.8475691326676194 0.0741412641334942 0.16708894703379293
0 0.15133909769532322 0.825404919542283 0.06756371551297517 0.16040190445914596
0 0.5360792678671398 0.7767064315233272 0.06600121551297526 0.16029264381548422
0 0.6474262036427886 0.761136425823344 0.06756371551297527 0.16040190445914604
0 0.7000565586857427 0.7520074442606759 0.06937187697836436 0.16519866510280767
0 0.7563884458408724 0.7465115610888533 0.06780937697836435 0.16508940445914605
0 0.9266566802370402 0.7205942812515552 0.07282442559888339 0.17166718639013112
0 0.6976253567404347 0.5459049097318006 0.0710162641334943 0.16687042574646932
0 0.528919622344267 0.5717129289254371 0.06912621551297526 0.16051116510280766
0 0.09052218566410711 0.6342825288288921 0.07208744120271571 0.15760468639013112
0 0.007916562076644663 0.6404393297014123 0.015833124153289326 0.16221577673520518
0 0.003823283582513659 0.4396962845288753 0.007646567165027318 0.16123243094224943
0 0.17592069086403142 0.05931002597890047 0.05762879353213637 0.08965236188449902
0 0.2327029573723748 0.045220392807078014 0.05878185775648763 0.08194912252816074
0 0.2828667316826343 0.040985996897906864 0.0605900192218769 0.08197199379581373
0 0.33467489314802357 0.036894076599319106 0.0637150192218769 0.07378815319863821
0 0.5002146839666265 0.02396275184158541 0.055820632066746964 0.04792550368317082