0 0.9530783784242386 0.026255101413334196 0.09384324315152277 0.05251020282666839
0 0.9518477651468469 0.07340917172389072 0.09630446970630616 0.05929567049962943
0 0.9529609018694554 0.12582127224227033 0.09407819626108918 0.06411987153638869
0 0.9566545869323898 0.18271582120551108 0.08669082613522043 0.06540896946287016
0 0.9622076925361117 0.3468466717238907 0.07558461492777653 0.05929567049962943
0 0.9689676393216544 0.4521103701687519 0.062064721356691166 0.057186366352592444
0 0.968364449384589 0.50870212276065 0.06327110123082207 0.05745976842611089
0 0.9716383709626724 0.6176376253525481 0.05672325807465519 0.06017466531583313
0 0.9752733177482152 0.7218172774260666 0.04945336450356948 0.055077062205555374
0 0.8040991946107041 0.1294034764365756 0.15210787427505384 0.061424098492129355
0 0.8053549639067359 0.1874893785100941 0.15703217261537966 0.06495920160240712
0 0.8063739348624418 0.24245028058361262 0.15703217261537966 0.06495920160240712
0 0.8081149562330662 0.2965615821387515 0.1585946726153799 0.06509590263916643
0 0.8133962973146408 0.40777248421227 0.15546967261537964 0.0648225005656478
0 0.8144152682703467 0.4627333862857885 0.16171967261537992 0.06536930471268505
0 0.816393087981297 0.5199696878409273 0.16136447510489083 0.06068180471268505
0 0.8220403593519213 0.5737392368041682 0.1682064709557057 0.06904110885972195
0 0.8261251307225457 0.6276454868041681 0.16171967261537964 0.06536930471268487
0 0.8251000400651783 0.8943347008004181 0.16183807178554294 0.06693180471268505
0 0.8228989226386018 0.9275573039106959 0.14950309253146726 0.027049098492129532
0 0.5823631367226084 0.0030253083409495563 0.1600387734452168 0.006050616681899113
0 0.5874076794638571 0.08230146691745481 0.15679537427505377 0.061834201602407116
0 0.5999579915011376 0.2479264669174548 0.16484467261537983 0.0656427067862034
0 0.6054761309230383 0.3622623689909733 0.17781826929603178 0.07298631508027746
0 0.6196975319673012 0.64334627365639 0.15234467261537965 0.06454909849212935
0 0.6207757025080884 0.6990884257299085 0.16484467261537983 0.06564270678620332
0 0.6235948944195002 0.808941879358566 0.17000576929603178 0.07230280989648108
0 0.38003288734730833 0.08550225376967664 0.17000576929603187 0.07230280989648116
0 0.3826744805034754 0.19301195739833404 0.1619564709557059 0.06849430471268488
0 0.3982789375617341 0.36780690584319514 0.16171967261537984 0.06536930471268487
0 0.3955692572726845 0.4254533105086118 0.17121307178554276 0.06775201093324039
0 0.40133492781347185 0.4807853594718526 0.17121307178554285 0.06775201093324039
0 0.39808079586474826 0.5416251146556489 0.18094326929603194 0.07325971715379609
0 0.40402406516078015 0.5993009136188896 0.17433807178554286 0.06802541300675884
0 0.4063580049975994 0.7131289677659266 0.16508147095570588 0.06876770678620332
0 0.16358093838692672 0.19723800202625028 0.18058807178554281 0.06857221715379595
0 0.1647775080978771 0.2545426540997688 0.17469326929603185 0.07271291300675893
0 0.1707799769789905 0.3129997030630095 0.1840682692960319 0.07353311922731454
0 0.16758504461534846 0.3746207082468058 0.18094326929603186 0.07325971715379591
0 0.18731200707219184 0.7283608629122225 0.18082487012586887 0.07169721715379591
0 0.18538357678314224 0.7859389170592596 0.17445647095570585 0.06958791300675901
0 0.19036799732392956 0.8413393165408799 0.17457487012586884 0.07115041300675884
0 0.1960152686945539 0.8951088655041206 0.17769987012586883 0.07142381508027747
0 0.1937316408950152 0.9479994196511576 0.16484467261537983 0.06564270678620332