0 0.9350327413621267 0.19026143018329938 0.06269786397194572 0.1262728656913195
0 0.6796047617201924 0.14843238041204918 0.06103523442229637 0.12467399810013893
0 0.6356044378460689 0.14350783785899357 0.06143575262089378 0.13092399810013894
0 0.920296020201182 0.34983579872441045 0.06143575262089342 0.13092399810013902
0 0.8335074190291628 0.3345543312094798 0.05967299352159507 0.12776263050895836
0 0.6627245496585463 0.3110771975663894 0.05947273442229637 0.12463763050895835
0 0.4480216995662613 0.2717562051658337 0.06622338217054295 0.13259560087368066
0 0.40225861659283935 0.26367029502159756 0.061435752620893735 0.13092399810013894
0 0.3572767836194174 0.25560256867295167 0.06446062307124434 0.1294342332825001
0 0.12475537785160631 0.21820709897381954 0.07443640036914027 0.13902743882958335
0 0.8590149660668155 0.5013060733256951 0.06259773442229637 0.1247103656913195
0 0.8179894478682183 0.4941105159550007 0.06446062307124442 0.12943423328249998
0 0.6854377637227771 0.47074313829583386 0.06884773442229637 0.12485583605604163
0 0.4743605613787386 0.4393073810776393 0.06798614126984148 0.13575696846486113
0 0.38860353408084275 0.4279503473582989 0.06642364126984165 0.13572060087368065
0 0.8458407449058709 0.6609168094579868 0.06446062307124442 0.12943423328249998
0 0.8006586528331503 0.6497240831093409 0.06279799352159507 0.1278353656913195
0 0.6744070334625338 0.6272834258148963 0.06103523442229637 0.12467399810013902
0 0.5904628300387612 0.6198690096867365 0.06446062307124442 0.12943423328249998
0 0.4612364049926187 0.5996993672099309 0.06309838217054295 0.1325228656913195
0 0.8290909407715045 0.8134235604079173 0.06103523442229637 0.12467399810013902
0 0.5320564520302714 0.7675057694703823 0.06289812307124443 0.1293978656913195
0 0.3599614065337782 0.7478985182361113 0.06309838217054295 0.1325228656913195
0 0.270979249686233 0.73490624933441 0.06446062307124434 0.12943423328249998
0 0.1804846576135124 0.7226588628415278 0.06622338217054295 0.13259560087368066
0 0.13668459283868772 0.7208593202884723 0.06436049352159498 0.12787173328249998
0 0.6863398411406447 0.9413484856088719 0.06289812307124443 0.11730302878225629
0 0.3891248796973076 0.910834929330278 0.05927247532299766 0.12151263050895836
0 0.3465368614987103 0.9036030043684031 0.05927247532299775 0.12151263050895836