0 0.1215623874018267 0.8411060362890886 0.13521330290255767 0.07261444906292809
0 0.11212538921592526 0.79781903754273 0.1193154843909034 0.06434730799670092
0 0.07973701906765766 0.6279551669304743 0.1352678666048885 0.0741769490629279
0 0.06929308158886217 0.5463187220241815 0.1367212392002268 0.07109741316955046
0 0.2823089144436687 0.8512575892712249 0.13521330290255767 0.07261444906292809
0 0.27675088440660184 0.8088655007914227 0.13348711179556502 0.06788148495630528
0 0.2681224180718658 0.7648199840983754 0.12885417549789596 0.06930759263643722
0 0.44064969329960924 0.8183267319868044 0.13359623920022673 0.07100648495630528
0 0.4382985088160387 0.7736818217202476 0.13348711179556508 0.06788148495630537
0 0.4202330442954011 0.6863493062808415 0.13359623920022687 0.0710064849563052
0 0.3981249205189365 0.6028093805748785 0.13359623920022673 0.0710064849563052
0 0.3894418904818696 0.560326363881831 0.13030754809323425 0.06622805674305994
0 0.3807042967424718 0.5194058471887837 0.13030754809323425 0.06622805674305994
0 0.3752281122589013 0.4746700087089816 0.13359623920022673 0.0710064849563052
0 0.33179311470597195 0.3076128893503672 0.12729167549789597 0.0692621285298145
0 0.32305552096657425 0.2666923726573197 0.13041667549789598 0.06935305674305985
0 0.30973955463183817 0.22251046364440427 0.13359623920022684 0.0710064849563052
0 0.28458827640886986 0.136535859725196 0.12885417549789596 0.06930759263643713
0 0.2680927463718029 0.09382552249903517 0.13672123920022683 0.07109741316955058
0 0.5966938513743101 0.7391884644358271 0.13348711179556502 0.0678814849563052
0 0.562906672333035 0.5645916297169487 0.14453373920022675 0.07132473370266404
0 0.5581298922959681 0.522222273290458 0.15552580290255769 0.0732054824490227
0 0.5423064848542396 0.48265966811760846 0.14776786660488844 0.07454066191590947
0 0.5304166092636764 0.44242947321131576 0.13359623920022673 0.0710064849563052
0 0.5170460792266095 0.39981006419840026 0.13672123920022675 0.07109741316955054
0 0.764471628416152 0.7495446058977653 0.13359623920022692 0.0710064849563052
0 0.7550346302302506 0.7062576071514066 0.13661211179556504 0.06797241316955045
0 0.7431993183420182 0.6644649122451138 0.1304166754978958 0.06935305674305994
0 0.9078992246026205 0.6285909113871839 0.1413541754978958 0.0696713054894186
0 0.8984895082678845 0.5845226626408252 0.13359623920022692 0.0710064849563052
0 0.8936854463796522 0.5429345562143345 0.1367212392002269 0.07109741316955046