0 0.304722131332838 0.970439530005819 0.07218801779449713 0.059120939988362056
0 0.3920138842985875 0.9598845383407687 0.07489652372599612 0.08023092331846264
0 0.4350781347928791 0.9593264289476522 0.07352502471457942 0.08134714210469554
0 0.5227837232338922 0.9468501987220105 0.07416169467652338 0.10629960255597908
0 0.5685737257053501 0.9420271007683028 0.07585152866891214 0.11594579846339456
0 0.70141540061021 0.9265440747246835 0.07403436068413463 0.13529951333591939
0 0.747237236579765 0.9177429016960851 0.07240819368794008 0.1336094675782853
0 0.7905243215607369 0.9134379100310346 0.07090936068413445 0.1350444218206505
0 0.8396303250207782 0.9009855785177052 0.07240819368794008 0.13360946757828493
0 0.8838578274922361 0.8928381097314724 0.07397069368794007 0.1337370133359194
0 0.08540839863304357 0.8856660462166766 0.08085736364988402 0.1498721963664579
0 0.1312302346025987 0.876864873188078 0.08060269566510643 0.1436221963664579
0 0.22599890654170895 0.8595176186461501 0.08847886266130087 0.1458224251546305
0 0.39720008589519307 0.81313631047068 0.07585152866891196 0.1416770590935541
0 0.5321308428152752 0.7912289727484327 0.07403436068413445 0.13529951333591955
0 0.7094546881763705 0.7484828476035006 0.07585152866891214 0.14167705909355402
0 0.8448629475679107 0.7148567598812534 0.07747769566510634 0.14336710485118864
0 0.09032268619920421 0.7073497275802246 0.07916752965749523 0.1466196506088231
0 0.13455018867066212 0.6992022587939917 0.07597886266130086 0.144802059093554
0 0.22566727859455 0.6752861398579775 0.07923119665368963 0.1481821506088231
0 0.2683322810660079 0.66701112531411 0.07747769566510643 0.14336710485118864
0 0.3585089534994098 0.6469374834992785 0.07566052768032883 0.1369895590935542
0 0.5363593808757274 0.6105051312331636 0.07722302768032882 0.13711710485118864
0 0.6255956358186434 0.5942739665395148 0.07923119665368965 0.1481821506088231
0 0.6714174717881984 0.5854727935109164 0.07923119665368965 0.1481821506088231
0 0.7165853917501425 0.5734828476035008 0.07747769566510634 0.14336710485118864
0 0.7587556457044752 0.5581128101808159 0.07103669467652338 0.13816942182065048
0 0.8075433141835443 0.5534729786674865 0.0710366946765233 0.13816942182065048
0 0.8503674841454881 0.5412917141236189 0.07578786167271759 0.14011455909355403
0 0.9411980725865012 0.5244068451876047 0.07747769566510634 0.14336710485118864
0 0.964922074069376 0.5192887815521228 0.03972302768032883 0.1340560066679597
0 0.40761891003893114 0.4612549460765936 0.07090936068413445 0.1350444218206505
0 0.5856285049057348 0.4209163438104788 0.07403436068413445 0.13529951333591955
0 0.6766182608372339 0.4001252248744646 0.07240819368794008 0.13360946757828493
0 0.27919677418310673 0.30419226092002355 0.0741616946765233 0.13842451333591957
0 0.7735263888215739 0.19561281018081583 0.06921952669174587 0.13179187606301596
0 0.8952713962359479 0.17027758351867509 0.05840936068413427 0.13402405575957416
0 0.1518596358558244 0.15897587152108805 0.07272652866891205 0.141421967578285
0 0.23828922577971223 0.13467711531217025 0.07240819368794008 0.133609467578285
0 0.5089319896198766 0.09092621274649307 0.0665110207602467 0.1035393303053814
0 0.5969094920913346 0.08635002517402704 0.06555601581733086 0.08010183030538143
0 0.6889205785551813 0.07896770199564736 0.05965884288963732 0.050031693032477786
0 0.7313627465399589 0.0761614374517798 0.062274506920082115 0.037786784547746866