0 0.1453125 0.0796875 0.034375 0.11875
0 0.1875 0.0796875 0.034375 0.1140625
0 0.2328125 0.0796875 0.0359375 0.11875
0 0.2765625 0.08359375 0.0375 0.121875
0 0.3203125 0.08359375 0.0375 0.125
0 0.409375 0.08359375 0.0359375 0.121875
0 0.453125 0.090625 0.0359375 0.125
0 0.5421875 0.08671875 0.0375 0.11875
0 0.809375 0.08671875 0.0359375 0.1109375
0 0.8546875 0.090625 0.0375 0.11875
0 0.896875 0.09375 0.034375 0.11875
0 0.98125 0.096875 0.034375 0.1109375
0 0.1859375 0.246875 0.0359375 0.121875
0 0.23125 0.246875 0.034375 0.121875
0 0.365625 0.25 0.0375 0.11875
0 0.6296875 0.253125 0.034375 0.1171875
0 0.01875 0.40625 0.0328125 0.115625
0 0.0984375 0.409375 0.034375 0.11875
0 0.275 0.409375 0.034375 0.11875
0 0.3203125 0.41640625 0.034375 0.11875
0 0.3640625 0.41328125 0.0359375 0.11875
0 0.628125 0.41640625 0.034375 0.115625
0 0.7171875 0.4234375 0.0359375 0.1171875
0 0.80625 0.4234375 0.034375 0.1171875
0 0.85 0.4234375 0.0359375 0.121875
0 0.89375 0.42734375 0.034375 0.121875
0 0.0203125 0.5765625 0.034375 0.128125
0 0.228125 0.5796875 0.034375 0.121875
0 0.40625 0.58359375 0.0359375 0.125
0 0.4953125 0.58359375 0.0359375 0.11875
0 0.6265625 0.58671875 0.0328125 0.1171875
0 0.715625 0.58359375 0.0375 0.11875
0 0.85 0.590625 0.0359375 0.121875
0 0.940625 0.58671875 0.0375 0.121875
0 0.978125 0.58671875 0.03125 0.1171875
0 0.1859375 0.74296875 0.034375 0.125
0 0.3640625 0.746875 0.0359375 0.125
0 0.4515625 0.746875 0.0359375 0.121875
0 0.6296875 0.75 0.034375 0.11875
0 0.7609375 0.75 0.034375 0.11875
0 0.8046875 0.75 0.0328125 0.11875
0 0.89375 0.753125 0.034375 0.1140625
0 0.184375 0.903125 0.0328125 0.115625
0 0.4515625 0.909375 0.0359375 0.11875
0 0.6265625 0.91640625 0.034375 0.128125
0 0.934375 0.9203125 0.03125 0.115625