0 0.1125 0.059375 0.0375 0.1109375
0 0.2953125 0.065625 0.034375 0.1109375
0 0.6546875 0.05546875 0.0328125 0.1109375
0 0.9046875 0.0796875 0.0296875 0.11875
0 0.1109375 0.19453125 0.0359375 0.1359375
0 0.525 0.20859375 0.0328125 0.11875
0 0.059375 0.3578125 0.0359375 0.121875
0 0.10625 0.3578125 0.0359375 0.125
0 0.6109375 0.378125 0.0328125 0.115625
0 0.1484375 0.53828125 0.0359375 0.128125
0 0.1953125 0.53828125 0.0359375 0.121875
0 0.8734375 0.559375 0.034375 0.121875
0 0.1453125 0.71171875 0.0375 0.128125
0 0.1921875 0.71171875 0.0359375 0.1328125
0 0.3828125 0.715625 0.0375 0.121875
0 0.4296875 0.715625 0.034375 0.121875
0 0.0953125 0.8890625 0.0328125 0.128125
0 0.2859375 0.8921875 0.0359375 0.128125
0 0.56875 0.8921875 0.0390625 0.125
0 0.7015625 0.89609375 0.03125 0.125
0 0.746875 0.8921875 0.03125 0.128125
0 0.7890625 0.8921875 0.0328125 0.125
0 0.8765625 0.8921875 0.03125 0.11875
0 0.9578125 0.8921875 0.03125 0.121875