0 0.38033001033457303 0.9594280326232447 0.05749147642635144 0.08114393475351064
0 0.4776223872990437 0.9536528765014654 0.053531722497410075 0.09269424699706938
0 0.29976059883819894 0.8106960553606578 0.06316358767505648 0.15072951186299796
0 0.5464515082676584 0.7833191077555661 0.059383616211103704 0.13653967787060922
0 0.6410362621965998 0.7715777945234239 0.05625861621110388 0.13641234387822046
0 0.8303877065722473 0.7520014180591397 0.06570639081820957 0.1383568458553869
0 0.21631874441391954 0.626390039543327 0.06003858767505647 0.1506021778706092
0 0.2644651459854961 0.6221137164253531 0.0633091368892682 0.15385451186299798
0 0.36686239991443753 0.6106907381741828 0.06472608767505647 0.15079317885919252
0 0.46862395305759064 0.6023609264249157 0.06458053846084474 0.14766817885919253
0 0.5630631577723204 0.5874946131927735 0.06287248924663302 0.14447951186299815
0 0.6113551085581086 0.5863432900747997 0.06301803846084475 0.14760451186299797
0 0.6593923482190265 0.5797232169568257 0.06109166542531543 0.13972834486680377
0 0.7516333521479679 0.5678864032303921 0.06316358767505648 0.15072951186299816
0 0.8005610037195444 0.5636419136105154 0.06316358767505648 0.15072951186299816
0 0.847181292594674 0.5600831734963471 0.056622489246633025 0.14422484387822046
0 0.9413486695591446 0.5561225267661077 0.056622489246633025 0.14422484387822046
0 0.9781935822983729 0.5525637866519395 0.04361283540325402 0.15072951186299816
0 0.04127158684648693 0.4508276709505271 0.04688361621110373 0.13603034190105417
0 0.132913277293193 0.4428652737259962 0.05938361621110375 0.13653967787060922
0 0.23467483043634613 0.4345354619767289 0.06450776385373888 0.1461056788591925
0 0.43645350020488777 0.4139059214819997 0.06316358767505648 0.15072951186299816
0 0.8190626389561828 0.37491233604391716 0.06650691149637389 0.1555443458553869
0 0.9122668294028887 0.36701360581558073 0.06003858767505647 0.1506021778706093
0 0.9587051817602538 0.35954861570141244 0.057059136889268204 0.15359984387822062
0 0.04523768713693719 0.2513688404181794 0.061601087675056454 0.15066584486680373
0 0.1959632791552198 0.2395757890490354 0.056622489246633025 0.14422484387822054
0 0.30081344499482005 0.2305920612921568 0.05833053846084475 0.14741351087441493
0 0.40257499813797315 0.22226224954288948 0.05469611621110371 0.1363486768820261
0 0.5984675409420441 0.2091905410633828 0.06109166542531543 0.1397283448668037
0 0.9324765138537389 0.18147269524517695 0.0633091368892682 0.1538545118629981