0 0.8138133736895531 0.034533562438265865 0.04424825262089378 0.06906712487653173
0 0.7190317998154299 0.03925741254315658 0.04248549352159507 0.07851482508631316
0 0.6666379850406052 0.043702747813550255 0.04923614126984166 0.08740549562710051
0 0.6172189759413065 0.04713003474361789 0.04923614126984148 0.09426006948723578
0 0.5657065407161312 0.04791174605130778 0.04903588217054296 0.09582349210261557
0 0.42029391116648185 0.05338770767134764 0.047273123071244386 0.10677541534269527
0 0.3519747077427093 0.05710516482985266 0.045310104872647014 0.11421032965970532
0 0.277505633868586 0.06226089512122448 0.04541023442229637 0.12452179024244896
0 0.178767745219638 0.07352889792076317 0.04767364126984162 0.13733497925407562
0 0.08516793954411199 0.0782890981305446 0.046872604872647064 0.12483497925407558
0 0.03950498612033937 0.0871914240652723 0.04747338217054298 0.1342099792540756
0 0.9065144085455883 0.13344708835906038 0.04943640036914019 0.14057837842423862
0 0.8136958528700623 0.13814808898376035 0.052861789018088245 0.1455026767645647
0 0.7631649267441856 0.13808981201405862 0.05023743676633483 0.1530783784242386
0 0.6610016494462896 0.15516075807465515 0.051299289018088244 0.14538427759440165
0 0.462213696022517 0.17566620268535918 0.052761659468438894 0.14394017676456466
0 0.41289481647286763 0.18095827654549446 0.0498369185677376 0.14682837842423863
0 0.267382057373569 0.1950943993706557 0.046311400369140276 0.1403415800839126
0 0.2213383721483937 0.1978059248904649 0.046111141269841574 0.13721658008391255
0 0.1221196221483937 0.20532427219581692 0.04843510487264703 0.12495337842423862
0 0.07290087214839368 0.20905384605595217 0.04923614126984162 0.1374533784242386
0 0.9042941671834616 0.30154589292316375 0.046111141269841484 0.13721658008391255
0 0.8588815376338121 0.3065419688578915 0.052861789018088245 0.1455026767645647
0 0.8065377876338122 0.3105083410583528 0.04973678901808824 0.1452658784242386
0 0.45301226943521494 0.34351655351519617 0.04611114126984166 0.13721658008391263
0 0.403643325110741 0.3495898773753314 0.052861789018088245 0.1455026767645647
0 0.203973992137319 0.371717021571117 0.04943640036914028 0.14057837842423862
0 0.15450491826319573 0.3793528454312522 0.05452441856773751 0.1471835759347277
0 0.05259196483942311 0.3925175414918488 0.0521003254152828 0.15788427759440166
0 0.801653621225543 0.4959130447926191 0.04661178901808825 0.14502908008391255
0 0.7529657973514198 0.5034896690676729 0.04963665946843889 0.1437033784242386
0 0.3403656678017704 0.5363095499907112 0.0536628254152828 0.15800267676456467
0 0.1877715939276471 0.551759719081606 0.04983691856773751 0.1468283784242388
0 0.1368902143779978 0.5571701921119043 0.04807415946843889 0.1435849792540756
0 0.8978813718438519 0.6806530524662889 0.052861789018088245 0.1455026767645647
0 0.8500248627445532 0.6873892271562612 0.05512519586563371 0.15655857593472772
0 0.7988628809431505 0.6850463997716411 0.051038473163529476 0.16557837842423861
0 0.7458182240956053 0.6999502719721022 0.05542558451458142 0.1612460759347277
0 0.6943057888704299 0.7030761945874822 0.05416347316352947 0.16581517676456467
0 0.64118078887043 0.7071017663730249 0.05356269586563336 0.15644017676456468
0 0.585080983194904 0.7090203864988938 0.0560869185677376 0.14730197510489074
0 0.37653729796972857 0.7240454257156574 0.04661178901808825 0.14502908008391255
0 0.32663742751937785 0.7262716991608743 0.05260097316352948 0.16569677759440146
0 0.11593046499630663 0.750790137547801 0.05688795496493211 0.15980197510489055
0 0.8910039088593553 0.8607666049557998 0.04923614126984148 0.13745337842423871
0 0.8442092520118101 0.8751968804756093 0.052521827574751254 0.11593357593472789
0 0.7945096406607581 0.8742981539208259 0.05156010487264702 0.12519017676456484
0 0.7414847702104074 0.8767612257063686 0.054885363971945725 0.12855197510489091
0 0.6280032611111087 0.8884701655431879 0.05135984577334831 0.12206517676456485
0 0.5811282611111087 0.8920221406480786 0.05448484577334831 0.12230197510489056
0 0.417947140660758 0.9028323539301149 0.05156010487264702 0.12519017676456484
0 0.363560029309706 0.9022888248858205 0.04903588217054296 0.13432837842423878
0 0.31028483498523196 0.9086581466713632 0.05186049352159498 0.12987767676456485
0 0.26023477021040736 0.9132281701165802 0.054885363971945725 0.12855197510489091
0 0.20612826111110868 0.9204379414872044 0.0576098457733484 0.12253877344521698
0 0.012488596548540763 0.9346817307039682 0.024977193097081525 0.12542697510489093