0 0.603125 0.48984375 0.08125 0.08125
0 0.27109375 0.61796875 0.06875 0.078125
0 0.23828125 0.74765625 0.0828125 0.0953125
0 0.72421875 0.3828125 0.0671875 0.0734375
0 0.29609375 0.371875 0.0515625 0.0546875
0 0.5 0.621875 0.078125 0.0859375
0 0.61171875 0.625 0.0875 0.090625
0 0.73125 0.63125 0.078125 0.090625
0 0.83515625 0.49296875 0.0765625 0.0828125
0 0.4953125 0.38515625 0.0640625 0.0734375
0 0.715625 0.490625 0.078125 0.0828125
0 0.609375 0.384375 0.065625 0.0765625
0 0.83828125 0.6328125 0.0828125 0.0921875
0 0.1921875 0.37421875 0.0484375 0.0671875
0 0.39453125 0.3828125 0.0625 0.071875
0 0.15234375 0.62265625 0.0765625 0.0828125
0 0.83046875 0.38125 0.0765625 0.0765625
0 0.2796875 0.49140625 0.0796875 0.078125
0 0.4953125 0.49375 0.0765625 0.08125
0 0.3875 0.490625 0.0703125 0.08125
0 0.384375 0.61875 0.0796875 0.078125
0 0.17265625 0.48515625 0.05625 0.071875
0 0.38763797499999997 0.8019837453124999 0.3931861046875 0.7006841953125 0.3065858265625 0.697274715625 0.2960935859375 0.8012898703125 0.38763797499999997 0.8019837453124999
0 0.5032243078125 0.80475903125 0.506923084375 0.7034595343750001 0.4198792390625 0.69814175625 0.409830565625 0.7999022265625 0.5032243078125 0.80475903125
0 0.6197353156250001 0.8019837453124999 0.6197353156250001 0.70415335625 0.531889703125 0.6999903734374999 0.5309650265625 0.8005960484375001 0.6197353156250001 0.8019837453124999
0 0.7408698484375 0.80475903125 0.72792409375 0.7006841953125 0.638373678125 0.7033440046874999 0.6493253890624999 0.8082281921875 0.7408698484375 0.80475903125