0 0.1484375 0.1078125 0.0390625 0.121875
0 0.225 0.1078125 0.0359375 0.1359375
0 0.2625 0.1078125 0.0328125 0.1328125
0 0.34375 0.10078125 0.0359375 0.125
0 0.378125 0.096875 0.034375 0.125
0 0.459375 0.096875 0.0265625 0.1078125
0 0.5765625 0.10390625 0.03125 0.1109375
0 0.109375 0.25 0.0296875 0.1109375
0 0.14375 0.25 0.028125 0.1078125
0 0.18125 0.25 0.028125 0.1078125
0 0.3 0.24296875 0.03125 0.1109375
0 0.73125 0.25703125 0.03125 0.1109375
0 0.0375 0.39921875 0.025 0.1078125
0 0.10625 0.39921875 0.0265625 0.1078125
0 0.18125 0.39609375 0.028125 0.115625
0 0.21875 0.39609375 0.028125 0.1109375
0 0.14375 0.54140625 0.028125 0.1109375
0 0.21875 0.5453125 0.028125 0.1109375
0 0.2546875 0.5453125 0.03125 0.1109375
0 0.296875 0.54140625 0.0296875 0.1078125
0 0.3375 0.54140625 0.028125 0.1109375
0 0.496875 0.5453125 0.03125 0.1140625
0 0.5359375 0.5453125 0.03125 0.1109375
0 0.615625 0.5484375 0.03125 0.125
0 0.696875 0.5484375 0.03125 0.1109375
0 0.8484375 0.5484375 0.028125 0.121875
0 0.0359375 0.690625 0.0265625 0.1109375
0 0.071875 0.690625 0.028125 0.1109375
0 0.140625 0.6875 0.028125 0.1109375
0 0.178125 0.69453125 0.0296875 0.1140625
0 0.215625 0.690625 0.0296875 0.1109375
0 0.25625 0.69453125 0.0328125 0.1109375
0 0.29375 0.69453125 0.03125 0.1109375
0 0.375 0.69765625 0.028125 0.096875
0 0.496875 0.69453125 0.0296875 0.1078125
0 0.0703125 0.83671875 0.028125 0.1078125
0 0.10625 0.840625 0.0265625 0.1046875
0 0.140625 0.83671875 0.0296875 0.1015625
0 0.3328125 0.84375 0.0265625 0.090625
0 0.6171875 0.85078125 0.03125 0.1109375
0 0.7375 0.85390625 0.0328125 0.1046875