0 0.09697271562500001 0.395714625 0.186860703125 0.395166265625 0.1912454703125 0.3041408875 0.09989591249999999 0.305785921875 0.09697271562500001 0.395714625
0 0.215361775 0.388586134375 0.308172903125 0.3929728953125 0.31255767031250004 0.31017269375 0.22493993437499998 0.30369634375 0.215361775 0.388586134375
0 0.33009679687500004 0.3079793015625 0.3300093671875 0.30780775625 0.322058046875 0.40119808125 0.417792428125 0.40174641875 0.42071556875000005 0.31017269375 0.33009679687500004 0.3079793015625
0 0.44994742656250003 0.403939809375 0.5398354140625 0.4006497234375 0.53618143125 0.314559475 0.4442152734375 0.3146601109375 0.44994742656250003 0.403939809375
0 0.6641810593749999 0.41380022812500006 0.6734231359375 0.323264021875 0.5836304109375 0.3168820484375 0.5738142359375 0.408021321875 0.6641810593749999 0.41380022812500006
0 0.7956237515625 0.4003161125 0.791516153125 0.3097799078125 0.7030268671875 0.3067718640625 0.7057703703125 0.39761928750000003 0.7956237515625 0.4003161125
0 0.8192423859375 0.3090093921875 0.817929909375 0.3096604890625 0.8274575046875 0.39684876406249997 0.921931965625 0.3980045421875 0.90960916875 0.3097799078125 0.8192423859375 0.3090093921875
0 0.056536803125 0.5258183843750001 0.15447578125 0.5276490265625 0.17156893281250002 0.42804290937499995 0.07437480937499999 0.42690782812499994 0.056536803125 0.5258183843750001
0 0.18199589375 0.5212579484375001 0.282215496875 0.5263657765625 0.296964803125 0.42846550156249996 0.19977070937500002 0.42222258437500004 0.18199589375 0.5212579484375001
0 0.411933740625 0.5281392296874999 0.4176065484375 0.43222534062499995 0.32349828125 0.42879362656250003 0.3147395890625 0.52359893125 0.411933740625 0.5281392296874999
0 0.543400065625 0.5275004484375 0.5392400125 0.43414047343749995 0.44737514687499996 0.431275890625 0.448853271875 0.52636536875 0.543400065625 0.5275004484375
0 0.669714590625 0.5226763859375 0.6625290578125 0.4278975546875 0.57267045 0.4238290953125 0.577436940625 0.519271146875 0.669714590625 0.5226763859375
0 0.8004223546875 0.5226026906250001 0.793236821875 0.42725633125 0.697965753125 0.42489292343749996 0.7032282624999999 0.5214676109374999 0.8004223546875 0.5226026906250001
0 0.8285540234375001 0.429271465625 0.8389974656250001 0.523737771875 0.9403516406250001 0.5271429890625 0.9256023062500001 0.43236416875000006 0.8285540234375001 0.429271465625
0 0.14067166250000002 0.6816915921875 0.14331896093750002 0.572156796875 0.0393379890625 0.5780841624999999 0.032131925 0.6882182859375 0.14067166250000002 0.6816915921875
0 0.275684475 0.6777188234375 0.2862737265625 0.5698866484375 0.18874672812499999 0.5702827562499999 0.17319575468749998 0.6785701390625001 0.275684475 0.6777188234375
0 0.41602268125 0.677501425 0.4171572546875 0.57052054375 0.31593328125000003 0.570991975 0.31202120624999996 0.679204034375 0.41602268125 0.677501425
0 0.5582210546875 0.6811904296875 0.5570865390625 0.5733582328125 0.457304209375 0.570637365625 0.45384142812499995 0.680622878125 0.5582210546875 0.6811904296875
0 0.5831153718750001 0.5734921749999999 0.5892817421875 0.683243984375 0.6917704625 0.6818251390625 0.680046665625 0.5739929421875 0.5831153718750001 0.5734921749999999
0 0.7297073296875001 0.6871398 0.8333306234375 0.6860047203125 0.8155558078125 0.5784563 0.7192423156250001 0.577729553125 0.7297073296875001 0.6871398
0 0.8461889921875001 0.6860047203125 0.9551068828125 0.692247628125 0.9475431390625 0.5827128328125 0.84311918125 0.57879338125 0.8461889921875001 0.6860047203125
0 0.1319965484375 0.845559534375 0.24491087656250002 0.8412088328125 0.25315058437500004 0.71709945 0.142387234375 0.7217224703125 0.1319965484375 0.845559534375
0 0.5160257140625 0.8444697921875 0.518691615625 0.720698796875 0.412510940625 0.71857484375 0.40555276406249996 0.8417219890625001 0.5160257140625 0.8444697921875
0 0.6578620609375 0.8393171562499999 0.651453390625 0.7184135546875 0.546046671875 0.7174302515625001 0.5476942796875 0.8390881765625 0.6578620609375 0.8393171562499999
0 0.7997992968750001 0.8385040531250001 0.7766060875 0.7154926078125 0.6719517890625 0.7208640265625 0.6908522390625 0.8450976125 0.7997992968750001 0.8385040531250001