0 0.6010649400368537 0.9675589083412843 0.17050368969849786 0.04451633225631966
0 0.6315499233669541 0.8807485861529509 0.19046524545807203 0.09800500816812523
0 0.6572040144231813 0.7635240653513884 0.1853951081851685 0.09320840539458342
0 0.6666110942695208 0.7061655070307633 0.18839256242753405 0.09171864057694457
0 0.6765443326005911 0.6456637649145481 0.17563747091226495 0.08830269984750014
0 0.7132955492607923 0.47260681820118 0.17056733363936125 0.08350609707395851
0 0.7247595945593849 0.35414710572024244 0.17745506242753387 0.09146406743868063
0 0.752231277130881 0.2400112173274994 0.17212983363936124 0.083542464665139
0 0.7576045612195859 0.18118107798482577 0.16469997091226496 0.08804812670923626
0 0.7767055054600118 0.12751056411711742 0.17069487939699587 0.08506859707395846
0 0.4015913563974923 0.8923628058520829 0.1883925624275339 0.09171864057694457
0 0.4109346633650145 0.8342229975314581 0.18839256242753405 0.09171864057694457
0 0.41708919745371953 0.7753746743931942 0.1853951081851685 0.0932084053945836
0 0.4403357656311293 0.6574234549784025 0.19502519970043758 0.09655161094166687
0 0.4604573338085392 0.5395449707459719 0.1853951081851685 0.0932084053945836
0 0.5041443345574452 0.30762151709874963 0.17745506242753387 0.09146406743868071
0 0.5375792325811946 0.1322935555677426 0.1853951081851685 0.0932084053945835
0 0.5524550624275341 0.07480771067798567 0.18344997091226495 0.08848453780340293
0 0.16743975488028362 0.8430213417556249 0.1856501997004376 0.0963334053945836
0 0.23984207380659953 0.49301938212447904 0.18864765394280303 0.09484364057694457
0 0.2947059484924896 0.1966515687698609 0.19709788273097573 0.10283797853284735
0 0.3139824937910822 0.07801001833302057 0.1886476539428031 0.09484364057694461
0 0.7776623565181786 0.06252134375239518 0.17745506242753403 0.0914640674386807