0 0.8770506858825613 0.8360316259690812 0.04494212743398407 0.15928571996293295
0 0.8231853461909868 0.8355703236994959 0.04661372158978585 0.165590283665264
0 0.6032137654278661 0.8237325557281465 0.051137580356083664 0.15637897477225654
0 0.33255639205107157 0.8081993580825501 0.04790348620028233 0.15001984736759474
0 0.8915473827155808 0.6317434300527653 0.051137580356083845 0.15637897477225665
0 0.8376684062545309 0.6320633777831798 0.04801258035608384 0.15626984736759475
0 0.7814593165629565 0.6316839210670906 0.05426258035608349 0.15648810217691816
0 0.34464115503671505 0.6078992577197303 0.04790348620028233 0.15001984736759474
0 0.29311956534514055 0.6073561098966486 0.04790348620028233 0.15001984736759474
0 0.18699229627041708 0.6040351916551467 0.04466939204448095 0.14366071996293323
0 0.6275060223244295 0.4161011050025071 0.04790348620028233 0.1500198473675948
0 0.5167048900191814 0.41216262786799784 0.049684174511885004 0.1625744110699257
0 0.4066168238665572 0.4121031188823232 0.052700080356083666 0.1564335384745874
0 0.03900262987291161 0.40464037078123977 0.043161439122381615 0.14673115626060226
0 0.8683606676153215 0.21561992224821705 0.051137580356083845 0.15637897477225648
0 0.2594220442385269 0.2118997661572508 0.047739844966580236 0.14064484736759478
0 0.20561125162485308 0.2083134638876653 0.04784893912238166 0.14689484736759484
0 0.10029250608907996 0.20340276379499808 0.047903486200282286 0.15001984736759483
0 0.9378761010556602 0.044963976142641957 0.050319374187573374 0.08992795228528391
0 0.7115454261367381 0.039544844561629 0.05012845941492117 0.079089689123258
0 0.32259202029253947 0.04319938457623784 0.048565959414921075 0.08639876915247569
0 0.26794543060096493 0.04178321751586239 0.04535913879807012 0.08356643503172478