0 0.096875 0.1703125 0.0328125 0.125
0 0.2921875 0.18046875 0.0296875 0.121875
0 0.36875 0.18046875 0.0328125 0.11875
0 0.4484375 0.184375 0.034375 0.103125
0 0.4828125 0.184375 0.028125 0.1
0 0.846875 0.2046875 0.028125 0.096875
0 0.953125 0.215625 0.025 0.096875
0 0.2125 0.309375 0.03125 0.115625
0 0.134375 0.309375 0.03125 0.1078125
0 0.3296875 0.3265625 0.0296875 0.1171875
0 0.36875 0.32265625 0.03125 0.1078125
0 0.846875 0.34375 0.0296875 0.1015625
0 0.0921875 0.4515625 0.0296875 0.1140625
0 0.171875 0.4546875 0.03125 0.1109375
0 0.2125 0.46171875 0.028125 0.1109375
0 0.33125 0.46171875 0.0328125 0.1046875
0 0.44375 0.465625 0.0296875 0.1046875
0 0.5203125 0.46875 0.03125 0.096875
0 0.9875 0.4859375 0.0234375 0.090625
0 0.090625 0.596875 0.0296875 0.1140625
0 0.1703125 0.60078125 0.03125 0.1171875
0 0.365625 0.60078125 0.03125 0.1015625
0 0.4046875 0.60078125 0.0296875 0.1015625
0 0.4421875 0.60078125 0.028125 0.096875
0 0.515625 0.6078125 0.028125 0.1046875
0 0.553125 0.6078125 0.0296875 0.096875
0 0.5890625 0.6078125 0.028125 0.1046875
0 0.7 0.61796875 0.03125 0.1140625
0 0.7734375 0.6109375 0.0296875 0.1015625
0 0.809375 0.61484375 0.028125 0.096875
0 0.8828125 0.61484375 0.03125 0.1015625
0 0.8453125 0.61796875 0.028125 0.1015625
0 0.915625 0.61796875 0.0265625 0.1046875
0 0.090625 0.74296875 0.0328125 0.1078125
0 0.25 0.746875 0.0328125 0.1078125
0 0.3265625 0.74296875 0.0328125 0.1046875
0 0.553125 0.746875 0.028125 0.1015625
0 0.7734375 0.75 0.0328125 0.1046875
0 0.246875 0.8921875 0.0296875 0.1046875
0 0.2859375 0.8921875 0.03125 0.1078125
0 0.4015625 0.8890625 0.0296875 0.1078125
0 0.6265625 0.8890625 0.0328125 0.1078125
0 0.5875 0.88515625 0.028125 0.09375
0 0.95 0.89609375 0.028125 0.096875