0 0.09627872686415721 0.2678785666921832 0.11364099784053168 0.04670785672980173
0 0.09890068398855764 0.3821320676807664 0.11676599784053168 0.04683519072219049
0 0.09320709823735854 0.6110847386312935 0.11051599784053168 0.04658052273741298
0 0.09730072022886871 0.760526323117974 0.09947836829088237 0.04457235376405215
0 0.23468918722776017 0.31315262152136836 0.09927810919158367 0.04144735376405233
0 0.23426169724990947 0.660950792966187 0.10280362739018098 0.04782468775644091
0 0.3817842327242534 0.32282475737719274 0.10562823874123302 0.043264521748829846
0 0.37909692858988686 0.47645909334674785 0.10582849784053164 0.04638952174882984
0 0.37211904996308814 0.819824432776344 0.10582849784053164 0.04638952174882993
0 0.5331884415466968 0.21639439076155922 0.10582849784053164 0.04638952174882984
0 0.5288792782207465 0.3324968932330171 0.11071625693983034 0.04970552273741298
0 0.5202795404023642 0.6383303991645162 0.11051599784053164 0.04658052273741298
0 0.5178611489756391 0.8694994861226546 0.11051599784053182 0.04658052273741298
0 0.6778803778516063 0.18856652661738363 0.11071625693983034 0.04970552273741298
0 0.676227042718716 0.22388194410786957 0.11051599784053164 0.04658052273741298
0 0.6746738371354751 0.26075986159835557 0.10582849784053164 0.04638952174882984
0 0.6732207611018834 0.29920027908884156 0.11051599784053164 0.04658052273741298
0 0.658624653756001 0.9514922909518397 0.11051599784053182 0.04658052273741298
0 0.6688846259966799 0.7693509530051182 0.12215440468807692 0.0579636917107738
0 0.8139225115633089 0.4657909184047071 0.11384125693983042 0.049832856729801735
0 0.9571685572166855 0.27935471680810153 0.08566288556662904 0.04645318874502422
0 0.9511624375369145 0.4376447192795595 0.097675124926171 0.05509335969555131
0 0.9485956481312302 0.7089440577205726 0.10280870373753963 0.04871602570316256
0 0.9477019802556306 0.9378967286710995 0.10459603948873877 0.04839769072219084