0 0.11875 0.06953125 0.0328125 0.115625
0 0.20390625 0.06875 0.034375 0.1203125
0 0.24140625 0.225 0.0375 0.13125
0 0.28515625 0.23046875 0.0375 0.1375
0 0.3296875 0.22890625 0.0390625 0.134375
0 0.37421875 0.23203125 0.0375 0.1390625
0 0.421875 0.23359375 0.040625 0.14375
0 0.50703125 0.23359375 0.0421875 0.13125
0 0.55078125 0.22890625 0.0359375 0.134375
0 0.63828125 0.22734375 0.0375 0.1375
0 0.68203125 0.23515625 0.03125 0.1296875
0 0.86015625 0.22890625 0.0390625 0.134375
0 0.90390625 0.228125 0.034375 0.1359375
0 0.95 0.2296875 0.0359375 0.1390625
0 0.19296875 0.38515625 0.0375 0.140625
0 0.10859375 0.390625 0.0390625 0.146875
0 0.328125 0.3828125 0.0390625 0.1265625
0 0.37265625 0.39296875 0.0390625 0.1390625
0 0.4171875 0.3859375 0.0390625 0.1375
0 0.6421875 0.38984375 0.0359375 0.134375
0 0.684375 0.38828125 0.0359375 0.1296875
0 0.73125 0.3875 0.0359375 0.128125
0 0.778125 0.384375 0.0375 0.1265625
0 0.82109375 0.3890625 0.0390625 0.1328125
0 0.865625 0.38515625 0.0375 0.1359375
0 0.2328125 0.553125 0.0375 0.1375
0 0.325 0.5546875 0.040625 0.1421875
0 0.4171875 0.5515625 0.0390625 0.1328125
0 0.459375 0.55 0.0359375 0.14375
0 0.6875 0.53984375 0.0328125 0.1328125
0 0.7328125 0.55546875 0.0421875 0.14375
0 0.7796875 0.5578125 0.0390625 0.1359375
0 0.871875 0.559375 0.0421875 0.1390625
0 0.91875 0.5640625 0.040625 0.1375
0 0.2296875 0.72265625 0.0390625 0.128125
0 0.275 0.725 0.0390625 0.13125
0 0.32265625 0.728125 0.0328125 0.1328125
0 0.3671875 0.725 0.0359375 0.13125
0 0.415625 0.72421875 0.0390625 0.1359375
0 0.50703125 0.72265625 0.0390625 0.1328125
0 0.5515625 0.72734375 0.0390625 0.1296875
0 0.5984375 0.72890625 0.04375 0.1453125
0 0.78515625 0.7265625 0.0375 0.128125
0 0.8328125 0.72421875 0.0359375 0.1296875
0 0.87890625 0.7296875 0.0359375 0.1328125
0 0.9703125 0.7296875 0.0375 0.1359375
0 0.090625 0.8984375 0.0375 0.140625
0 0.134375 0.89765625 0.0359375 0.1375
0 0.17890625 0.9015625 0.040625 0.1453125
0 0.26953125 0.903125 0.040625 0.15
0 0.31875 0.9046875 0.0421875 0.146875
0 0.5578125 0.89375 0.0359375 0.1421875
0 0.6015625 0.90078125 0.0375 0.15
0 0.6484375 0.90234375 0.0390625 0.1359375
0 0.696875 0.9109375 0.04375 0.1640625
0 0.7921875 0.90625 0.0421875 0.15