0 0.3921875 0.0828125 0.0359375 0.11875
0 0.43359375 0.08125 0.0375 0.128125
0 0.47734375 0.0890625 0.0359375 0.1328125
0 0.51875 0.08515625 0.0390625 0.1296875
0 0.6046875 0.0859375 0.0390625 0.1421875
0 0.6453125 0.0859375 0.0328125 0.1265625
0 0.6890625 0.08515625 0.0421875 0.125
0 0.73359375 0.08359375 0.040625 0.1203125
0 0.815625 0.0796875 0.040625 0.125
0 0.86015625 0.08046875 0.0359375 0.13125
0 0.89921875 0.07734375 0.0328125 0.125
0 0.94140625 0.084375 0.0390625 0.134375
0 0.140625 0.23515625 0.0328125 0.11875
0 0.1796875 0.23203125 0.03125 0.1234375
0 0.21953125 0.2296875 0.040625 0.1296875
0 0.2625 0.23359375 0.0359375 0.13125
0 0.38984375 0.2328125 0.0375 0.1375
0 0.43046875 0.23828125 0.03125 0.1296875
0 0.47578125 0.234375 0.0375 0.134375
0 0.73359375 0.23203125 0.0359375 0.128125
0 0.778125 0.2359375 0.0359375 0.1484375
0 0.13125 0.38828125 0.0375 0.125
0 0.1703125 0.3875 0.0375 0.1234375
0 0.21328125 0.3859375 0.03125 0.1265625
0 0.3 0.3875 0.0375 0.1234375
0 0.43125 0.38828125 0.034375 0.1296875
0 0.2546875 0.54921875 0.03125 0.1296875
0 0.340625 0.54609375 0.0375 0.1171875
0 0.38515625 0.54375 0.034375 0.11875
0 0.42890625 0.5515625 0.040625 0.1328125
0 0.47265625 0.55234375 0.0375 0.1359375
0 0.51875 0.55 0.0421875 0.1328125
0 0.60703125 0.5484375 0.0453125 0.1515625
0 0.6515625 0.55078125 0.0390625 0.1390625
0 0.69609375 0.55 0.0421875 0.14375
0 0.88046875 0.553125 0.0421875 0.1375
0 0.91953125 0.55 0.0359375 0.1328125
0 0.96640625 0.55 0.0421875 0.1375
0 0.0765625 0.7125 0.040625 0.134375
0 0.11875 0.7125 0.0328125 0.140625
0 0.159375 0.721875 0.0375 0.153125
0 0.428125 0.71171875 0.0375 0.14375
0 0.471875 0.70859375 0.0421875 0.1375
0 0.609375 0.71171875 0.0421875 0.1328125
0 0.7 0.72421875 0.0421875 0.14375
0 0.7453125 0.72109375 0.04375 0.1453125
0 0.79375 0.7234375 0.0421875 0.15625
0 0.38125 0.884375 0.0453125 0.134375
0 0.47421875 0.8859375 0.0453125 0.146875
0 0.56015625 0.8859375 0.0421875 0.1546875
0 0.7984375 0.89609375 0.040625 0.1671875
0 0.84453125 0.89140625 0.040625 0.1578125