0 0.1328125 0.1109375 0.034375 0.125
0 0.171875 0.1109375 0.0359375 0.128125
0 0.346875 0.11484375 0.034375 0.121875
0 0.4359375 0.1109375 0.0328125 0.121875
0 0.4796875 0.11484375 0.0328125 0.125
0 0.9828125 0.28125 0.0328125 0.11875
0 0.9046875 0.284375 0.0421875 0.128125
0 0.78125 0.278125 0.0359375 0.11875
0 0.609375 0.28828125 0.0375 0.1390625
0 0.525 0.28125 0.0375 0.125
0 0.48125 0.278125 0.0375 0.128125
0 0.3078125 0.278125 0.0375 0.125
0 0.2625 0.278125 0.0375 0.125
0 0.096875 0.4375 0.0375 0.1328125
0 0.1375 0.4375 0.0328125 0.125
0 0.178125 0.4375 0.0375 0.121875
0 0.221875 0.440625 0.034375 0.125
0 0.309375 0.440625 0.0359375 0.125
0 0.4375 0.4375 0.03125 0.125
0 0.521875 0.440625 0.03125 0.11875
0 0.8625 0.4375 0.0375 0.121875
0 0.9421875 0.440625 0.034375 0.121875
0 0.8625 0.596875 0.0359375 0.1171875
0 0.821875 0.596875 0.0375 0.125
0 0.6921875 0.59375 0.034375 0.11875
0 0.48125 0.596875 0.0328125 0.1109375
0 0.4390625 0.60078125 0.0375 0.121875
0 0.309375 0.60078125 0.0359375 0.1140625
0 0.1015625 0.75 0.0359375 0.125
0 0.1828125 0.753125 0.0375 0.121875
0 0.48125 0.75 0.0359375 0.121875
0 0.5234375 0.753125 0.034375 0.1140625
0 0.6890625 0.75 0.0359375 0.11875
0 0.7734375 0.75703125 0.0328125 0.1171875
0 0.8140625 0.903125 0.0359375 0.125
0 0.771875 0.903125 0.0390625 0.125
0 0.690625 0.90625 0.0375 0.125
0 0.6484375 0.903125 0.034375 0.11875
0 0.5640625 0.903125 0.0390625 0.1328125
0 0.4828125 0.903125 0.0375 0.115625
0 0.4390625 0.909375 0.0375 0.121875
0 0.396875 0.909375 0.0390625 0.125
0 0.35625 0.909375 0.0390625 0.1328125
0 0.315625 0.90625 0.0421875 0.125