0 0.18000569573946854 0.9248155492025694 0.16893568380210838 0.08510496466513899
0 0.16505451638598448 0.8649502399320138 0.16443918479069156 0.08968336189159735
0 0.12584614186168552 0.670365091755625 0.16255834980971956 0.0818344943004167
0 0.0989732826604258 0.5482179880321527 0.156053681824942 0.07543902393569457
0 0.2619839827369755 0.30748061920670117 0.20024935079830275 0.08739481648875014
0 0.3950749388193863 0.8869661378240622 0.19419035178688598 0.09193684612402783
0 0.654751027754691 0.9075098014836801 0.20936968281352525 0.08136302203583341
0 0.5591786122041903 0.5195207986338884 0.19406301779449714 0.08881184612402784
0 0.5316690830409867 0.3817486949104162 0.20662668479069152 0.09066528685347244
0 0.452086423421985 0.027921712196597077 0.19792284684397005 0.05584342439319415
0 0.6917564184790692 0.0015929886977428032 0.18038783695813834 0.0031859773954856065
0 0.7440059624710205 0.200076548349548 0.20050401878308027 0.09364481648875014
0 0.7714199911399324 0.3355049020730202 0.20024935079830292 0.08739481648875014
0 0.7905957554743884 0.40309179236562437 0.2003766847906915 0.09051981648875014
0 0.8564687421656967 0.7339047280610757 0.20031301779449712 0.08895731648875013
0 0.8816398385153752 0.7950961479889577 0.2116325197716634 0.09858688962701408
0 0.9900798078321156 0.5623719541253811 0.019840384335768846 0.07441942496187508
0 0.9709995439919513 0.429160063832777 0.05800091201609732 0.07049564437666671
0 0.9254814555509382 0.16300904018142287 0.08555018083635879 0.06911498233256949