0 0.19566475112062723 0.923036415977092 0.061586020849682566 0.13036020934118148
0 0.1545312857603633 0.9328932213160464 0.061631484956305195 0.13192270934118114
0 0.33176973568122103 0.9003517992918656 0.06314852084968256 0.13037839067472703
0 0.3759827369348622 0.8888961312858203 0.06323944906292792 0.13350339067472702
0 0.8674451597378313 0.7776729892186871 0.05837009263643722 0.1271988466740906
0 0.9881725675636126 0.7464309852005516 0.023654864872774795 0.1348840773392725
0 0.5173876722742436 0.6723342452657758 0.0583246285298145 0.12563634667409057
0 0.7364499093421198 0.6268019272358681 0.060023520849682654 0.13034202800763595
0 0.8729496989964207 0.590826969883869 0.06333037727617352 0.13662839067472685
0 0.9187252002500621 0.5793531205442783 0.06640991316955044 0.13510225334181775
0 0.9644552373970807 0.5663167712046878 0.06314852084968266 0.13037839067472703
0 0.12957177203681675 0.585409693984728 0.06011444906292791 0.13346702800763593
0 0.21739838097058994 0.5687574486394104 0.06011444906292791 0.13346702800763593
0 0.4385770475053528 0.5153853586091846 0.055199628529814505 0.12559998400699968
0 0.4828809769722394 0.5070546906031393 0.05510870031656907 0.12247498400699967
0 0.5690541576927672 0.4872956265913671 0.055199628529814505 0.12559998400699968
0 0.7460652870805116 0.44694170456718635 0.061404164423191784 0.12411020934118148
0 0.7887157883341528 0.43550421789468674 0.0564893438900782 0.11624316534054517
0 0.9268235420950764 0.40107357920914205 0.060023520849682654 0.130342028007636
0 0.054758325481171335 0.43154035399427293 0.05837009263643718 0.1271988466740906
0 0.09752248700136927 0.4240091173217733 0.06305759263643718 0.127253390674727
0 0.13936900620169915 0.4117994713160463 0.060250841382795975 0.13815452800763595
0 0.18434052540202903 0.39955346264322833 0.06167694906292791 0.1334852093411815
0 0.22708195486891566 0.3912409759707286 0.061586020849682496 0.13036020934118148
0 0.29470972406924556 0.37873133796150177 0.05970527210332381 0.11940452800763594
0 0.4484879419367919 0.34568138594050274 0.0502848079967011 0.1177329400063634
0 0.49044812140367855 0.33737798993477575 0.060023520849682654 0.13034202800763603
0 0.5347520508705651 0.32904732192873054 0.05823370031656907 0.12251134667409058
0 0.8410271314328084 0.24576900855350522 0.06328491316955046 0.13506589067472688
0 0.028064130179167136 0.2661698926639092 0.04421666442319181 0.12391021467218159
0 0.06379704169936506 0.258720471992364 0.05658027210332377 0.11936816534054513
0 0.10486231089969496 0.2465199166534097 0.05837009263643718 0.1271988466740906
0 0.15162365063313826 0.24206822664704636 0.06314852084968252 0.13037839067472687
0 0.19503266983346815 0.22984039930777392 0.060114449062927865 0.13346702800763605
0 0.2852030287672413 0.21316088196213814 0.06471102084968247 0.13039657200827237
0 0.3262682979675712 0.2009603266231838 0.06314852084968248 0.13037839067472695
0 0.36970004922121247 0.18951374928391135 0.06167694906292791 0.1334852093411815
0 0.5414697491420701 0.1570359619271397 0.0598871285298145 0.12565452800763605
0 0.5857736786089568 0.14870529392109452 0.0598871285298145 0.12565452800763605
0 0.7142791118367671 0.10657124323682261 0.06489287727617317 0.13664657200827235
0 0.760031881037097 0.094316143897232 0.06507473370266403 0.14289657200827235
0 0.8475402412245113 0.066752682944798 0.0679269490629281 0.133505365889596
0 0.8894094924781527 0.0606342239417754 0.06319398495630538 0.1212684478835508