0 0.81845828038944 0.9738541473201738 0.14715440468807692 0.05229170535965224
0 0.822163073726465 0.9181312038346535 0.15536742288667407 0.06290265634451409
0 0.6155533258859334 0.9555727331855909 0.18681768198597287 0.06675500816812488
0 0.6694349992340329 0.7252319229651047 0.17225453423772627 0.058615199847500146
0 0.6946631415836086 0.6123689002636812 0.17567992288667417 0.06337543502986129
0 0.7023242496954583 0.5538660692416325 0.1835925524363235 0.06511977298576391
0 0.7128600339331845 0.49934222340194506 0.18535531153562204 0.06828114057694457
0 0.728033253396086 0.4457087303357993 0.1853553115356222 0.06828114057694457
0 0.7539925809708372 0.3336451414299659 0.16191781153562204 0.0677356267092362
0 0.38825034624399896 0.9799817067813542 0.18279151603912897 0.040036586437291535
0 0.42923269895717764 0.8229199680836116 0.17900518198597287 0.06657317021222227
0 0.44705005706902723 0.7646535264042364 0.17099242288667416 0.06326633225631965
0 0.4587676095053507 0.7038978643601392 0.19150518198597286 0.06686411094166686
0 0.4803898905038745 0.5862564226807644 0.17890505243632351 0.06501067021222226
0 0.49908862816537336 0.5264456647969796 0.1726550524363235 0.06486519984750014
0 0.5080619124030996 0.4718854513661116 0.18369268198597286 0.06668227298576408
0 0.5228043352897738 0.4127650245043754 0.1757800524363235 0.0649379350298613
0 0.5479323480897003 0.30146450180295187 0.18691781153562204 0.06831750816812514
0 0.5646680675526018 0.24786737632798655 0.17588018198597286 0.06650043502986129
0 0.565979046114802 0.19078157494121575 0.1820300524363235 0.0650834053945835
0 0.5843273303525283 0.13643956705743104 0.1759803115356222 0.06806293502986124
0 0.5946127907161312 0.08582197121774356 0.16912953423772628 0.058542464665139037
0 0.6032356215300848 0.03673050778687551 0.17321625693983034 0.049276567438680696
0 0.1895601272425227 0.8635040280197572 0.19180557063492082 0.07155161094166687
0 0.20215905922849556 0.8012040497712501 0.19180557063492082 0.07155161094166687
0 0.22808810842561655 0.6774035270698266 0.19805557063492077 0.071697081306389
0 0.255079009874491 0.5614518719595836 0.20274307063492075 0.07180618407993081
0 0.27445886798634056 0.5032217978713891 0.19775518198597286 0.06700958130638898
0 0.2742073465485408 0.44609962889343774 0.19971820018457012 0.07329594889756966
0 0.3111251580841629 0.3828008483082294 0.1947303115356222 0.06849934612402793
0 0.025970105647839404 0.9051609318957292 0.05194021129567881 0.06657186379145834
0 0.02875394664082583 0.8426791156913195 0.05750789328165166 0.06660823138263901
0 0.04276518430232469 0.7226030050339931 0.08553036860464938 0.06708101006798621
0 0.05922030151347287 0.5994564457634375 0.11844060302694574 0.06766289152687506
0 0.07801916872462106 0.47558318787965287 0.15603833744924211 0.06679137575930572
0 0.08312172733019516 0.4163354744487848 0.1662434546603903 0.0715152433504862
0 0.09012734616094459 0.3555798124046876 0.18025469232188918 0.07006184612402802
0 0.09908608999169402 0.2972042679517709 0.19817217998338804 0.07340505167111129
0 0.12051635179032807 0.18276056145475705 0.19160531153562216 0.06842661094166683
0 0.14072752467700228 0.12376742116215289 0.19785531153562216 0.06857208130638906
0 0.1436010032392025 0.06671798736656262 0.1995179410852715 0.07017094889756961
0 0.15895469540420815 0.022477678096007078 0.2008406091915837 0.04211868407993072