0 0.103125 0.1078125 0.034375 0.121875
0 0.1421875 0.1078125 0.0328125 0.1109375
0 0.1828125 0.1078125 0.0359375 0.11875
0 0.475 0.11796875 0.0328125 0.115625
0 0.5578125 0.11796875 0.0328125 0.1109375
0 0.85625 0.13515625 0.0328125 0.115625
0 0.9375 0.2984375 0.0359375 0.1109375
0 0.9765625 0.30234375 0.034375 0.125
0 0.8109375 0.29140625 0.034375 0.11875
0 0.5984375 0.284375 0.0328125 0.1171875
0 0.0625 0.2640625 0.0359375 0.125
0 0.0609375 0.409375 0.034375 0.1109375
0 0.1 0.409375 0.0375 0.115625
0 0.3875 0.434375 0.03125 0.1109375
0 0.471875 0.434375 0.03125 0.1109375
0 0.5953125 0.440625 0.03125 0.1109375
0 0.6375 0.44453125 0.034375 0.11875
0 0.7625 0.60078125 0.0375 0.1109375
0 0.6765625 0.596875 0.0296875 0.121875
0 0.553125 0.59375 0.034375 0.11875
0 0.43125 0.59375 0.0359375 0.11875
0 0.30625 0.5796875 0.0359375 0.128125
0 0.2234375 0.57265625 0.0359375 0.11875
0 0.1 0.57265625 0.0359375 0.11875
0 0.059375 0.5796875 0.0359375 0.1390625
0 0.0625 0.721875 0.0375 0.125
0 0.1 0.721875 0.03125 0.1171875
0 0.140625 0.721875 0.0375 0.121875
0 0.3875 0.7359375 0.03125 0.1109375
0 0.5078125 0.73984375 0.0296875 0.1046875
0 0.59375 0.74296875 0.0375 0.121875
0 0.675 0.753125 0.03125 0.1078125
0 0.103125 0.875 0.0375 0.11875