0 0.8902172744662913 0.658353530226149 0.08102004307884983 0.15599001482874755
0 0.8408728383282614 0.6469411863479284 0.08156634629715853 0.16380251482874755
0 0.7943256202592468 0.6403436764620967 0.07633254307885 0.15579901384016442
0 0.744653402190232 0.6336188325838761 0.08102004307885018 0.15599001482874755
0 0.7001603570176951 0.6200537396942387 0.08323810694082034 0.1654286818249421
0 0.5130645486036063 0.5842250331547174 0.08102004307885 0.15599001482874755
0 0.46769741828177536 0.58315994026508 0.07956680372251164 0.15748884783255318
0 0.37738377471839274 0.5638104209877082 0.08291032500983526 0.1607411818249421
0 0.3284381763275471 0.5578986606075848 0.07876912822814397 0.1683626808363588
0 0.11080256209725958 0.5106403641441756 0.07088021857321788 0.14467051285158128
0 0.42105128326836744 0.3987093444096932 0.07934828243518832 0.15436384783255325
0 0.5135829906937206 0.4087475306832594 0.08392652179152656 0.1529923488211365
0 0.6921943097514711 0.4426635687437117 0.07277050050420311 0.14942167984777566
0 0.7367419852458389 0.455447411633349 0.07687884629715871 0.16361151384016442
0 0.7785027863704606 0.28400083456104247 0.06931771857321785 0.1446068458553869
0 0.8266125044394755 0.2906620114430686 0.07556771857321784 0.1448615138401644
0 0.6817916773359534 0.2777097307969902 0.07876912822814397 0.1683626808363588
0 0.5933301108760928 0.26548696201390987 0.07466078243518837 0.15417284684397004
0 0.5482907624852471 0.2597343691242725 0.07422373986054147 0.14792284684397003
0 0.45843058699087924 0.24510418334499784 0.07912976114786474 0.1512388478325532
0 0.41439100988735705 0.23625842395345767 0.0734260643661735 0.15879667984777565
0 0.3702421721401732 0.2289751645619175 0.07600476114786484 0.15111151384016444
0 0.956769898002858 0.31163503912339746 0.05848947921687966 0.1457236768820261
0 0.6048860618451581 0.6044194694282836 0.07934828243518836 0.15436384783255336
0 0.07190395306275219 0.5067049392393159 0.06709965471124746 0.13516817885919252
0 0.03452319342749664 0.49870409684397005 0.06904638685499329 0.15436384783255336
0 0.011921573749327508 0.4909260889353046 0.023843147498655015 0.14435217787060922
0 0.11857576533523875 0.1865980276803289 0.07702095792955613 0.14336268083635884
0 0.6308186752422664 0.11031930094921454 0.07858345792955604 0.1434263478325532
0 0.4100362816788836 0.08565358748961094 0.07992743664223272 0.14036501482874764
0 0.3241534120007145 0.0813706526989194 0.07981817599857095 0.13880251482874761
0 0.16040226843733188 0.05902878460041111 0.07294546312533626 0.10736151384016443