0 0.0359375 0.10390625 0.0390625 0.1390625
0 0.11875 0.096875 0.040625 0.128125
0 0.2078125 0.10078125 0.0421875 0.128125
0 0.2515625 0.10078125 0.0390625 0.125
0 0.29375 0.10390625 0.0359375 0.125
0 0.3359375 0.10390625 0.0375 0.128125
0 0.38125 0.10390625 0.0390625 0.125
0 0.4234375 0.1078125 0.0359375 0.128125
0 0.553125 0.1109375 0.0359375 0.128125
0 0.8078125 0.125 0.0375 0.128125
0 0.890625 0.121875 0.040625 0.128125
0 0.93125 0.125 0.0375 0.125
0 0.9703125 0.125 0.0390625 0.128125
0 0.596875 0.27421875 0.0375 0.1328125
0 0.4671875 0.27109375 0.0375 0.1328125
0 0.425 0.27421875 0.040625 0.1359375
0 0.38125 0.27109375 0.0359375 0.125
0 0.29375 0.27109375 0.0375 0.121875
0 0.25 0.2671875 0.0375 0.1328125
0 0.20625 0.26015625 0.0375 0.125
0 0.1203125 0.2640625 0.0390625 0.134375
0 0.159375 0.42734375 0.0359375 0.125
0 0.2453125 0.43046875 0.0375 0.128125
0 0.290625 0.43046875 0.0359375 0.13125
0 0.3796875 0.43046875 0.040625 0.1359375
0 0.5921875 0.4375 0.0375 0.125
0 0.6359375 0.4375 0.034375 0.125
0 0.678125 0.4375 0.034375 0.121875
0 0.85 0.440625 0.0359375 0.121875
0 0.890625 0.44453125 0.034375 0.128125
0 0.93125 0.44765625 0.03125 0.1328125
0 0.93125 0.60078125 0.0375 0.128125
0 0.721875 0.60078125 0.0359375 0.121875
0 0.6796875 0.596875 0.0328125 0.125
0 0.6375 0.60078125 0.0375 0.125
0 0.38125 0.59375 0.0375 0.125
0 0.1578125 0.590625 0.0375 0.125
0 0.0296875 0.58671875 0.0375 0.125
0 0.1140625 0.753125 0.0375 0.1328125
0 0.15625 0.753125 0.0375 0.128125
0 0.2890625 0.753125 0.0359375 0.125
0 0.4625 0.76015625 0.0328125 0.125
0 0.55 0.75703125 0.0359375 0.1171875
0 0.721875 0.76015625 0.0359375 0.125
0 0.8078125 0.75703125 0.0375 0.1359375
0 0.9328125 0.9203125 0.0359375 0.1390625
0 0.55 0.9234375 0.0359375 0.128125
0 0.509375 0.9234375 0.0375 0.1359375
0 0.465625 0.9234375 0.0359375 0.1359375
0 0.115625 0.91640625 0.0375 0.1390625