0 0.9034851679077314 0.053708426422921465 0.05089670160240729 0.10741685284584293
0 0.8054871653158331 0.05430615210663523 0.05659989745537004 0.10861230421327046
0 0.7042664179077314 0.06278015066916627 0.05898260367592556 0.12556030133833254
0 0.6488270622055554 0.060715326427770645 0.05898260367592556 0.12143065285554129
0 0.8788247949107401 0.2241100163315437 0.05245920160240729 0.1563136439408634
0 0.8296354392085643 0.2194701848182143 0.05673659849212953 0.152008781213767
0 0.7765104392085643 0.22380674057778852 0.05429510367592556 0.15956618969849787
0 0.6694791892085643 0.23254362497575415 0.057478892271573656 0.14276132697140154
0 0.5128874366166661 0.24139195073920772 0.05081878916129608 0.1375636439408634
0 0.4065396918004624 0.2579413351371734 0.05904139227157383 0.1428888727290361
0 0.3546354392085643 0.25824409513911306 0.053611598492129355 0.15175368969849795
0 0.3002896918004624 0.2666144466563217 0.056326495381851596 0.14732128121376695
0 0.24994793920856426 0.26678966090062695 0.057478892271573837 0.14276132697140154
0 0.33673716531583314 0.07275242507004144 0.06101399538185159 0.14550485014008288
0 0.28554581220555536 0.07114998643455947 0.05279139227157383 0.14229997286911894
0 0.23476456220555536 0.07525586514299237 0.05122889227157383 0.14225114394086338
0 0.18673716531583312 0.08389728362966296 0.05238128916129607 0.13769118969849792
0 0.13361216531583314 0.08823383938923718 0.05714670160240711 0.156696281213767
0 0.08048716531583314 0.09257039514881138 0.05904139227157381 0.14288887272903605
0 0.03048716531583314 0.0966518593931165 0.05320149538185157 0.1470661896984979
0 0.09169594180046241 0.28364180530053223 0.0589826036759256 0.15994882697140156
0 0.04387359646587906 0.2946269737872028 0.04892409849212935 0.15137105242559432
0 0.8474749245056472 0.42337643481821435 0.05429510367592556 0.1595661896984979
0 0.8005999245056472 0.4272028075472504 0.05925600574944419 0.16307382697140155
0 0.7459124245056472 0.43166690906445915 0.06081850574944418 0.16320137272903606
0 0.6912249245056472 0.43613101058166787 0.06081850574944418 0.163201372729036
0 0.6361273213953694 0.4359076120988766 0.06081850574944418 0.163201372729036
0 0.5810980688034713 0.43646546361608535 0.06081850574944418 0.16320137272903606
0 0.47562931880347126 0.4450748022564165 0.05925600574944419 0.16307382697140155
0 0.20800232139536945 0.47085514969073927 0.05898260367592565 0.15994882697140156
0 0.9281561623946283 0.6260871045128329 0.06054510367592556 0.16007637272903602
0 0.8747577603211099 0.6272986602724071 0.06027170160240729 0.156951372729036
0 0.7677265103211098 0.6360355446703727 0.06136530989648108 0.16945137272903601
0 0.5997577603211098 0.6497467136160854 0.06136530989648108 0.16945137272903601
0 0.5481563041005543 0.6445169507392077 0.06361131508027747 0.17739141848667045
0 0.4911250541005542 0.6491723708928683 0.06136530989648108 0.16945137272903601
0 0.3836837009902765 0.6532217552908339 0.061834201602407116 0.15707891848667047
0 0.3320918066924524 0.6660882881715908 0.061424098492129355 0.15239141848667045
0 0.27665245099027647 0.6619586396887996 0.06449030989648116 0.16970646424430527
0 0.0568793188034713 0.4792570653024719 0.04363100574944414 0.16179836939505615
0 0.07152545358217462 0.682637156817741 0.03738100574944414 0.161288186364518
0 0.5144722456181927 0.8620709836199646 0.07027141819055523 0.1825891015172086
0 0.40509724561819266 0.870999186654382 0.06517381508027746 0.1775189642443052
0 0.34806599561819274 0.8756546068080426 0.05824030989648117 0.16919628121376712
0 0.29337849561819274 0.8801187083252515 0.06517381508027746 0.1775189642443052
0 0.9523139982100908 0.8302644214822947 0.06048631508027711 0.17713632697140155
0 0.9011616013203685 0.8391609314842343 0.05925600574944383 0.16307382697140155
0 0.8488178513203686 0.8434337143649913 0.05980280989648108 0.16932382697140155
0 0.7937202482100909 0.8432103158822001 0.06177541300675902 0.174138872729036
0 0.7351264982100909 0.8479932817934952 0.05980280989648108 0.16932382697140155
0 0.6820014982100908 0.8523298375530693 0.06177541300675902 0.174138872729036