0 0.9494112101832133 0.8243438528812075 0.10117757963357335 0.05648864357108572
0 0.9491021379745064 0.7180938528812074 0.10179572405098725 0.05648864357108572
0 0.948161806690613 0.661903052466289 0.10367638661877407 0.05348204274124875
0 0.944705008584207 0.549639850806615 0.11058998283158594 0.05708063942190087
0 0.9374121503202444 0.3259538970723487 0.12517569935951123 0.05802783278320493
0 0.9363703338179761 0.27216604624251167 0.12683521077238852 0.05646533278320494
0 0.9322908461146163 0.1083403445828377 0.12680793969514995 0.051777832783204934
0 0.9335397287263694 0.05431569541267469 0.12213862041330899 0.05454763527271587
0 0.787312748625258 0.8485537153334064 0.1487102107723885 0.05812292116548719
0 0.7831065167756305 0.797287213258814 0.15810339149054772 0.06195831618646537
0 0.7819980138487643 0.7410964128438955 0.1565318011314682 0.060277417016302334
0 0.7671799722834617 0.34360610620519977 0.15337953005422947 0.055353118675976275
0 0.7621652193565955 0.28771130371568887 0.15811248184962742 0.06352081618646536
0 0.7483652980082102 0.06522099707699303 0.1533977107723885 0.05847811867597637
0 0.7425692950813438 0.020632100717979673 0.16123748184962744 0.041264201435959345
0 0.5726911915418614 0.7686806516457407 0.1565045300542293 0.05558991701630234
0 0.5676764386149952 0.7127858491562298 0.15810339149054772 0.06195831618646537
0 0.5563873971478885 0.2501557945921265 0.17529998184962742 0.0648232070582587
0 0.5491374576491306 0.07875439127277858 0.1596568011314682 0.060514215356628445
0 0.5472431595427245 0.025599499475546406 0.1565227107723885 0.05119899895109281
0 0.358570125088691 0.9091792875431566 0.15811248184962734 0.06352081618646536
0 0.3574843480595238 0.856894737128238 0.17217498184962743 0.06458640871793264
0 0.3610451644144984 0.7972237392028305 0.17997839149054773 0.0636159045687478
0 0.3458559807694729 0.7389735313193793 0.17529998184962733 0.0648232070582587
0 0.34474293266306677 0.6820014809044608 0.17998748184962743 0.0651784045687478
0 0.3428304538385015 0.6219636300746239 0.17216589149054773 0.06302390871793265
0 0.3471543394753168 0.5591084325641347 0.16124657220870695 0.06532011452679143
0 0.34188453561337423 0.3250294304895423 0.1565045300542293 0.05558991701630243
0 0.34311069232742836 0.2670985313193793 0.18310339149054772 0.06385270290907377
0 0.32533634328594585 0.033189163067610175 0.17530907220870695 0.06637832613522035
0 0.13831216724316872 0.935248570536143 0.1846477107723885 0.06084610207923689
0 0.1231547998549219 0.8824671126526917 0.1675056625677866 0.06735621120744355
0 0.1306445921075955 0.8264063668018766 0.17216589149054778 0.06302390871793265
0 0.12561165846257 0.7673865643123656 0.1800056625677866 0.0683034045687478
0 0.12252704419758118 0.6402204130676102 0.17216589149054778 0.06302390871793265
0 0.11597251716841397 0.5883502597482623 0.17531816256778665 0.0679482070582587
0 0.11725724033563852 0.4061414109930177 0.17997839149054778 0.0636159045687478
0 0.128607830792914 0.3419721672167951 0.17371930113146816 0.061579807888095674
0 0.11811978268650794 0.28571051182285473 0.18623748184962738 0.06565200124939982
0 0.11308684904148245 0.22669070933334376 0.179996572208707 0.06674090456874777
0 0.1119692557555366 0.1689374089184253 0.17221134328594587 0.07083640871793265