0 0.8404966359802737 0.13061206250576676 0.19936474801081766 0.08315123944669316
0 0.7692536039147313 0.6145700511416811 0.20247156667727229 0.08164328652459396
0 0.5414569626034574 0.456079261367381 0.19149770401018137 0.0783273717519414
0 0.28954102128422954 0.3565913246773361 0.20248974801081765 0.08320578652459387
0 0.2675643819223672 0.5670884939142153 0.18217724801081767 0.08285123051823948
0 0.22311221121105107 0.8967038559269241 0.20247156667727229 0.0816432865245936
0 0.037687619947502415 0.8070761144483409 0.07537523989500483 0.07022277110331823
0 0.046263735956411096 0.6756897467535892 0.09252747191282219 0.07049550649282174
0 0.051378497294729056 0.6029516761367381 0.10275699458945811 0.07222164772652384
0 0.05487621463241067 0.5396158790588375 0.10975242926482134 0.07389324188232518
0 0.09071426464036485 0.19212722443245475 0.12425566000954502 0.07246710957707685