0 0.9320163060494384 0.21321396550333516 0.09183655575957417 0.06078025805851832
0 0.9162321961972799 0.31155372068713144 0.10733401000193972 0.060584768426110894
0 0.9084358005894266 0.3595517232790296 0.11552914727484306 0.06595577360990719
0 0.8967331549815732 0.40789147846282586 0.12933655575957417 0.06406108294074056
0 0.8064737852966528 0.09776320570139047 0.13753169303247786 0.06943208812453679
0 0.7388566242268482 0.3464638373225478 0.14378169303247787 0.06997889227157383
0 0.7279352286189947 0.39473524198796445 0.14196410151720862 0.06671719123481452
0 0.6652606590644591 0.639900770498844 0.1519768303053814 0.07534989745537005
0 0.6421399604512833 0.03362633268115796 0.1441643303053814 0.06725266536231592
0 0.6227523606010645 0.07738022959412158 0.14378169303247787 0.06997889227157383
0 0.6109859421143939 0.1265012347779179 0.1377867845477468 0.07255708812453678
0 0.5270744881618926 0.4797916215828715 0.13753169303247786 0.06943208812453676
0 0.4546398315133294 0.021720946441852223 0.14690669303247783 0.043441892883704446
0 0.3505278346781314 0.46653764029180633 0.14690669303247778 0.07025229434509228
0 0.3339463704338263 0.5176312485858803 0.15991687606301594 0.07759590263916642
0 0.2661378907275697 0.7686756302070377 0.1597893303053814 0.07603340263916643
0 0.23400885393310472 0.14552038567365788 0.14716178454774687 0.07337729434509233
0 0.20553342544449443 0.2472974991515282 0.15522937606301596 0.07718579952888857
0 0.19344814256373755 0.3003247543353245 0.14716178454774687 0.07337729434509228
0 0.1815541783194324 0.3510082595191208 0.16004442182065048 0.07915840263916643
0 0.15972736255791853 0.4568577183315744 0.15522937606301596 0.07718579952888867
0 0.13306952558457735 0.5553731307726855 0.15184928454774688 0.07378739745537004
0 0.12117556134027221 0.6060566359564818 0.1551018303053814 0.07562329952888866
0 0.10850034709596708 0.6568084916586577 0.1597893303053814 0.07603340263916643
0 0.07323155975787118 0.8092007598019446 0.14646311951574237 0.07562329952888866
0 0.057495118392383325 0.9065931696511577 0.11499023678476665 0.06943208812453676
0 0.09110361893601422 0.08123158468416684 0.08714905575957421 0.060370154948240586
0 0.06594450908385577 0.18039154608851868 0.08364141848667059 0.05540925287472209
0 0.05229672620309883 0.2335555023090742 0.08051641848667061 0.055135850801203555