0 0.8547267554028462 0.1921176532091879 0.07056864718563745 0.19529921189493055
0 0.7847327738186977 0.1829639812283491 0.07093266823232476 0.20154921189493055
0 0.7114772843420414 0.17599028493725072 0.07213114718563744 0.19538109905006032
0 0.06855403697287729 0.14151247060135783 0.07093266823232483 0.20154921189493055
0 0.9672821503811708 0.4526977063522627 0.030216662970653018 0.19785764586155707
0 0.3466056293344833 0.42643850576575126 0.07038663666229379 0.19217421189493056
0 0.1299718661803037 0.41900338478028054 0.07249516823232485 0.20163109905006033
0 0.01295648435615879 0.40505267017181656 0.02591296871231758 0.19760534034363314
0 0.6196434980044485 0.7032654358871904 0.06984060509226264 0.18279921189493073
0 0.4764927374811049 0.6988977611928181 0.06707962613894995 0.18888543758467105
0 0.2630294769577612 0.690845164517607 0.07296560509226264 0.18296298620519008
0 0.9390404271836402 0.9429819538658719 0.024725526167184597 0.11403609226825609
0 0.8897306719219683 0.9414891742978876 0.0701290314288567 0.11702165140422487
0 0.7489691640294606 0.9389761273170487 0.0701290314288567 0.12204774536590257
0 0.3934549113986246 0.9281603787873867 0.0658965577372161 0.14367924242522676
0 0.2495229008752809 0.9274366824962884 0.07178253669052861 0.14512663500742312
0 0.18215339035193717 0.9288829958161285 0.06516851564384121 0.14223400836774297