0 0.5144066587518558 0.08002460647635459 0.07028592378986112 0.12024107123840284
0 0.4241977385800393 0.09982665377906286 0.06905097241038013 0.12645470364722228
0 0.33296190694283345 0.12429801728618084 0.07233974672063966 0.12965243882958338
0 0.2868714789691008 0.1380871071419447 0.07233974672063966 0.12965243882958338
0 0.19744380879728435 0.15790733824024322 0.0722578595655099 0.1280899388295834
0 0.15135338082355168 0.17169642809600708 0.07414790818602893 0.13437630642076392
0 0.10682545284981904 0.1855218855429515 0.07233974672063966 0.12965243882958338
0 0.5021102973773235 0.25495187129399344 0.07053158525525056 0.1249285712384028
0 0.458776377205507 0.2758449463321185 0.06732469810012062 0.12329333605604172
0 0.27597384328430913 0.31617573955076417 0.07102290818602892 0.13430357123840278
0 0.8109320194490195 0.3622617571212854 0.07217597241038014 0.12652743882958345
0 0.7196961878118137 0.38673312062840337 0.07053158525525056 0.12492857123840287
0 0.6277200497521728 0.4104050503399311 0.07217597241038014 0.12652743882958345
0 0.40117083785724217 0.46457948480111144 0.06707903663473136 0.11860583605604162
0 0.3560254341937691 0.4752617584524656 0.07028592378986112 0.12024107123840277
0 0.17223693238474674 0.5194806178755209 0.06905097241038013 0.12645470364722228
0 0.1271324722988385 0.5293816415268751 0.0753828595655099 0.1281626740119446
0 0.930783094754647 0.5081944658025008 0.07587418249628826 0.13753767401194458
0 0.8878586103584795 0.5212750408406258 0.07792800542706715 0.14694904160312508
0 0.6627081241532894 0.5786108428929866 0.07587418249628826 0.13753767401194458
0 0.5703192282917323 0.5952333388089242 0.07274918249628844 0.13746493882958344
0 0.525214768205824 0.6051343624602783 0.07102290818602874 0.13430357123840295
0 0.4808915581199158 0.6150535699072226 0.07102290818602892 0.13430357123840278
0 0.43476018656861826 0.6296239097629865 0.07102290818602892 0.13430357123840278
0 0.251752934759596 0.6738609529816322 0.07233974672063966 0.12965243882958344
0 0.6503708192011922 0.7543193577106256 0.06724281094499088 0.12173083605604162
0 0.6037038591152839 0.7641840137707991 0.06905097241038013 0.12645470364722228
0 0.35894023575496414 0.8226277209334032 0.06707903663473136 0.11860583605604172
0 0.15434791101516335 0.8757488016711112 0.07233974672063966 0.12965243882958327
0 0.10846220092925507 0.885631641526875 0.06592597241038015 0.12638196846486097
0 0.940070727048537 0.8533621486481605 0.03895403663473118 0.11795121941479181
0 0.8659814518337662 0.8790148056582646 0.0715208751693421 0.11402743882958326
0 0.7290236844209117 0.9102440090211464 0.06839587516934209 0.1139547036472223
0 0.6372932078266601 0.9292284387326741 0.06847776232447203 0.11551720364722229
0 0.5468386261894542 0.9499419090036808 0.06650582654882306 0.10011618199263843
0 0.45638072252598116 0.9571085576550349 0.06445200361804453 0.08578288468993023
0 0.4107816174830269 0.9620499775829169 0.06387879353213637 0.07590004483416628
0 0.3195424638195538 0.9727140674386806 0.06265048620519006 0.054571865122638744