0 0.0546875 0.10390625 0.03125 0.1078125
0 0.3375 0.11484375 0.03125 0.1078125
0 0.621875 0.11484375 0.03125 0.1109375
0 0.6640625 0.1109375 0.0328125 0.11875
0 0.8359375 0.1078125 0.03125 0.121875
0 0.0515625 0.253125 0.0296875 0.1078125
0 0.1765625 0.26015625 0.0296875 0.115625
0 0.2578125 0.2640625 0.03125 0.115625
0 0.3375 0.2640625 0.03125 0.115625
0 0.7484375 0.2671875 0.0359375 0.1328125
0 0.8359375 0.27109375 0.034375 0.128125
0 0.8796875 0.27109375 0.0328125 0.128125
0 0.0921875 0.409375 0.0328125 0.121875
0 0.134375 0.41328125 0.03125 0.115625
0 0.175 0.41328125 0.03125 0.115625
0 0.378125 0.4203125 0.03125 0.1109375
0 0.45625 0.4203125 0.0328125 0.115625
0 0.5375 0.4234375 0.0296875 0.115625
0 0.578125 0.4234375 0.034375 0.1171875
0 0.6609375 0.42734375 0.03125 0.115625
0 0.703125 0.42734375 0.03125 0.121875
0 0.9796875 0.43046875 0.0390625 0.1171875
0 0.1765625 0.565625 0.03125 0.1140625
0 0.4171875 0.56953125 0.0296875 0.1140625
0 0.5765625 0.5765625 0.0328125 0.11875
0 0.7453125 0.58359375 0.0328125 0.121875
0 0.659375 0.58359375 0.0328125 0.1140625
0 0.0921875 0.715625 0.03125 0.1109375
0 0.134375 0.715625 0.0296875 0.1109375
0 0.1734375 0.715625 0.03125 0.1109375
0 0.2578125 0.715625 0.0328125 0.1109375
0 0.296875 0.715625 0.03125 0.1109375
0 0.378125 0.71875 0.03125 0.1078125
0 0.4171875 0.71875 0.03125 0.115625
0 0.7859375 0.73984375 0.034375 0.11875
0 0.9125 0.7359375 0.0296875 0.1109375
0 0.0515625 0.86796875 0.0328125 0.11875
0 0.0921875 0.86484375 0.0328125 0.1109375
0 0.175 0.86796875 0.0328125 0.11875
0 0.215625 0.86796875 0.03125 0.11875
0 0.25625 0.86484375 0.0328125 0.115625
0 0.296875 0.86796875 0.03125 0.11875