0 0.015827777192398314 0.27583032954376446 0.03165555438479663 0.06396434091247105
0 0.02769080316698063 0.43544541007611215 0.05538160633396126 0.060359179847775654
0 0.032695903004824854 0.4852225755894318 0.06539180600964971 0.0545548488211363
0 0.061273501628148375 0.6938826511788635 0.09478639448011292 0.06319501977166339
0 0.06896722484278714 0.7450949826997945 0.09166139448011293 0.06306768577927464
0 0.08663023742468887 0.8513303952473645 0.09171594155801359 0.06619268577927465
0 0.26780906290621326 0.04295552665456467 0.1699227621748646 0.07406353558899428
0 0.27322721996822785 0.0903571086697871 0.16539890340856667 0.08324753460041112
0 0.28560844318286666 0.14137843920213478 0.17162162986961632 0.08193970258518868
0 0.2893277325501296 0.1966561882135516 0.18275004464226868 0.09332287155854942
0 0.3124458583625562 0.3034500162744413 0.16534435633066594 0.08012253460041112
0 0.3185634448077198 0.3555072647915666 0.17008640340856668 0.08343853558899425
0 0.33301963677277047 0.46655751133152545 0.16378185633066603 0.08005886760421674
0 0.3461821099874093 0.5175470083657759 0.16701595048646728 0.0864362015966055
0 0.3538349228936225 0.5711030898867068 0.17008640340856668 0.08343853558899425
0 0.3551968254914103 0.6272575893924153 0.17636367694751698 0.08525570357377177
0 0.41552107630548446 0.9729892420541535 0.17845228246740402 0.026008037566160526
0 0.4573897601462697 0.01661054395477022 0.16959547970746058 0.03322108790954044
0 0.49909247037526505 0.2552486437273087 0.17014095048646743 0.08656353558899425
0 0.5161339200509534 0.3076414732710733 0.18414890340856668 0.08401153855474383
0 0.5206480961876915 0.36210613878439285 0.17641822402541757 0.08838070357377195
0 0.5352912487854793 0.4177194688224489 0.18414890340856668 0.08401153855474379
0 0.588089371758532 0.7473632064651593 0.17329322402541775 0.08825336958138301
0 0.5965643449731708 0.798543704487993 0.16846935633066593 0.08024986859279988
0 0.6157625840161222 0.9062779500393686 0.17014095048646743 0.08656353558899425
0 0.619713698464463 0.9482744490507855 0.17274775324641087 0.05700336958138301
0 0.671465896915745 0.011531771711648792 0.17581820616851013 0.023063543423297583
0 0.7268532317393508 0.31154642878483035 0.1700864034085665 0.08343853558899425
0 0.7598860998411394 0.4764883378723594 0.1700591298696164 0.08187603558899426
0 0.790374620540716 0.6977439139560827 0.16701595048646728 0.0864362015966055
0 0.7987677731385039 0.7536119119789164 0.17329322402541775 0.08825336958138301
0 0.8102722889668165 0.8101338260093612 0.17321140340856678 0.08356586958138301
0 0.820214304795129 0.8667194070360006 0.16696140340856652 0.0833112015966055
0 0.8557999866073194 0.009577999468527365 0.12277502678536116 0.01915599893705473
0 0.8682766672082843 0.03644431661782114 0.11830571509696383 0.06883752471457935
0 0.8781641359586964 0.09615489764446039 0.11986821509696384 0.06890119171077376
0 0.8888601282480586 0.15427114517300247 0.121539809252765 0.07521485870696817
0 0.8957726014626974 0.20551531019203048 0.12469208279171581 0.07690469269935693
0 0.9133401566582726 0.3172194727396006 0.12937958279171582 0.07709569368794007
0 0.9331832780064726 0.4327343847928791 0.11846935633066594 0.07821252471457943
0 0.932187793834785 0.4897656347928791 0.11844208279171582 0.07665002471457924
0 0.9382099228936225 0.5472916333100043 0.1044341298696164 0.07920202174882966
0 0.9487325913197229 0.6600635473404493 0.07940685633066594 0.07662084980971962