0 0.25638270922026435 0.9019441186699652 0.15043633723582167 0.08373650512049764
0 0.26627585968780265 0.8123355870999343 0.14726588544042357 0.0757419945971538
0 0.28295936563973095 0.7637237818523797 0.14101588544042354 0.07537797355046649
0 0.2902724167711991 0.7148767581748565 0.15827610831306052 0.0888790314288567
0 0.2905496727231275 0.6672205081748565 0.13947156615858275 0.07841196828879457
0 0.6161208027026019 0.952842405854604 0.14387726502711473 0.03024748407380997
0 0.6107974984478759 0.9281609242704555 0.15198065651766246 0.08070251038216938
0 0.627462823681645 0.8826741190229012 0.15198065651766246 0.08070251038216938
0 0.6405355163036608 0.7835085769295264 0.14573974687674215 0.08190098933548207
0 0.653317317435129 0.7343430348361515 0.14416815651766246 0.08024748407381015
0 0.6653178685665972 0.6852229953736126 0.1566954275949012 0.08566302616718495
0 0.6702962600571449 0.6349499795885971 0.1566954275949012 0.08566302616718495
0 0.695369503810629 0.48666439803268347 0.15359769867214013 0.09016851564384112
0 0.7034683501216369 0.43699062172432424 0.1504454275949012 0.08529900512049746
0 0.7162637867917245 0.38548132963094944 0.1582761083130606 0.0888790314288567
0 0.7421273709042883 0.23558774544419983 0.1504454275949012 0.08529900512049748
0 0.7533330364971369 0.1888569586124969 0.15042724687674197 0.08217400512049755
0 0.7622085876286051 0.13991892967330172 0.14733860831306042 0.0882419945971538
0 0.777315958041914 0.09374187968741916 0.15668633723582168 0.08410052616718491
0 0.8076724984478758 0.9166942612998026 0.1519806565176623 0.08070251038216938
0 0.8204497543998042 0.8683099692064278 0.14416815651766238 0.08024748407380997
0 0.8293298507108121 0.8185906902672325 0.14102497579950324 0.07694047355046649
0 0.8366429018422803 0.7697436665897092 0.15667724687674217 0.08253802616718495