0 0.9829761264634331 0.13046875 0.03404774707313365 0.1484375
0 0.9530709787263694 0.125 0.061810174471643366 0.15
0 0.90696359318775 0.12265625 0.0634090359079618 0.15625
0 0.8639357558537324 0.1125 0.06335449375348431 0.146875
0 0.8162385992378741 0.10546875 0.06488972267624513 0.1421875
0 0.7677692829810955 0.1 0.06647040339440444 0.1453125
0 0.7232971203151131 0.11015625 0.05227154800821019 0.121875
0 0.6771715540583344 0.1046875 0.04918290944452863 0.128125
0 0.5428374606741927 0.11171875 0.05069086729005097 0.11875
0 0.412336894417414 0.10625 0.05864881303532492 0.14375
0 0.32710337636523723 0.09296875 0.05704086123992678 0.1359375
0 0.28803178600615764 0.09140625 0.05550563231716561 0.140625
0 0.15358406313352072 0.07890625 0.050763590162687854 0.13125
0 0.7969487646343312 0.28125 0.057059041958086 0.1390625
0 0.7523856983775525 0.27578125 0.060184041958086 0.1390625
0 0.614045361043535 0.265625 0.049164728726369414 0.125
0 0.5718533158639951 0.26484375 0.060184041958086 0.1390625
0 0.481232861043535 0.265625 0.057059041958086 0.1390625
0 0.39295615622307484 0.26640625 0.05552381303532483 0.14375
0 0.3538845658639952 0.26484375 0.05860336123992678 0.1359375
0 0.31166524960721653 0.259375 0.057059041958086 0.1390625
0 0.22412434299135825 0.25234375 0.05863972267624522 0.1421875
0 0.1342396863755 0.2453125 0.05868517447164327 0.15
0 0.09045787011872133 0.23984375 0.06647040339440444 0.1453125
0 0.7791668878763105 0.44765625 0.0617647226762454 0.1421875
0 0.7361663216195318 0.4421875 0.058639722676245044 0.1421875
0 0.4665578035673551 0.42890625 0.05542381908544911 0.1265625
0 0.2922981469514968 0.421875 0.05704086123992678 0.1359375
0 0.7676441014773694 0.615625 0.05704086123992678 0.1359375
0 0.6707009237842723 0.60390625 0.05863972267624522 0.1421875
0 0.36353786357761775 0.58125 0.05700449980360833 0.1296875
0 0.2744571828594585 0.578125 0.057059041958086 0.1390625
0 0.18846059552544103 0.56796875 0.05072722872636941 0.125
0 0.098594119627742 0.5640625 0.05072722872636941 0.125
0 0.018870258191423527 0.5578125 0.03197722872636942 0.125
0 0.7498667698988885 0.7828125 0.06030221662612103 0.159375
0 0.7029599536421098 0.77734375 0.06810562626704134 0.1578125
0 0.6560667729239505 0.77421875 0.06496244554888211 0.1546875
0 0.47158268861499514 0.75546875 0.05868517447164336 0.15
0 0.43090769164005727 0.746875 0.05863972267624522 0.1421875
0 0.3879298512809777 0.7453125 0.05706813231716561 0.140625
0 0.344929285024199 0.73984375 0.06178290339440444 0.1453125
0 0.8750536431408676 0.94921875 0.06152837334017534 0.1015625
0 0.8297229624227086 0.94609375 0.06156473477649351 0.1078125
0 0.7812900076022483 0.946875 0.0584306444174139 0.10625
0 0.7320439865250095 0.9421875 0.06629768657189175 0.115625
0 0.682007625088691 0.9359375 0.06324540944452864 0.128125
0 0.6398246702682309 0.93671875 0.06011131908544911 0.1265625
0 0.5882258088319123 0.93046875 0.066434041958086 0.1390625
0 0.3654741100615764 0.9140625 0.060238584112563665 0.1484375
0 0.2810582034457181 0.90703125 0.06176472267624522 0.1421875
0 0.06297582395722287 0.8875 0.056995409444528654 0.128125