0 0.29133571403563474 0.2389678077164282 0.1091226507001803 0.25554811151914836
0 0.4422987773710892 0.24228464210469558 0.10098288669636232 0.22678538273097573
0 0.5119754780394528 0.24910885588995874 0.09471470536281679 0.22471269970043756
0 0.8900101187141797 0.2776815554212185 0.10434424403245295 0.2473529742462448
0 0.9905897320178173 0.29816978541733913 0.018820535964365347 0.23459814060688355
0 0.030745301400360553 0.49170926787784747 0.05250902402927139 0.2197064642443051
0 0.1669191587364513 0.5009252869636429 0.09616811736154415 0.21546524545807202
0 0.31331290073995116 0.5147810086248138 0.10098288669636232 0.22678538273097573
0 0.6179191320814508 0.5501296087648967 0.09807606269890759 0.24528029121570666
0 0.6899395827498143 0.5567625039137081 0.1091226507001803 0.25554811151914836
0 0.920808322087814 0.5723245046626142 0.09956583736472595 0.23915783697334128
0 0.9718590080362711 0.5677966302665881 0.0562819839274578 0.2301018303053816
0 0.04508271077335872 0.7830039475744057 0.0746385626989076 0.24336710485118865
0 0.267375881444904 0.8008299499903015 0.1057612933640895 0.23498052000387942
0 0.3424667881126312 0.802520253623844 0.10739651869827131 0.2413580657615139
0 0.6501343847867218 0.8321450122486578 0.1057612933640895 0.23498052000387942