0 0.9419424435899039 0.4047002520053457 0.10564207386326174 0.06323306576151388
0 0.933619654629678 0.5229400689748076 0.11819662094116268 0.0673784318225902
0 0.9334190572274658 0.5792538418536248 0.11657957386326175 0.06412588606495576
0 0.9196684285756653 0.6947034986713658 0.12913412094116267 0.06827125212603188
0 0.9131496473260773 0.754413338519645 0.1306693474022122 0.06683629788366652
0 0.8975950109636394 0.9283929724585687 0.13225912094116268 0.06852634364130097
0 0.8926250929445759 0.9774061045613245 0.1306966209411627 0.04518779087735112
0 0.7884937098219582 0.14181813048425762 0.18080571509696403 0.0787302621279716
0 0.7827698153418453 0.200810493211354 0.17458298863591432 0.07978257909743344
0 0.7719941822258181 0.325108991544364 0.17633640340856668 0.0908476248550679
0 0.7336372455390684 0.5504279848764042 0.1744738944801128 0.07353257909743327
0 0.7219752224071552 0.7255077332094144 0.1666341209411625 0.07133235030926066
0 0.6881830547951291 0.9582406138143582 0.17450116801906326 0.07509507909743363
0 0.5620033478092493 0.16401276850606725 0.17924321509696384 0.07860271637033703
0 0.5571016136375618 0.22072515411198093 0.17916139448011278 0.07391521637033707
0 0.5377867775994354 0.34119715077800106 0.18077844155801373 0.0771677621279716
0 0.5328986801972231 0.3971282863839146 0.17452844155801372 0.07665757909743345
0 0.5183122544675222 0.5156391703228383 0.16668866801906326 0.07445735030926066
0 0.49314111039444636 0.7475110525947721 0.16671594155801356 0.07601985030926066
0 0.48248820820369565 0.8647783009277823 0.18077844155801354 0.07716776212797143
0 0.4775319269541075 0.9246156865336961 0.18077844155801367 0.07716776212797143
0 0.46712053247399465 0.9724483112195859 0.17452844155801356 0.05510337756082819
0 0.28768777151365077 0.595391216829379 0.16657957386326191 0.06820735030926066
0 0.2577882171321494 0.8292242118284092 0.1666341209411626 0.07133235030926066
0 0.2416392914024484 0.9476075500096982 0.16041139448011293 0.0723846672787225
0 0.07847205316698064 0.44347867515463035 0.15694410633396128 0.07107725879399177