0 0.3129117169677082 0.09154414874458672 0.035124022865490725 0.11221083992388783
0 0.18947421696770822 0.08651445604522978 0.03512402286549077 0.11221083992388783
0 0.06862600362819707 0.08861151384016444 0.03345239546082905 0.10902217292769345
0 0.9181498323914704 0.26599227528323305 0.03561509618646852 0.12627333992388784
0 0.8758532049868087 0.26114826638598443 0.035505968781806986 0.12314833992388782
0 0.6589112416472975 0.2593298039149641 0.035124022865490725 0.11221083992388783
0 0.6143799916472975 0.2575152945234239 0.03523315027015243 0.11533583992388782
0 0.5293601509031246 0.25795169323082956 0.03523315027015243 0.11533583992388782
0 0.23326640090312462 0.24588679745199235 0.03523315027015243 0.11533583992388782
0 0.9637500529873757 0.43245953368619006 0.03539684137714509 0.12002333992388788
0 0.9254688029873757 0.4308996922794274 0.038576405079475865 0.12171317391627667
0 0.8817188029873757 0.42911701638598443 0.03539684137714509 0.12002333992388788
0 0.4077183077966991 0.41604408304098667 0.03523315027015243 0.11533583992388792
0 0.3645313029873757 0.4080432406456409 0.03523315027015243 0.11533583992388774
0 0.23718755298737565 0.402854380455798 0.035124022865490725 0.11221083992388788
0 0.9693701143274538 0.59339703368619 0.03523315027015243 0.11533583992388792
0 0.9309524550716267 0.5879309422794273 0.03523315027015243 0.11533583992388792
0 0.8874479917321155 0.5931795163859844 0.038358150270152436 0.11546317391627667
0 0.8444792417321155 0.5914286739906387 0.03539684137714509 0.12002333992388792
0 0.8007292417321155 0.5896459980971958 0.03523315027015243 0.11533583992388792
0 0.7137649550716267 0.579081229808407 0.03545140507947586 0.12158583992388791
0 0.6685888643274538 0.5811411369187697 0.03523315027015243 0.11533583992388792
0 0.6240576143274538 0.5793266275272295 0.041592277674814326 0.11871550790866543
0 0.5404638643274537 0.5759204432308296 0.038358150270152436 0.11546317391627667
0 0.49813995507162667 0.5702951843335811 0.038358150270152436 0.11546317391627667
0 0.32626495507162667 0.5632918147521979 0.03523315027015243 0.11533583992388792
0 0.2864212050716267 0.5616683063492409 0.038358150270152436 0.11546317391627667
0 0.2412451143274538 0.5637282134596037 0.03523315027015243 0.11533583992388792
0 0.19892120507162667 0.558102954562355 0.04013890507947591 0.12177684091247087
0 0.973427675667532 0.7542708666899957 0.04186509618646852 0.12652800790866542
0 0.9351464256675321 0.752711025283233 0.03846727767481397 0.11858817391627667
0 0.8931771804768553 0.7572420163859844 0.03545140507947586 0.12158583992388791
0 0.7181771804768553 0.7501113128122127 0.03523315027015243 0.11533583992388792
0 0.5875993030721937 0.7416701186299809 0.038358150270152436 0.11546317391627667
0 0.5023339256675319 0.7350752673373866 0.038358150270152436 0.11546317391627667
0 0.37251001641170484 0.7258846566532521 0.036795650270152434 0.11539950692008212
0 0.1614361071558777 0.7133833621670093 0.03523315027015248 0.11533583992388792
0 0.11924860715587768 0.7116643532697606 0.03835815027015248 0.11546317391627667
0 0.08252985715587768 0.7101681788591925 0.03992065027015248 0.11552684091247087
0 0.20873523700761015 0.8838205375661605 0.03523315027015246 0.11533583992388756
0 0.41967273700761004 0.8924155820524036 0.03706846878180663 0.12321200692008247
0 0.4635318644122718 0.8973232579458464 0.03695934137714509 0.12008700692008212
0 0.5486881144122718 0.9007931092384407 0.036795650270152434 0.11539950692008247
0 0.6783756144122719 0.9060774699225753 0.04148315027015244 0.11559050790866543
0 0.9393131144122717 0.9167098582870388 0.038358150270152436 0.11546317391627667
0 0.9775943644122718 0.9182696996938013 0.03523315027015243 0.11533583992388756