0 0.3546875 0.090625 0.0359375 0.1078125
0 0.4640625 0.08671875 0.0328125 0.1078125
0 0.8046875 0.0796875 0.034375 0.1109375
0 0.8421875 0.0796875 0.0375 0.1140625
0 0.2390625 0.22578125 0.03125 0.1015625
0 0.3890625 0.221875 0.028125 0.1015625
0 0.6890625 0.221875 0.03125 0.1078125
0 0.7640625 0.221875 0.0359375 0.1078125
0 0.9171875 0.221875 0.0359375 0.1109375
0 0.315625 0.3609375 0.03125 0.1109375
0 0.3921875 0.36796875 0.0328125 0.1109375
0 0.428125 0.36796875 0.0328125 0.115625
0 0.465625 0.36484375 0.0375 0.1109375
0 0.6875 0.3609375 0.028125 0.1078125
0 0.7265625 0.3609375 0.03125 0.1109375
0 0.915625 0.3609375 0.0359375 0.1109375
0 0.084375 0.50703125 0.0375 0.121875
0 0.1203125 0.5 0.0328125 0.11875
0 0.159375 0.503125 0.034375 0.1109375
0 0.315625 0.503125 0.0328125 0.1109375
0 0.43125 0.5 0.0375 0.1109375
0 0.7640625 0.5 0.0328125 0.11875
0 0.11875 0.64609375 0.034375 0.1109375
0 0.15625 0.64609375 0.0328125 0.1078125
0 0.2375 0.64609375 0.03125 0.1046875
0 0.390625 0.6421875 0.034375 0.1109375
0 0.5765625 0.6421875 0.0296875 0.1015625
0 0.65 0.6390625 0.03125 0.1078125
0 0.95 0.6390625 0.034375 0.1109375
0 0.15625 0.79140625 0.03125 0.1109375
0 0.2734375 0.79140625 0.034375 0.11875