0 0.7418174857944881 0.98472263470718 0.13274859818322896 0.030554730585640046
0 0.7674556013965226 0.8823185340944957 0.1316643303053814 0.06397268801718106
0 0.8151921154813481 0.7213088561027681 0.1350444218206505 0.06713405068427178
0 0.833049553053814 0.6340997574394951 0.14311201333591947 0.07034995735199914
0 0.5715049857944882 0.9837135706954078 0.13899859818322896 0.032572858609184505
0 0.5898406554891068 0.924740749403224 0.14323955909355401 0.07191245735199914
0 0.6150482074556591 0.8415197167409056 0.16782497091226495 0.08624767735518084
0 0.6508108800252156 0.6772486787475872 0.16080969636645753 0.07679995202099903
0 0.6736109091129507 0.5932191240849507 0.15586710485118865 0.07362040802036277
0 0.6729095363839146 0.5463804867520415 0.16080969636645753 0.07679995202099903
0 0.6878809610795031 0.5098708220878142 0.16080969636645773 0.07679995202099903
0 0.4094355494299702 0.9616669427116342 0.14247428454774683 0.06253745735199914
0 0.41543058685265494 0.920369780712907 0.13711710485118864 0.07340223201781733
0 0.43652459472856275 0.8441254540499521 0.14792705909355403 0.07196700135263541
0 0.43901199487834397 0.7981044293841341 0.14767196757828494 0.06884200135263559
0 0.4719684029040329 0.6759481660566338 0.14974465060882308 0.07511018268618094
0 0.4786171445690832 0.6330975947246792 0.14805460485118865 0.0735295013526354
0 0.49086218199176807 0.5918731580601336 0.1526145590935542 0.07202154535327185
0 0.5061845509277821 0.5022930373965426 0.1448020590935542 0.07193063868554468
0 0.5238345654716499 0.460350985399406 0.14767196757828494 0.0688420013526354
0 0.5313921028943346 0.4190720047342242 0.13985946757828494 0.06875109468490823
0 0.5587044177377646 0.2851424474060876 0.15781224212409217 0.07832608935390813
0 0.2491518826102895 0.9199959686903171 0.13778678454774687 0.06248291335136287
0 0.2575545718497455 0.8412624413589989 0.14441942182065048 0.06724313868554468
0 0.31182838623413345 0.5882288953691802 0.15235946757828503 0.06889654535327168
0 0.33006846107950316 0.5057072967059073 0.16249974212409227 0.07838063335454457
0 0.34186708835046703 0.4590141100413617 0.16068215060882318 0.07523745202099903
0 0.3838319634953991 0.2846686380489977 0.16406224212409218 0.07839881468808993
0 0.39558292227969244 0.1895834047183158 0.1559946506088231 0.07518290802036268
0 0.11230571579060886 0.8785977146721816 0.0863518303053814 0.06344542934436319
0 0.11960841957393238 0.7577039593411815 0.12187474212409222 0.07790791868236298
0 0.12097972987543444 0.7171335033418178 0.13073955909355411 0.07176700668363552
0 0.12040590290403293 0.6718573660089087 0.13749974212409227 0.07808973201781733
0 0.12236714456908322 0.6289522506763177 0.14830969636645772 0.0766545013526354
0 0.14385976517208737 0.5480295146801357 0.1640622421240922 0.07839881468808993
0 0.15046083835046703 0.45678689668204475 0.16080969636645773 0.07679995202099903
0 0.16310448850024825 0.410884050684272 0.1657522878817268 0.07997949602163534
0 0.18284316152884675 0.36584427068745357 0.15443215060882318 0.07516472668681722
0 0.20108323637421638 0.2833226720241807 0.1497446506088232 0.07511018268618094
0 0.20369818228163208 0.23886414735836245 0.15443215060882312 0.07516472668681722
0 0.0678400438007805 0.3434323740054088 0.04276132697140152 0.045767033338636055