0 0.8910613372358217 0.06256556683869671 0.07274767447164336 0.12513113367739342
0 0.7075721263652373 0.08216985042264727 0.09167948165323558 0.16433970084529453
0 0.5812368853422277 0.11514133438967396 0.09953743344863372 0.1919267387172289
0 0.4516902859079618 0.1431336052393565 0.09485902380771342 0.1933528463973609
0 0.3885181202169172 0.16372490155757508 0.09947380093507645 0.18098923871722888
0 0.3245056171918551 0.17418267992910502 0.09325107201231528 0.1854948822907382
0 0.9018180718159237 0.28631267458533566 0.10428856596219091 0.203000631037097
0 0.6435561199223295 0.3508682342313894 0.09955561416679296 0.19505173871722886
0 0.4500742855151783 0.40259953345260185 0.10273515632127075 0.2045176669304743
0 0.38451291802873566 0.41544652593075443 0.0980385659621911 0.20281877461060627
0 0.9559919665279251 0.5237839308535419 0.08801606694414979 0.20888691818411545
0 0.6372389839909267 0.6081268047645028 0.10903060811666876 0.21251202335696498
0 0.5069611315315987 0.6447355576674967 0.10275333703942983 0.20764266693047428
0 0.25981185811666874 0.20185069035394626 0.09641243344863373 0.1918358105039836
0 0.19501810509160666 0.21233120077878756 0.09642152380771334 0.19339831050398357
0 0.12948855386194266 0.23064694325694016 0.10115447560311144 0.20134720282385157