0 0.16062713089341213 0.018684662000714527 0.05374573821317572 0.037369324001429054
0 0.2472003316792004 0.018750363978185948 0.05247433664159917 0.037500727956371896
0 0.2930393705543299 0.02263483464509079 0.05454625889134022 0.04526966929018158
0 0.3382427086436711 0.0234489356338265 0.05788958271265772 0.046897871267653
0 0.3792850856081419 0.02984104726622394 0.06017982878371626 0.05968209453244788
0 0.4697281490903772 0.03052410827820276 0.05741870181924558 0.06104821655640552
0 0.16721527109244919 0.1214658185535474 0.06912248924663303 0.1465579257464694
0 0.4401775820934851 0.14598594526908204 0.062435841603997844 0.13674588317182246
0 0.48750634636150886 0.14968474563739914 0.06912248924663303 0.1465579257464694
0 0.5338719241117678 0.15734442632754705 0.06712334160399784 0.13707366510280766
0 0.576695124897556 0.15746475862684936 0.06414389081820956 0.13998014381548418
0 0.6217893010762385 0.15898369996065903 0.06755998924663302 0.14644866510280768
0 0.03642753577475759 0.28790990940282446 0.06443498924663302 0.14623014381548421
0 0.22056494127527557 0.2968375231289089 0.06912248924663303 0.1465579257464694
0 0.31518608250776997 0.30501637386554303 0.06712334160399784 0.13707366510280766
0 0.4065002872224996 0.31731999588950066 0.06955913688926815 0.1559329257464694
0 0.4514853014905233 0.3211826872233104 0.06123721463952716 0.14444912252816078
0 0.49647031575854694 0.32504537855712 0.06614303846084475 0.14946440445914586
0 0.541273393508806 0.33281431989092974 0.06955913688926821 0.1559329257464694
0 0.7316244117057711 0.3420861410423672 0.07253858767505647 0.15302644703379284
0 0.7765730386702417 0.34673008237617686 0.06755998924663302 0.14644866510280768
0 0.8194497433849713 0.3624207843536483 0.07439218610347993 0.15938570767745458
0 0.17491418527941954 0.47445977857679045 0.06479886228216233 0.15404264381548421
0 0.2735507384225727 0.4800217277042703 0.06814218610347993 0.15894866510280767
0 0.31813549235151417 0.49247816903808006 0.07239303846084474 0.14990144703379293
0 0.4171723058337495 0.48944636816555986 0.06755998924663302 0.14644866510280768
0 0.46353788358400844 0.4971060488557078 0.0674144400324213 0.14332366510280767
0 0.5083773486378205 0.5040937401895175 0.06167386228216234 0.1538241225281606
0 0.6977287930134679 0.5181076916627858 0.07068498924663302 0.14666718639013113
0 0.7481461699779386 0.5223692207437793 0.06755998924663302 0.14644866510280768
0 0.8364081492997741 0.5333288640550605 0.07126718610347993 0.1591671863901311
0 0.013317521506733954 0.6379863190577505 0.026635043013467908 0.14590236188449895
0 0.1844046935515872 0.6552345311746806 0.07468328453190329 0.16563570767745475
0 0.2770994617485522 0.6713351425549765 0.06755998924663302 0.14644866510280768
0 0.3270994617485522 0.667838801957801 0.06955913688926821 0.1559329257464695
0 0.3796786521952583 0.675842690073302 0.0715582845319033 0.16541718639013112
0 0.47715296567749366 0.6729201498444435 0.07126718610347993 0.1591671863901311
0 0.5682852338744587 0.6891300218684011 0.07439218610347993 0.15938570767745458
0 0.618139684660247 0.6887586812712256 0.06614303846084475 0.14946440445914586
0 0.6693019243211648 0.6937468300303884 0.06755998924663302 0.14644866510280768
0 0.7148498647678709 0.7022423910423672 0.0726841368892682 0.15615144703379294
0 0.7635591925181299 0.7097381807670226 0.06955913688926821 0.1559329257464695
0 0.040680310591260434 0.8319277071732515 0.0682877353176916 0.16207366510280757
0 0.08586437800243722 0.8482357681852303 0.06814218610347988 0.15894866510280786
0 0.1350831280024372 0.8447940579098857 0.07588191149637402 0.1579324683211162
0 0.1853185684491433 0.8529618369908792 0.07468328453190334 0.16563570767745475
0 0.38635237552123786 0.8669375836366846 0.07224748924663302 0.14677644703379294
0 0.43755100248570855 0.8711444823958473 0.0689769400324213 0.14343292574646932
0 0.4894944921466264 0.8760780008331792 0.07809938296032684 0.172104228964778
0 0.5377500556288617 0.8765971708796654 0.07126718610347993 0.1591671863901311
0 0.6846057849506973 0.8834595400536316 0.06861306699689215 0.13562042574646965
0 0.8247577500045093 0.8837823321240753 0.07079199710451585 0.11552644703379293