0 0.8513735712126419 0.9280427637490405 0.054797682686180946 0.14391447250191902
0 0.8012281205442784 0.9347636446424525 0.04847495735199914 0.13047271071509492
0 0.7503468732097784 0.9386773759287589 0.046876094684908234 0.12264524814248219
0 0.6995565325430058 0.9355052762597357 0.05011018268618095 0.1289894474805287
0 0.6479031258752784 0.9405181079389362 0.05312609468490823 0.11896378412212769
0 0.4438332438733695 0.9439726898252789 0.05307155068427196 0.11205462034944205
0 0.39379688120627854 0.9448160020669146 0.04836586935072642 0.11036799586617078
0 0.2430610845401422 0.9373801836222805 0.050019276018453684 0.12523963275543898
0 0.194596312539824 0.9385959272121397 0.04996473201781741 0.12280814557572058
0 0.15082813120627855 0.9391395827126576 0.04992836935072651 0.12172083457468474
0 0.6195632339274579 0.563521230145896 0.04854768268618095 0.14593323821317572
0 0.5147666459261853 0.5680203314698035 0.05018290802036276 0.1522560128202816
0 0.3090888105904126 0.5764192206353832 0.04854768268618095 0.14593323821317572
0 0.20742631325591265 0.5802826211735025 0.04843859468490823 0.13655823821317573
0 0.15819847258913994 0.578771471049668 0.05003745735199914 0.13975601282028158
0 0.9589182772915474 0.35264165797720814 0.04682155068427178 0.13179796360606985
0 0.6585637412874112 0.36913768341288355 0.046876094684908234 0.13648546360606986
0 0.5529495406190477 0.3767253974332382 0.046876094684908234 0.13648546360606986
0 0.5021501092855022 0.3759227227022978 0.04838405068427196 0.13187073821317571
0 0.0931927326145933 0.3881421629441161 0.04362382535009013 0.12540241439185812
0 0.9509437873170008 0.1646686230310201 0.04540450135263541 0.144225188998964
0 0.9002261719844098 0.15683469830007973 0.04847495735199914 0.13968323821317571
0 0.8524699246499099 0.16320882278335108 0.05011018268618095 0.14600601282028158
0 0.8008619713160463 0.16471351074885776 0.05312609468490814 0.13677656203449332
0 0.330848915977092 0.18425099131354764 0.054797682686180946 0.14622433664159917