0 0.9136266953373635 0.10958925598578528 0.044259077339272326 0.047577629029259196
0 0.8597113546705908 0.10409182021759093 0.044259077339272326 0.04757762902925916
0 0.5846840826702725 0.07768868774796185 0.047474984006999676 0.055663531102777684
0 0.5323312420034998 0.07232795301652675 0.04589430267345431 0.05396433006601844
0 0.36741476666931805 0.05165599363842523 0.04107953333863605 0.04261672695574066
0 0.3142988573360908 0.04778940838861051 0.0442227146721816 0.04445262902925917
0 0.20331590400222715 0.034177384778703315 0.044131808004454334 0.03664012902925917
0 0.15178067600254536 0.03201000056564786 0.04106135200509069 0.04105422695574066
0 0.09549431333545445 0.023963763242314633 0.0441136266709089 0.03507762902925918
0 0.745032331357408 0.24234509297902634 0.051727226686817215 0.1528119331762962
0 0.5832863093570898 0.2258527856744433 0.048584045353271856 0.15097603110277769
0 0.44893858135740794 0.21644024651314728 0.05334427068745349 0.15763613421305545
0 0.3129192653564535 0.19751600631509197 0.04863858935390812 0.1556635311027777
0 0.6348322700509067 0.43015886833235994 0.048584045353271675 0.15097603110277763
0 0.5809169293841341 0.4246614325641655 0.048584045353271856 0.15097603110277763
0 0.4739038607176795 0.41685991154615654 0.048584045353271856 0.1509760311027776
0 0.36446522605027043 0.40182208897300853 0.051836314688089934 0.16218693317629623
0 0.20349136338317955 0.3846168821868052 0.04863858935390812 0.1556635311027777
0 0.15270102271640681 0.37939284849212934 0.045513589353908125 0.15539012902925914
0 0.03940159138286135 0.3679195233270833 0.04863858935390815 0.15566353110277759
0 0.9075628874124508 0.6616206476917113 0.046876094684908054 0.13833933006601845
0 0.41756459607731466 0.6054836226676844 0.046876094684908234 0.13833933006601845
0 0.14886004941117825 0.5858772943450923 0.05178177068745358 0.15749943317629622
0 0.04092937074313284 0.5662886728087037 0.04847495735199914 0.1416010311027776
0 0.9068923674410859 0.8722847456181928 0.04852950135263541 0.1462885311027776
0 0.7967088454407678 0.8603035725266652 0.04852950135263541 0.1462885311027776
0 0.6857531641072223 0.849035298916758 0.048584045353271856 0.1509760311027776
0 0.576259985439177 0.82930997634361 0.04852950135263541 0.1462885311027776
0 0.5238980541056315 0.8231679916121749 0.048584045353271856 0.15097603110277769
0 0.4692560074394951 0.8222897053256009 0.048584045353271675 0.15097603110277769
0 0.41450487277208603 0.8120364190390269 0.048584045353271856 0.15097603110277769
0 0.3097991914385406 0.8013149495761567 0.04540450135263541 0.14601512902925923
0 0.03943214743790428 0.7729781702168055 0.04852950135263547 0.14628853110277779