0 0.8633623022833652 0.9007641431958362 0.056655859695551314 0.127101010874415
0 0.8192130542605314 0.8932036525873762 0.056655859695551314 0.127101010874415
0 0.6869098902300866 0.8861153472638996 0.05828202669174569 0.12872717787060922
0 0.6387907252110585 0.8802765241459257 0.06016286167271758 0.13660334486680376
0 0.5926969752110585 0.8821547005336601 0.05716519566510634 0.139601010874415
0 0.5014180592034473 0.8827542198110322 0.05872769566510634 0.1396646778706092
0 0.45476589369012765 0.879195479696864 0.05378552768032883 0.1332236768820259
0 0.40964439467871083 0.8763543225865013 0.05716519566510638 0.139601010874415
0 0.3619881446787109 0.8782961659704303 0.05885502965749527 0.1427896778706092
0 0.7891793388609425 0.7306373269979445 0.05404019566510634 0.13947367688202608
0 0.7129351738419145 0.7259445098114696 0.057165195665106514 0.139601010874415
0 0.6188495928152753 0.7188588630812303 0.05885502965749527 0.1427896778706092
0 0.5720700933095668 0.7184251229670621 0.06223469764227278 0.14916701186299813
0 0.18067843076199674 0.7148742890118542 0.06198002965749523 0.14291701186299796
0 0.6016023788985612 0.5487519515222434 0.06366986364988403 0.1461056788591925
0 0.5510439633852415 0.5453523788985611 0.05391286167271758 0.13634867688202626
0 0.5073894638795331 0.5447913047920041 0.058473027680328825 0.1334146778706092
0 0.6350236684418882 0.3602014460850359 0.059364365627050476 0.15528967787060938
0 0.585773084943791 0.3629882064651593 0.060544863649884026 0.14597834486680378
0 0.5335566689361797 0.3619960508376714 0.05898236364988403 0.14591467787060938
0 0.4846244204190544 0.35697031121779477 0.0674952006080222 0.16342051285158127
0 0.3256950893924152 0.35252684482962265 0.0640518656270503 0.15548067885919253
0 0.16355984532391427 0.3310550459319366 0.06787720258518863 0.1727955128515813
0 0.05222309730108059 0.3262322361598356 0.07594437056996624 0.17936384783255316