0 0.078125 0.06953125 0.040625 0.1390625
0 0.1171875 0.0765625 0.0375 0.1359375
0 0.278125 0.0765625 0.0359375 0.1359375
0 0.5671875 0.0796875 0.0375 0.1359375
0 0.609375 0.08671875 0.040625 0.125
0 0.6921875 0.08359375 0.04375 0.128125
0 0.7828125 0.09375 0.04375 0.1359375
0 0.8640625 0.08671875 0.0359375 0.1390625
0 0.90625 0.090625 0.0453125 0.1390625
0 0.95 0.090625 0.04375 0.1421875
0 0.775 0.25 0.04375 0.1328125
0 0.60625 0.25 0.0453125 0.1390625
0 0.5640625 0.246875 0.0390625 0.128125
0 0.4828125 0.24296875 0.0421875 0.128125
0 0.44375 0.24296875 0.0359375 0.125
0 0.403125 0.2359375 0.04375 0.1390625
0 0.28125 0.2359375 0.04375 0.1390625
0 0.1984375 0.22890625 0.0375 0.1328125
0 0.1234375 0.22890625 0.04375 0.1390625
0 0.08125 0.22578125 0.040625 0.1390625
0 0.2015625 0.38203125 0.0421875 0.125
0 0.359375 0.38203125 0.0375 0.121875
0 0.484375 0.3921875 0.04375 0.1328125
0 0.521875 0.3890625 0.03125 0.125
0 0.559375 0.39609375 0.0375 0.125
0 0.603125 0.39609375 0.0390625 0.1328125
0 0.6890625 0.403125 0.0421875 0.1421875
0 0.73125 0.403125 0.0390625 0.1390625
0 0.8140625 0.40625 0.040625 0.1328125
0 0.903125 0.41328125 0.0375 0.128125
0 0.946875 0.41640625 0.0390625 0.15
0 0.9828125 0.5765625 0.034375 0.1390625
0 0.94375 0.5765625 0.040625 0.1390625
0 0.9 0.57265625 0.0390625 0.1421875
0 0.8578125 0.5765625 0.0453125 0.1421875
0 0.815625 0.56953125 0.0390625 0.1484375
0 0.76875 0.565625 0.040625 0.125
0 0.4 0.534375 0.0390625 0.1328125
0 0.284375 0.5453125 0.0359375 0.1421875
0 0.1234375 0.53125 0.040625 0.1421875
0 0.084375 0.6734375 0.03125 0.1390625
0 0.125 0.67734375 0.04375 0.1328125
0 0.20625 0.67734375 0.0390625 0.125
0 0.3609375 0.690625 0.0359375 0.1328125
0 0.3984375 0.6875 0.0375 0.1390625
0 0.4359375 0.6875 0.0375 0.1328125
0 0.478125 0.690625 0.046875 0.121875
0 0.6015625 0.7046875 0.0390625 0.125
0 0.684375 0.70859375 0.0421875 0.121875
0 0.8546875 0.72890625 0.04375 0.1390625
0 0.9375 0.7328125 0.0421875 0.1390625
0 0.9796875 0.7359375 0.040625 0.128125
0 0.9765625 0.8921875 0.04375 0.1328125
0 0.89375 0.8890625 0.0484375 0.1359375
0 0.8078125 0.878125 0.04375 0.1359375
0 0.721875 0.875 0.0421875 0.1421875
0 0.68125 0.875 0.0375 0.1390625
0 0.5609375 0.846875 0.04375 0.1171875
0 0.4015625 0.83671875 0.04375 0.125
0 0.3609375 0.8296875 0.0375 0.1140625
0 0.321875 0.8296875 0.0375 0.11875