0 0.42776049279913025 0.9588139955141948 0.05212612133990877 0.05053851087441501
0 0.5557582234643121 0.9426558018262547 0.04613066000954511 0.0721588428896375
0 0.23986795210054082 0.7312022845632301 0.05921246268299925 0.12266817885919253
0 0.016373718730087992 0.46674183102663924 0.02336586935072647 0.12901633794672146
0 0.16274873205758827 0.41778838338436647 0.06711586935072647 0.1307990138401644
0 0.5414362587125888 0.3163798033091293 0.0591942813494537 0.12110567885919252
0 0.12944314668204476 0.10806055631205991 0.054234061346272136 0.0974771778706093
0 0.4715755553389543 0.03233370304229921 0.05252611067790856 0.06466740608459842
0 0.5964119233370453 0.015724523194523554 0.05219884667409058 0.03144904638904711
0 0.898765311346272 0.05873581068632209 0.049619286680454164 0.10353617688202614
0 0.741590252705271 0.25429234429815006 0.0577408693507266 0.13041701186299812