0 0.5023624331512243 0.8331424376484314 0.16198930121764618 0.15211311542376213
0 0.6362902493717801 0.6129614016209148 0.13858375212603188 0.13259922359113005
0 0.8677162372438086 0.8012426847380247 0.13804161818710803 0.14504465988879928
0 0.79537769119631 0.44928582593768446 0.1414536606107628 0.12958335099579193
0 0.30481788239262003 0.8536657248570746 0.15248675546001172 0.1502232332097769
0 0.29686121649102326 0.6536012374709463 0.1354587521260319 0.1324900961864685
0 0.9376613017973746 0.5874455687661083 0.04355829454968685 0.11370040145127884
0 0.6274568675588884 0.4716270734906137 0.14352634364130096 0.13588791469812272
0 0.6775855737581079 0.8173240086071566 0.1526143012176462 0.1517857332097769
0 0.2998581549815732 0.5017113552569612 0.14001870636839736 0.131091287293461
0 0.45354113543673585 0.49062506623421953 0.12726361485312832 0.12752977767481433
0 0.009352132791318832 0.6857936562606023 0.018704265582637665 0.1254563569862416
0 0.9564790875 0.377383496875 0.8793838031250001 0.385062725 0.9037178515625 0.49057094531249995 0.9609276296875 0.4859385953125 0.9564790875 0.377383496875
0 0 0.5796786015625 0.053380590625 0.572707059375 0.0517775125 0.465263425 0 0.4704461484375 0 0.5796786015625
0 0.086775375 0.5677129859375001 0.21672434687500003 0.561630959375 0.2180393015625 0.45706694218750005 0.0950093609375 0.457792046875 0.086775375 0.5677129859375001
0 0.18313591875 0.732716765625 0.19767588125 0.6092458749999999 0.074871353125 0.60703665625 0.051791964062499994 0.7389201437499999 0.18313591875 0.732716765625
0 0.5428772265624999 0.6972442296875 0.5241075937499999 0.5808489640625 0.404763025 0.584864984375 0.41309885937499996 0.707489375 0.5428772265624999 0.6972442296875
0 0.891031921875 0.65233463125 0.86659704375 0.5343431953125 0.7426820609375 0.5450268046875 0.7585915375 0.6659448718750001 0.891031921875 0.65233463125
0 0.1829548828125 0.9332758109375 0.191019125 0.7884338859375 0.054908039062500004 0.8032549109374999 0.0421444765625 0.947614215625 0.1829548828125 0.9332758109375
0 0.32936885625 1 0.3290378734375 0.979273859375 0.186789721875 0.9926928140625 0.18656276562500002 1 0.32936885625 1
0 0.523645453125 1 0.5200686265625001 0.960566734375 0.3821169875 0.9718824875 0.38165903125 1 0.523645453125 1
0 0.6619409484375 1 0.7181630203125 0.9951091359375001 0.70953358125 0.9378179375 0.5649755921875 0.9494490437499999 0.5658477937499999 0.950317434375 0.5703392265625 1 0.6619409484375 1
0 0.90567619375 0.9787970109374999 0.8836109249999999 0.9153630609375 0.7376364 0.9344289531250001 0.752059846875 0.9921603859375001 0.90567619375 0.9787970109374999