0 0.9402378233850637 0.9052589103912896 0.041076458615570036 0.18948217921742092
0 0.8296754596356823 0.915025732954966 0.06558513568479185 0.16994853409006794
0 0.7615429353254228 0.9137944987633823 0.07972952283992144 0.17241100247323543
0 0.6986301775235068 0.90725460209487 0.0690376843053107 0.18549079581026007
0 0.6281129596356824 0.9017515252906986 0.07791471732199753 0.1964969494186029
0 0.5670116853254228 0.9072195334625338 0.06879202283992143 0.18349242288667397
0 0.49883821743759843 0.9067701480527883 0.07191702283992144 0.1836926819859727
0 0.9481642673013129 0.679237542404949 0.04929839439121899 0.1978157387412331
0 0.8927774044564426 0.6741204433923981 0.07388895861557003 0.1916053115356222
0 0.8277698801461831 0.6730900670819512 0.07553334577069996 0.1932679410852714
0 0.6933129929910533 0.6660414258121097 0.07454405585660825 0.20410531153562203
0 0.6324607021724505 0.6754676881506108 0.07857645861557021 0.1919057001845701
0 0.4334909356641071 0.672907485345147 0.07429839439121899 0.1994178115356222
0 0.36712562924167197 0.6678707294850509 0.07388895861557021 0.1916053115356222
0 0.23369897557819885 0.6710784677648587 0.07504202283992142 0.18389294108527138
0 0.17049961273332861 0.6654607210040611 0.07421650723608923 0.19785531153562202
0 0.10915267695767983 0.6693681685677376 0.07553334577069998 0.1932679410852714
0 0.0053476224000378455 0.6654643136950905 0.010695244800075691 0.18834060919158374
0 0.8994246313893786 0.42762617519380086 0.07528768430531088 0.18858044108527144
0 0.8297296070791191 0.426295410234406 0.07454405585660809 0.20410531153562222
0 0.7620507841483406 0.43136483959948524 0.08079405585660808 0.20450582973421944
0 0.6960163483726918 0.4349718985142138 0.07766905585660826 0.20430557063492077
0 0.5690820341483406 0.41899884021779404 0.0750353787873868 0.21348031153562222
0 0.3648925011316537 0.42629449876338227 0.08103971732199752 0.20919332973421945
0 0.035213264077723364 0.4315794694629016 0.07042652815544673 0.20899307063492073
0 0.0004902436684219222 0.4302882772978959 0.0009804873368438444 0.18245155459579188
0 0.9040147133652686 0.17551296267072955 0.08103971732199752 0.20919332973421945
0 0.7643004381504979 0.19399524752676464 0.0754514586155702 0.1917054410852715
0 0.695877986771017 0.18333954734219451 0.07816037878738662 0.21368057063492082
0 0.6324329624607574 0.18240930058139698 0.07429839439121899 0.19941781153562216
0 0.49641357530562774 0.17526052976190604 0.080548394391219 0.19981832973421945
0 0.35587378448702484 0.17958018506829182 0.08260221732199753 0.20929345928386875
0 0.2895903652197195 0.1729809292081957 0.07586089439121899 0.1995179410852715
0 0.15484687302163555 0.17140103793835407 0.08210425033868426 0.22950582973421946
0 0.08905809871137606 0.1703205968530826 0.07635221732199751 0.20889294108527148
0 0.030843886250618596 0.15986515576781107 0.06168777250123719 0.22910531153562216