0 0.29453125 0.27265625 0.03125 0.109375
0 0.334375 0.278125 0.0359375 0.121875
0 0.453125 0.2796875 0.0328125 0.1078125
0 0.53125 0.2828125 0.0296875 0.1140625
0 0.56875 0.28359375 0.034375 0.1171875
0 0.64375 0.28359375 0.0296875 0.1046875
0 0.68046875 0.28125 0.0359375 0.1109375
0 0.71875 0.28515625 0.0296875 0.1140625
0 0.75546875 0.2828125 0.0328125 0.103125
0 0.790625 0.2859375 0.028125 0.1046875
0 0.82578125 0.29296875 0.034375 0.1125
0 0.784375 0.15390625 0.03125 0.10625
0 0.8890625 0.16015625 0.03125 0.1078125
0 0.13046875 0.421875 0.0328125 0.1078125
0 0.17109375 0.4203125 0.0296875 0.121875
0 0.2109375 0.421875 0.0359375 0.1125
0 0.25234375 0.4140625 0.0328125 0.115625
0 0.29375 0.41328125 0.034375 0.1203125
0 0.33359375 0.41328125 0.0328125 0.1203125
0 0.41640625 0.41328125 0.03125 0.1140625
0 0.453125 0.41953125 0.0328125 0.115625
0 0.49140625 0.41953125 0.03125 0.109375
0 0.28984375 0.5625 0.0359375 0.1234375
0 0.33203125 0.5625 0.0359375 0.1234375
0 0.375 0.5671875 0.0375 0.121875
0 0.49296875 0.5625 0.0328125 0.1234375
0 0.53203125 0.5640625 0.0359375 0.1265625
0 0.571875 0.5625 0.0328125 0.11875
0 0.60859375 0.56484375 0.034375 0.128125
0 0.64921875 0.5625 0.03125 0.1234375
0 0.6890625 0.56484375 0.034375 0.1171875
0 0.7625 0.56171875 0.0359375 0.121875
0 0.8015625 0.5640625 0.0359375 0.1265625
0 0.08515625 0.7296875 0.034375 0.1296875
0 0.12421875 0.72734375 0.0359375 0.1296875
0 0.2046875 0.8890625 0.0359375 0.1328125
0 0.24609375 0.8875 0.034375 0.146875
0 0.28984375 0.89140625 0.0359375 0.1421875
0 0.375 0.88125 0.034375 0.1375
0 0.41640625 0.87890625 0.0375 0.1390625
0 0.4578125 0.87109375 0.0328125 0.140625
0 0.4984375 0.87109375 0.034375 0.1359375
0 0.6203125 0.85859375 0.0375 0.1421875
0 0.6625 0.86484375 0.0359375 0.1296875
0 0.85234375 0.85234375 0.0328125 0.1203125