0 0.8866319966458054 0.18137783368440896 0.07200567599857095 0.1373922036472223
0 0.845733845036651 0.18622964105510348 0.07022465471124732 0.13423083605604172
0 0.8021641614965114 0.19582349981256875 0.07200567599857095 0.1373922036472223
0 0.7570319779563719 0.2054537261612146 0.0722241972858944 0.14051720364722226
0 0.7118997944162324 0.2150839525098605 0.07513067599857096 0.13746493882958344
0 0.6667676108760928 0.2247141788585064 0.07513067599857096 0.1374649388295834
0 0.6200182970141224 0.2351620227983328 0.07702095792955621 0.14218880642076395
0 0.5733236134739829 0.24482861673815925 0.0753491972858944 0.14058993882958343
0 0.528699528324689 0.25834690929121484 0.0722241972858944 0.14051720364722228
0 0.34260920901483694 0.30947691745934 0.08036447921687966 0.14538654160312509
0 0.29613304676202085 0.31601851139916637 0.07723947921687965 0.1453138064207639
0 0.9092614774521689 0.34854649667843673 0.0731311334239237 0.13117857123840287
0 0.8237392406937205 0.36691659660218684 0.07680243664223277 0.13906380642076394
0 0.6877799613606255 0.3927004594437147 0.07680243664223277 0.13906380642076394
0 0.6416480065331625 0.40547386958795084 0.07702095792955603 0.14218880642076392
0 0.5970239213838685 0.4189921621410064 0.07556771857321784 0.14371493882958344
0 0.5487121075218981 0.42947637367201336 0.07891123986054147 0.14691267401194455
0 0.5035799239817585 0.43910660002065927 0.07891123986054147 0.14691267401194455
0 0.7996194076381137 0.5445331035360409 0.06822511213660043 0.12794446846486132
0 0.7566124528106506 0.557233778497916 0.07658391535490913 0.13593880642076392
0 0.7098631389486803 0.5676816224377423 0.08014595792955603 0.1422615416031249
0 0.29940125032897613 0.6708326447579165 0.07622328243518836 0.15308993882958327
0 0.34407996580010086 0.6565331022048608 0.08280106436617345 0.15792290919430557
0 0.3892121493402404 0.646902875856215 0.07666032500983526 0.15933993882958325
0 0.4359614632022108 0.6364550319163884 0.07880197921687966 0.14535017401194458
0 0.48053091802967385 0.6237179893633329 0.07723947921687965 0.1453138064207639
0 0.9346449816395428 0.6771066013518394 0.041553351492938616 0.1257637194147918
0 0.9096067768120797 0.6893890490151381 0.06800659084927715 0.12481946846486114
0 0.866091723593771 0.6982016577726033 0.07836493664223276 0.13910017401194458
0 0.7322740984677203 0.7379752854317703 0.07702095792955621 0.14218880642076392
0 0.6398462978473016 0.7658658557202425 0.07400521857321785 0.14367857123840277
0 0.5954953643071621 0.775477898273298 0.07912976114786474 0.1500376740119444
0 0.5475113323761769 0.7812746098043051 0.08236402179152655 0.15167290919430573
0 0.5015978988360373 0.7909230199485412 0.07956680372251164 0.1562876740119446
0 0.31945203435364833 0.8302615429343053 0.07680243664223267 0.13906380642076394
0 0.2721946221008322 0.836821320669722 0.07000613342392406 0.13110583605604162
0 0.2291876672733692 0.8495219956315971 0.07502141535490922 0.13590243882958353
0 0.18450895180224447 0.8638215381846525 0.07102233020561535 0.12332970364722229
0 0.02347983765957045 0.8996713852586111 0.0469596753191409 0.130814895326597
0 0.05441726021633323 0.8949286806614584 0.06822511213660054 0.12794446846486096