0 0.17510829488687346 0.9873566048385642 0.12647396879233552 0.02528679032287151
0 0.13550580506363874 0.8308562018192456 0.12613977611928182 0.05731169396136267
0 0.11977790648854825 0.7389405295695045 0.12457727611928182 0.05723891935425698
0 0.11275662256735033 0.6941909557481869 0.12293288896415207 0.05560364474715094
0 0.0916108836486268 0.5583797342842344 0.12449538896415206 0.055676419354256976
0 0.06965291723114045 0.37732878742738746 0.10262038896415207 0.05465757485477489
0 0.48860755087976726 0.9509548019002988 0.1434910504295413 0.06123721463952734
0 0.472797765149547 0.8574766296505579 0.14036605042954128 0.06109166542531526
0 0.46491334407321927 0.8111281685256874 0.14176477611928182 0.0580394400324213
0 0.45781017299689164 0.7648160947043697 0.13387038896415202 0.056113066996892155
0 0.43033254692303835 0.6271512748119937 0.12745661465389252 0.052696968568468706
0 0.4208546483479479 0.5355267009906761 0.13082727611928177 0.05753001778268043
0 0.4005211369279872 0.4449552049196175 0.1337066146538925 0.05298806699689198
0 0.3958026594292243 0.3995335430089587 0.12465916327441154 0.05880141935425698
0 0.3825723190855913 0.3552741207592177 0.12753850180902235 0.05425946856846862
0 0.6666849632496676 0.979532431243525 0.1417647761192818 0.04093513751294999
0 0.6588005421733399 0.9417361213783902 0.1417647761192818 0.0580394400324213
0 0.655685508252142 0.8971684840748374 0.13715916327441152 0.059383616211103885
0 0.6383132225219218 0.8036175372179905 0.14801477611928177 0.05833053846084475
0 0.6225443803692665 0.7109206149682494 0.1372410504295413 0.060946116211103706
0 0.5887448332190856 0.5269801085581086 0.1339522761192818 0.05767556699689216
0 0.5651734571452321 0.38949722518349716 0.1402841632744117 0.05952916542531543
0 0.5542049796464694 0.34378446484441494 0.14012038896415202 0.056404165425315435
0 0.8439501481208052 0.9743601648038883 0.13732293758467112 0.051279670392223406
0 0.7919970652404041 0.7024467971427879 0.1434910504295413 0.06123721463952716
0 0.7509305727036358 0.4690692169113295 0.14513543758467104 0.06287248924663302
0 0.7359020369734156 0.3756274319651415 0.14184666327441153 0.059601940032421294
0 0.06264159938874458 0.2881571255167287 0.09793288896415206 0.0544392510334573
0 0.05393498473485203 0.2409910270883052 0.08559666327441158 0.0569820541766104
0 0.38237756727656896 0.3069457826698765 0.13074538896415203 0.055967517782680345
0 0.37066878335537107 0.26197788502724134 0.13378850180902235 0.05455056699689198
0 0.3635246687014785 0.21488456120592375 0.13715916327441152 0.05938361621110373