0 0.06875 0.08671875 0.0265625 0.115625
0 0.3078125 0.08671875 0.0328125 0.1078125
0 0.4265625 0.090625 0.0328125 0.115625
0 0.58125 0.10078125 0.03125 0.1109375
0 0.69375 0.1078125 0.0265625 0.1046875
0 0.1078125 0.2328125 0.034375 0.1109375
0 0.1484375 0.22890625 0.03125 0.1078125
0 0.228125 0.2328125 0.034375 0.1109375
0 0.4671875 0.2328125 0.03125 0.1078125
0 0.58125 0.23984375 0.0328125 0.1109375
0 0.35 0.38515625 0.0359375 0.115625
0 0.58125 0.3921875 0.0328125 0.1078125
0 0.03125 0.53125 0.03125 0.1046875
0 0.228125 0.528125 0.03125 0.1046875
0 0.6203125 0.534375 0.0328125 0.1046875
0 0.7640625 0.534375 0.028125 0.1015625
0 0.7984375 0.53125 0.025 0.096875
0 0.10625 0.67734375 0.034375 0.1140625
0 0.146875 0.68046875 0.03125 0.1078125
0 0.2671875 0.67734375 0.03125 0.1015625
0 0.346875 0.68046875 0.03125 0.1046875
0 0.3875 0.67734375 0.0328125 0.1046875
0 0.5421875 0.6734375 0.0296875 0.1046875
0 0.65625 0.6734375 0.028125 0.1015625
0 0.0296875 0.8265625 0.03125 0.1046875
0 0.3453125 0.8265625 0.03125 0.1078125
0 0.728125 0.815625 0.0265625 0.09375
0 0.69375 0.8125 0.03125 0.090625