0 0.09453125 0.8875 0.0359375 0.140625
0 0.13828125 0.89609375 0.0375 0.1453125
0 0.37265625 0.87734375 0.0375 0.1421875
0 0.41875 0.8828125 0.0390625 0.153125
0 0.559375 0.87109375 0.0421875 0.140625
0 0.60546875 0.86484375 0.0375 0.1515625
0 0.65234375 0.871875 0.0421875 0.1421875
0 0.70078125 0.86953125 0.04375 0.1546875
0 0.78984375 0.865625 0.0421875 0.146875
0 0.840625 0.859375 0.0375 0.1453125
0 0.88203125 0.8640625 0.0375 0.15
0 0.09765625 0.7171875 0.040625 0.1375
0 0.14375 0.71640625 0.0375 0.1375
0 0.18828125 0.71640625 0.040625 0.1421875
0 0.41796875 0.70546875 0.040625 0.1265625
0 0.465625 0.703125 0.0375 0.1265625
0 0.5109375 0.70234375 0.0390625 0.1359375
0 0.60390625 0.696875 0.0390625 0.1359375
0 0.646875 0.6953125 0.0359375 0.134375
0 0.6921875 0.6953125 0.040625 0.134375
0 0.875 0.69140625 0.04375 0.1359375
0 0.07109375 0.39375 0.0390625 0.1421875
0 0.2015625 0.39296875 0.034375 0.134375
0 0.24609375 0.3859375 0.0421875 0.1375
0 0.33359375 0.38046875 0.034375 0.13125
0 0.37734375 0.37890625 0.0390625 0.134375
0 0.55234375 0.371875 0.0359375 0.146875
0 0.596875 0.37265625 0.0359375 0.1421875
0 0.6390625 0.36796875 0.0390625 0.134375
0 0.68515625 0.37890625 0.0390625 0.15625
0 0.76875 0.36640625 0.0359375 0.1265625
0 0.81484375 0.3625 0.03125 0.134375
0 0.85390625 0.3609375 0.0375 0.1328125
0 0.89609375 0.3625 0.0421875 0.140625
0 0.03828125 0.234375 0.0390625 0.134375
0 0.0796875 0.2421875 0.0359375 0.1265625
0 0.2484375 0.22734375 0.034375 0.11875
0 0.59296875 0.21953125 0.0359375 0.1265625
0 0.675 0.215625 0.0359375 0.1296875
0 0.71796875 0.2203125 0.0359375 0.128125
0 0.76171875 0.21484375 0.0359375 0.1328125
0 0.80234375 0.21328125 0.0359375 0.125
0 0.8875 0.21328125 0.0390625 0.13125
0 0.8765625 0.0703125 0.0296875 0.1171875
0 0.79609375 0.0625 0.0359375 0.1234375
0 0.75703125 0.071875 0.040625 0.125
0 0.71171875 0.07265625 0.0421875 0.128125
0 0.66796875 0.06875 0.034375 0.1203125
0 0.46328125 0.0734375 0.0390625 0.1234375
0 0.37890625 0.078125 0.0359375 0.128125
0 0.1703125 0.0875 0.034375 0.1171875