0 0.3655467300668039 0.8556947833148756 0.08091639227157384 0.1434682001845701
0 0.7560672574463878 0.5690542674326301 0.08234219123481452 0.14200582973421944
0 0.6592120898214804 0.548549605186414 0.08390469123481452 0.1421059592838688
0 0.6120930820457859 0.5397846769010691 0.08574059330833314 0.14533108883351814
0 0.4704626566451841 0.510364892045034 0.08363128916129589 0.1389809592838688
0 0.37622464109379533 0.49283503547434393 0.08179538708777745 0.13575582973421946
0 0.32968183176296206 0.48167629241417426 0.08050628916129607 0.1387807001845701
0 0.09656724392124914 0.43926395666297513 0.07656108294074049 0.12920544108527157
0 0.06167483407203622 0.4265729919804356 0.05992038708777754 0.13435401603912892
0 0.9641919402216894 0.4351043622831279 0.07161611955662117 0.1483559592838688
0 0.9284809167299528 0.4205202305740102 0.08247889227157401 0.14356832973421946
0 0.6399563674838881 0.3643748642857127 0.08615069641861091 0.15001858883351815
0 0.17198903454314762 0.2686627575581392 0.08132649538185159 0.14815570018457008
0 0.0829853231387958 0.2570825123385011 0.07242038708777751 0.1351550524363235
0 0.9781235829407404 0.25676980876707023 0.04375283411851925 0.14170544108527147
0 0.9096646918004623 0.23238917489848424 0.08615069641861055 0.15001858883351807
0 0.714870310179305 0.1969487299557014 0.08390469123481452 0.14210595928386877