0 0.9695526896963829 0.46218001392098185 0.06089462060723427 0.06349405347041018
0 0.9760768483942421 0.5921406655301362 0.04784630321151582 0.06182229282674854
0 0.9791110132613519 0.658601545851967 0.04177797347729637 0.05390053218308673
0 0.9886838772332975 0.9126170564956286 0.022632245533404927 0.06149451089576345
0 0.7547270727943891 0.07766363024495629 0.19695414558877822 0.06354831981405513
0 0.7615068013565893 0.13491340153227976 0.1976550524363235 0.07448581981405514
0 0.7723930390180882 0.19556132442875757 0.18515505243632333 0.0736117346647613
0 0.7806048596530091 0.2630219760379119 0.18994268198597286 0.07550201659574647
0 0.7965452444444456 0.5239048457160811 0.18213018198597286 0.07495571337743775
0 0.8065686913898134 0.6560453563597427 0.18213018198597278 0.07495571337743775
0 0.8241531168973811 0.8454902686125589 0.17295544108527147 0.07742514951546724
0 0.831283298883354 0.9082087898998823 0.1757800524363237 0.07295617080279086
0 0.8283072956441515 0.9676507658010045 0.17567992288667433 0.0646984683979909
0 0.8395242003322284 0.9992012325710743 0.17291586829088246 0.001597534857851457
0 0.5212835171188631 0.0636729140175269 0.1831920342377263 0.06725247402109953
0 0.52934514342931 0.12878981562668124 0.1854554410852714 0.07829923466476126
0 0.5363251310908088 0.1891645869140047 0.18525518198597268 0.0751742346647613
0 0.5418112723606504 0.3233210656266812 0.18545544108527157 0.07829923466476121
0 0.5508532102067194 0.4522819459485121 0.18233044108527138 0.07808071337743776
0 0.561507712827613 0.5821333369140047 0.18192992288667434 0.07183071337743777
0 0.5746549622093042 0.7751567172358356 0.1799669046880769 0.06547145273377612
0 0.28742535857327484 0.24953473231897277 0.18994268198597286 0.07550201659574647
0 0.3019861111941685 0.3796592748936197 0.18994268198597286 0.07550201659574647
0 0.3122598820136595 0.5157060355372814 0.18515505243632352 0.0736117346647612
0 0.3201713139996323 0.5784791871464358 0.17391716378737562 0.06815941015912905
0 0.0646713741509785 0.11107389381548419 0.11912953423772624 0.06277278763096837
0 0.06877668568660066 0.1751363938154842 0.11932979333702487 0.0658977876309684
0 0.0902859500276866 0.4379641757464694 0.12870479333702486 0.0665533514929388
0 0.09416072408638004 0.5105657954246385 0.12744268198597283 0.07113159084927716
0 0.1011407117478789 0.570940566711962 0.1287047933370249 0.0665533514929388
0 0.10690865283315039 0.6366748273556236 0.12704216378737554 0.06488159084927717
0 0.11325758481912325 0.6993387183211164 0.12547966378737554 0.06477233020561535
0 0.12766814311554292 0.8271195108957633 0.1240172933370249 0.06622556956195354
0 0.1358799637504637 0.8945801625049177 0.12547966378737557 0.06477233020561535