0 0.11983512688046186 0.019906986209946444 0.1040797462390763 0.03581313103709695
0 0.09057587272382675 0.13868807845067221 0.09056281551854846 0.054153954077492815
0 0.07405831096620195 0.2226539014910681 0.09056281551854847 0.054153954077492815
0 0.06642165571421019 0.27012829506457736 0.09051735141192578 0.052591454077492814
0 0.06200092867546377 0.31456861685133203 0.09993781551854848 0.05442673871722885
0 0.053719415743340035 0.35733277837152994 0.09998327962517115 0.05598923871722894
0 0.0439191757392164 0.4483298514119258 0.0878383514784328 0.060722202823851566
0 0.24465561896290305 0.11033106089969495 0.1472219924781526 0.06985316191590933
0 0.23472067781753397 0.1561747583132702 0.14887542069139795 0.07302362602253201
0 0.2216152725655422 0.2034900275136001 0.14405152837152996 0.06819973370266394
0 0.21333375963341847 0.246254189033798 0.1407446719450392 0.0618588054894186
0 0.4200851794668866 0.020042344681501224 0.14420464106622682 0.01980769780928666
0 0.42330946786754636 0.04359350494805793 0.15338106426490725 0.06691001834240007
0 0.41105350877548863 0.08858775620169915 0.15034699247815264 0.0699440901291547
0 0.3829021135526267 0.2230393125490476 0.1519094924781526 0.06998955423577735
0 0.3690381903539463 0.26955059969606615 0.14708560015828454 0.06516566191590929
0 0.3724526953685112 0.3134369920159342 0.14704013605166183 0.06360316191590928
0 0.36323080806320807 0.3616471714828208 0.1519094924781527 0.06998955423577743
0 0.3515969745979709 0.4121329047897733 0.15829588479802065 0.07485891066226813
0 0.6002356807205278 0.03623094899642089 0.1464036385589443 0.04172816191590935
0 0.5479755325946721 0.3005602219576745 0.1582049565847754 0.07173391066226813
0 0.4819112972426554 0.5824718000126353 0.15379024122451135 0.08097251834239998
0 0.46011755060786774 0.7671506768930971 0.16959709765100203 0.08767715940862679
0 0.76532347162847 0.08638537635173643 0.14708560015828454 0.06516566191590936
0 0.43533284778401615 0.8665141794003797 0.13918217194503915 0.061813341382795886
0 0.42843197842540165 0.9155738050272003 0.1503469924781527 0.06994409012915455
0 0.41392319754658924 0.9573748601209076 0.1503469924781527 0.06994409012915455
0 0.758513530483101 0.13232000197855703 0.15338106426490725 0.06691001834240007
0 0.7439305417658721 0.23041652117888695 0.1501196719450391 0.06213159012915472
0 0.739464350620503 0.2764193429656416 0.14396060015828455 0.06507473370266403
0 0.6915483731860451 0.4720668120868292 0.15829588479802065 0.07485891066226813
0 0.6754938126820617 0.5669928671805364 0.16298338479802066 0.07499530298213611
0 0.6638827112701359 0.616697350487489 0.1566424565847754 0.07168844655564541
0 0.6531832404995955 0.7156887799543756 0.1724038489046434 0.07683058762187223
0 0.6431801031942925 0.7638762273679508 0.16592652837152996 0.06883623119538154
0 0.6339582158889894 0.8120864068348373 0.14386967194503927 0.06194973370266403
0 0.6184635965303749 0.8608959798752333 0.15668792069139795 0.07325094655564542
0 0.6012951654141356 0.9837374686589693 0.16703438730530315 0.03252506268206155
0 0.9349994741357526 0.11321596397360867 0.1269094924781527 0.0692621285298145
0 0.9145181749145401 0.30653405496069325 0.1566879206913981 0.07325094655564542
0 0.9115690196625483 0.3541448408540705 0.15967652837152996 0.06865437476889084
0 0.8481978752976161 0.6509910971222767 0.16275606426490724 0.06718280298213611
0 0.8436407559390018 0.7001189189090313 0.1566424565847754 0.07168844655564541