0 0.05078125 0.09375 0.0390625 0.11875
0 0.16875 0.0875 0.0390625 0.1171875
0 0.2140625 0.084375 0.0390625 0.1234375
0 0.253125 0.0859375 0.034375 0.1265625
0 0.296875 0.0828125 0.040625 0.11875
0 0.46484375 0.08203125 0.0390625 0.134375
0 0.5484375 0.07109375 0.0359375 0.1296875
0 0.5921875 0.0734375 0.0421875 0.134375
0 0.63359375 0.06796875 0.0359375 0.1296875
0 0.71875 0.07109375 0.0421875 0.140625
0 0.7640625 0.06875 0.040625 0.13125
0 0.80546875 0.075 0.0375 0.1375
0 0.8453125 0.0734375 0.0359375 0.134375
0 0.12265625 0.2296875 0.0328125 0.125
0 0.16171875 0.2296875 0.0359375 0.125
0 0.2046875 0.23125 0.0359375 0.121875
0 0.24453125 0.23046875 0.03125 0.1375
0 0.33515625 0.2265625 0.034375 0.1234375
0 0.378125 0.2265625 0.0390625 0.1234375
0 0.546875 0.2171875 0.0328125 0.13125
0 0.634375 0.21953125 0.0390625 0.13125
0 0.67890625 0.2171875 0.0390625 0.1328125
0 0.76640625 0.21484375 0.034375 0.1171875
0 0.07578125 0.384375 0.0375 0.1234375
0 0.11328125 0.38203125 0.034375 0.1171875
0 0.153125 0.3890625 0.0375 0.121875
0 0.19921875 0.3859375 0.0390625 0.13125
0 0.37421875 0.3828125 0.0390625 0.1265625
0 0.4609375 0.37734375 0.0375 0.11875
0 0.503125 0.375 0.0390625 0.13125
0 0.5484375 0.37578125 0.0390625 0.1328125
0 0.59375 0.378125 0.0375 0.1328125
0 0.7265625 0.37109375 0.040625 0.134375
0 0.8609375 0.375 0.04375 0.1375
0 0.06328125 0.54453125 0.034375 0.1328125
0 0.10546875 0.553125 0.040625 0.1375
0 0.2796875 0.54921875 0.0421875 0.1453125
0 0.37109375 0.540625 0.0390625 0.1359375
0 0.41484375 0.54375 0.0359375 0.13125
0 0.46171875 0.53671875 0.0375 0.1265625
0 0.6828125 0.534375 0.0390625 0.1328125
0 0.73359375 0.534375 0.0390625 0.1453125
0 0.09765625 0.7125 0.034375 0.134375
0 0.140625 0.71484375 0.040625 0.140625
0 0.321875 0.71015625 0.0390625 0.140625
0 0.4609375 0.70859375 0.0421875 0.1484375
0 0.55234375 0.70625 0.0421875 0.14375
0 0.59921875 0.70390625 0.0390625 0.140625
0 0.17890625 0.88671875 0.0390625 0.15
0 0.36640625 0.88203125 0.0421875 0.140625
0 0.4125 0.8890625 0.0359375 0.159375
0 0.50625 0.884375 0.04375 0.1453125
0 0.553125 0.88125 0.04375 0.15
0 0.646875 0.88203125 0.0390625 0.1625
0 0.69375 0.8828125 0.0421875 0.153125
0 0.92734375 0.8796875 0.0375 0.1515625