0 0.10216266760852961 0.2205591085035068 0.12852679328391084 0.06584033278320493
0 0.09349450653860394 0.26796690476924045 0.15229167549789596 0.0769913203356503
0 0.07702127995224888 0.3603795477156261 0.14604167549789593 0.07651772365499827
0 0.07065969646447015 0.4062248439813597 0.1413193929289403 0.07026772365499827
0 0.06555800685509003 0.4521293398321749 0.13111601371018006 0.06858682448483507
0 0.05656742541307793 0.542683484853153 0.11313485082615586 0.06775803029369402
0 0.05033478358044595 0.5899728819487235 0.1006695671608919 0.07317923610255281
0 0.04174846806401656 0.6780056782144571 0.08349693612803312 0.06898864357108572
0 0.03705104438021915 0.7236141761398647 0.0741020887604383 0.06839664772027057
0 0.032299056994090886 0.7684414240652723 0.06459811398818177 0.05999215186945541
0 0.029273260714955184 0.8100252728205168 0.05854652142991037 0.06432445435896632
0 0.02548357260318751 0.8930153715757614 0.05096714520637502 0.06396925684847724
0 0.32216268747879545 0.05662297260609102 0.14593254809323425 0.0733927236549982
0 0.3059548449205241 0.09681026472263973 0.13784722958157997 0.06498822780418308
0 0.28406743203649987 0.188074804764596 0.14738592068857254 0.07038612282516121
0 0.4450297246874385 0.24210834148256005 0.15536211179556508 0.07566561867597636
0 0.436306999915182 0.2910786377482936 0.15703373920022687 0.07890901784613939
0 0.42130699329176 0.34130378069467937 0.15692461179556508 0.07578401784613939
0 0.41269339592416515 0.38714907696041295 0.14582342068857254 0.07026772365499827
0 0.4000644211519087 0.43641537115155415 0.16317461179556503 0.07625761452679143
0 0.3931224511889756 0.47901726824712476 0.15363592068857254 0.07085971950581324
0 0.3828372264167191 0.5281059636830213 0.14431548439090341 0.07171182448483523
0 0.3418947347694215 0.7634048462564449 0.14749504809323427 0.07351112282516112
0 0.3318277648064884 0.8062435416923414 0.14442461179556512 0.07483682448483515
0 0.3216516674388936 0.8522072371282381 0.1457688569862416 0.0687052236549981
0 0.3124750748806222 0.8918617329790532 0.1490029843909034 0.07206702199532415
0 0.3055058230665237 0.9352448800746238 0.14269842068857255 0.07003092531467203
0 0.6198561098966485 0.25613218483921985 0.15374504809323425 0.07398471950581334
0 0.5851214674310443 0.40291301907231725 0.14582342068857254 0.07026772365499827
0 0.5654959589935238 0.4963437103590291 0.16484623920022692 0.07950101369695446
0 0.5584994253282598 0.5405081074545997 0.15692461179556502 0.0757840178461393
0 0.5301710394860777 0.637714994177208 0.17260417549789597 0.0785305095477696
0 0.5049750881274662 0.7790979333893273 0.13973711179556503 0.07448162697434615
0 0.4839507707969382 0.8679595238462021 0.1395188569862416 0.06823162697434597
0 0.4688589949362226 0.9431254672075063 0.15443452885594056 0.049103118675976276
0 0.8308085119808997 0.08353144396278218 0.14738592068857265 0.07038612282516121
0 0.8238392601668011 0.12691459105835276 0.1442063569862416 0.06858682448483516
0 0.8137995720550333 0.16897203649424938 0.1568154843909034 0.0726590178461394
0 0.7988268472827768 0.2184159294406351 0.15692461179556502 0.07578401784613933
0 0.7877876543616857 0.26678257446161324 0.14760417549789578 0.07663612282516122
0 0.7694518274125108 0.367907366578162 0.16161211179556503 0.0761392153566284
0 0.7505530052726596 0.4628413582797922 0.14738592068857254 0.07038612282516113
0 0.6556868723408843 0.9258517663730249 0.149965283665264 0.054997921165487185
0 0.943164635124392 0.2799426574453109 0.09119048439090349 0.06768625269929238
0 0.9303248400263826 0.379871802466289 0.10988592068857272 0.06754454274124866
0 0.9153868315888621 0.4729472962425117 0.13343254809323427 0.07244553029369402
0 0.8954885046396874 0.5741904875292234 0.1365029843909035 0.07111982863402008
0 0.8898089343139347 0.625267735454631 0.1286359206885727 0.06896533278320494
0 0.8653867984717524 0.7221786242518318 0.13973711179556503 0.07448162697434615