0 0.128125 0.08828125 0.034375 0.1078125
0 0.16953125 0.0890625 0.0359375 0.1203125
0 0.21328125 0.08515625 0.0375 0.125
0 0.25859375 0.08515625 0.0390625 0.1328125
0 0.35078125 0.08359375 0.0375 0.1203125
0 0.39140625 0.0828125 0.0390625 0.1296875
0 0.525 0.08828125 0.040625 0.125
0 0.571875 0.0890625 0.0375 0.1328125
0 0.61328125 0.09375 0.0375 0.1296875
0 0.65546875 0.08046875 0.03125 0.1203125
0 0.70078125 0.08515625 0.0390625 0.140625
0 0.878125 0.08828125 0.040625 0.125
0 0.92265625 0.08984375 0.0359375 0.134375
0 0.96328125 0.09609375 0.0375 0.1359375
0 0.125 0.2375 0.040625 0.134375
0 0.1671875 0.2421875 0.040625 0.1328125
0 0.21328125 0.2375 0.0375 0.128125
0 0.296875 0.24375 0.040625 0.1421875
0 0.39140625 0.24453125 0.0453125 0.1328125
0 0.525 0.24140625 0.0390625 0.1421875
0 0.659375 0.2421875 0.0390625 0.1375
0 0.75 0.23984375 0.0421875 0.1453125
0 0.79921875 0.2546875 0.0390625 0.146875
0 0.84296875 0.25234375 0.040625 0.1421875
0 0.1109375 0.41328125 0.04375 0.153125
0 0.16015625 0.4125 0.0375 0.140625
0 0.20390625 0.40390625 0.040625 0.128125
0 0.528125 0.40078125 0.040625 0.128125
0 0.57265625 0.40078125 0.0375 0.134375
0 0.6171875 0.4015625 0.0421875 0.1296875
0 0.803125 0.4078125 0.04375 0.1421875
0 0.9390625 0.409375 0.0453125 0.1390625
0 0.14921875 0.5765625 0.04375 0.1515625
0 0.2421875 0.571875 0.0421875 0.1375
0 0.384375 0.57109375 0.0390625 0.1359375
0 0.478125 0.571875 0.04375 0.1421875
0 0.57265625 0.56875 0.040625 0.1359375
0 0.61796875 0.5765625 0.04375 0.128125
0 0.66640625 0.571875 0.0421875 0.1296875
0 0.715625 0.57265625 0.0390625 0.14375
0 0.7640625 0.56875 0.04375 0.1359375
0 0.903125 0.57265625 0.040625 0.128125
0 0.94921875 0.57421875 0.040625 0.1359375
0 0.09765625 0.74765625 0.0421875 0.1484375
0 0.14296875 0.746875 0.0375 0.153125
0 0.2359375 0.75078125 0.040625 0.15
0 0.28671875 0.75 0.04375 0.1546875
0 0.38203125 0.7515625 0.046875 0.1515625
0 0.42890625 0.74765625 0.040625 0.1625
0 0.48046875 0.74765625 0.0421875 0.1484375
0 0.57421875 0.753125 0.0390625 0.1484375
0 0.61875 0.74921875 0.0390625 0.140625
0 0.66953125 0.74765625 0.040625 0.1484375
0 0.76875 0.74921875 0.04375 0.1453125
0 0.9140625 0.75 0.0421875 0.14375
0 0.08828125 0.9265625 0.0453125 0.146875
0 0.13515625 0.928125 0.0375 0.14375
0 0.18203125 0.93203125 0.04375 0.1359375
0 0.23125 0.93046875 0.040625 0.1390625
0 0.2796875 0.9296875 0.046875 0.140625