0 0.3125 0.1109375 0.03125 0.1140625
0 0.3546875 0.11484375 0.0328125 0.121875
0 0.396875 0.121875 0.0328125 0.121875
0 0.4390625 0.121875 0.03125 0.11875
0 0.48125 0.125 0.034375 0.11875
0 0.809375 0.14609375 0.03125 0.115625
0 0.0578125 0.2671875 0.03125 0.121875
0 0.059375 0.42734375 0.03125 0.115625
0 0.4390625 0.4375 0.0328125 0.11875
0 0.48125 0.440625 0.0359375 0.115625
0 0.5609375 0.440625 0.034375 0.11875
0 0.603125 0.44453125 0.03125 0.11875
0 0.309375 0.590625 0.03125 0.1078125
0 0.353125 0.590625 0.0328125 0.1109375
0 0.1015625 0.73984375 0.0296875 0.1078125
0 0.1421875 0.73984375 0.0328125 0.1140625
0 0.4765625 0.75 0.034375 0.1109375
0 0.51875 0.903125 0.034375 0.115625