0 0.9982672549087361 0.8492473485215847 0.0034654901825277307 0.05226387272903636
0 0.9948699681476203 0.6782811442792192 0.010260063704759403 0.05044628121376711
0 0.9891590234657619 0.5624648256427673 0.02168195306847629 0.050828918486670635
0 0.9830154392790122 0.5143621654910465 0.0339691214419755 0.05615414727484343
0 0.9784081156509 0.39613832397577736 0.043183768698199995 0.05602660151720871
0 0.9761025275178964 0.34132327821814284 0.04779494496420718 0.051339101517208705
0 0.8311413971150502 0.33298513548522746 0.1544746683734992 0.062371938490549894
0 0.8359800865352367 0.389362681242862 0.1638496683734992 0.06313721303635714
0 0.8585200283744978 0.6695603642734002 0.15438366311182747 0.06080943849054989
0 0.8848898964797657 0.9837359818322884 0.16421368942018652 0.03252803633542314
0 0.679830670157289 0.9800373482678179 0.16394067363517095 0.03992530346436425
0 0.6742107307371026 0.9359832344173624 0.15898015785015537 0.0596295757634536
0 0.6696450571019315 0.8842931886597277 0.1684461631118273 0.061957350309261014
0 0.6431841837349916 0.5501254827503723 0.1544746683734992 0.062371938490549894
0 0.6382999916839692 0.49296668699273793 0.15420165258848365 0.0576844384905499
0 0.4190725785721419 0.42686409956035465 0.17331567363517095 0.06546498758216437
0 0.42092277588483623 0.48533030380272013 0.16862817363517096 0.06508235030926066
0 0.45031195720075357 0.7629769427426136 0.15907116311182729 0.061192075763453604
0 0.4566823255177829 0.8723519427426136 0.1544746683734992 0.062371938490549894
0 0.4661175096762976 0.9275496257731518 0.1482246683734992 0.061861755460011734
0 0.23488510729957554 0.641979561219586 0.14482665258848365 0.056919163944742654
0 0.2157270416698518 0.47324553667377883 0.1591621683734992 0.0627545757634536
0 0.199693976040128 0.3047666036432406 0.1544746683734992 0.062371938490549894
0 0.05325786277300891 0.40711086939505614 0.06210515785015547 0.051721738790112326
0 0.07349955724310582 0.6878984837891424 0.05888915258848364 0.04990414727484342