0 0.490625 0.08671875 0.0359375 0.11875
0 0.61875 0.0796875 0.0328125 0.11875
0 0.7484375 0.08359375 0.0328125 0.1109375
0 0.446875 0.24296875 0.0328125 0.115625
0 0.6625 0.24296875 0.034375 0.11875
0 0.8765625 0.41640625 0.0296875 0.121875
0 0.834375 0.41640625 0.0328125 0.128125
0 0.0875 0.39921875 0.03125 0.115625
0 0.0484375 0.7015625 0.03125 0.1109375
0 0.1203125 0.7046875 0.03125 0.11875
0 0.1984375 0.70859375 0.034375 0.1140625
0 0.2359375 0.70859375 0.028125 0.1078125
0 0.5265625 0.72890625 0.03125 0.121875
0 0.6609375 0.7328125 0.034375 0.121875
0 0.75 0.73984375 0.0359375 0.121875
0 0.9171875 0.909375 0.034375 0.1328125
0 0.2734375 0.875 0.0296875 0.121875
0 0.2359375 0.871875 0.034375 0.128125
0 0.1578125 0.86484375 0.0359375 0.115625
0 0.11875 0.8578125 0.0328125 0.11875
0 0.046875 0.85078125 0.0328125 0.1109375