0 0.8645079426718635 0.00976422200428716 0.09776588534372692 0.01952844400857432
0 0.6967937313414996 0.03748466644018998 0.09671246268299924 0.07496933288037996
0 0.5251459980108176 0.06313451248524714 0.1034169960216353 0.12626902497049428
0 0.4081221300127266 0.07845065097890047 0.09736699069063523 0.15690130195780094
0 0.35206303401495387 0.08976502740389627 0.09585903469127163 0.17953005480779255
0 0.12142210868872624 0.15414156075987726 0.09427835335772618 0.18613387797604236
0 0.06221074069063526 0.1723559652190232 0.10367153469127159 0.18835194183801277
0 0.025655622692544268 0.18898609034507396 0.04898403469127159 0.18452781930985207
0 0.022614080720861143 0.39796225259789003 0.03846470536281683 0.2197004948042199
0 0.05305555872054298 0.3934879200464862 0.09923857336090783 0.2098991599070276
0 0.11220329205122492 0.36980476558734027 0.11012152936027149 0.20597648441265975
0 0.17375841004931591 0.3514264701627018 0.09914766669318062 0.2020866599070276
0 0.3998300140435889 0.2933961768317502 0.10394425469445334 0.21178944183801277
0 0.5174260467059073 0.25311574823528915 0.10717834269572606 0.2213829631253362
0 0.8587499333624986 0.1549689172733692 0.10716016136218051 0.2198204631253362
0 0.9163533480267262 0.132957523457885 0.10568856802990752 0.22752370248167453
0 0.7974509960614062 0.3969486036635003 0.1055249360279987 0.2134612024816745
0 0.7398566720639516 0.41974124747898456 0.10881356802990769 0.22774222376899794
0 0.6268208700668151 0.4487563941444604 0.10385334802672616 0.2039769418380128
0 0.2816543680776328 0.5526451267155347 0.10390789202736243 0.20866444183801286
0 0.16328617608208712 0.5937614356338266 0.10385334802672608 0.20397694183801285
0 0.05414753341817792 0.621722180690148 0.0962226613621805 0.21905563861970415
0 0.10594803278163108 0.8401554704148033 0.10081925469445326 0.2115709205506892
0 0.2197014501113585 0.8056169434274967 0.1182249306969986 0.23152278763096845
0 0.5024134054344044 0.7100048866028917 0.11504538669636233 0.22661676634364483
0 0.5657128367679498 0.7071423305345914 0.0976760733609078 0.20978989926336578
0 0.789921948758723 0.6234400478473017 0.10225448535963526 0.20074268119435104
0 0.9077543387571321 0.6034721192508407 0.10714198002863498 0.21825796312533613
0 0.9523550300365893 0.576592908975496 0.09528993992682153 0.21491444183801284
0 0.9754663607176794 0.7594382599642318 0.04906727856464101 0.15560514381548424
0 0.8958826894493583 0.7927367150437963 0.09233404535327168 0.15321211733238052
0 0.8374071181174036 0.8069902391811112 0.0908260893539083 0.1577903566887188
0 0.5522786874601759 0.8965161869712087 0.08433973201781733 0.13704081411407215
0 0.43992413812853953 0.9168829533148537 0.08404883068109026 0.11204081411407181
0 0.3813849321291759 0.9256677274521689 0.08862724267981754 0.10299359604505724
0 0.3228729981301304 0.9367962515894839 0.08377611067790855 0.08860331411407216
0 0.26904856413108486 0.9475969937958137 0.08829997867599956 0.07486859604505725
0 0.20900140213235754 0.9611785285767904 0.08964430267345422 0.0562278566887187
0 0.14972639946685748 0.9739241830359365 0.08319430800445433 0.03860331411407216