0 0.0935590601589518 0.23814720618906388 0.08666667549789595 0.06808006175762475
0 0.05287209509016012 0.528687289654301 0.07093254809323424 0.06450042069139794
0 0.3101760973675948 0.04222094074965768 0.19535219473518967 0.08444188149931536
0 0.29333582694917476 0.09156640822149266 0.18123513103285882 0.09424540815498565
0 0.281455875042409 0.15447558518109678 0.1924454495445131 0.10237615690134438
0 0.25249260525696116 0.3328422775801071 0.17040675843752046 0.09705215940862688
0 0.24112108483854108 0.38791622248639984 0.16689981252120453 0.08602373119538154
0 0.1915427586071565 0.7373683046979957 0.18748513103285877 0.09442726458147632
0 0.16901797257963985 0.8537661945105814 0.18592263103285878 0.0943818004748536
0 0.4632069051642939 0.43228703345260183 0.17476687622353532 0.08781355172849495
0 0.43402538056952267 0.6044037258516122 0.17331350362819714 0.09089308762187223
0 0.7104415145127883 0.3234275443396616 0.1813988221398514 0.09893290815498564
0 0.6885789273968126 0.4139987200456245 0.18592263103285872 0.09438180047485364
0 0.6812227843830542 0.47208400468536055 0.19050100362819702 0.09139319279472176
0 0.6619048439090338 0.5907347162847008 0.17471231252120453 0.08625105172849494
0 0.6568106053417792 0.6464080547645028 0.17471231252120453 0.08625105172849494
0 0.623494652253887 0.7897094253767586 0.1751488221398514 0.09875105172849494
0 0.6115452676776492 0.9402095305496079 0.19050100362819702 0.09139319279472176
0 0.9381646881117677 0.10008801807970266 0.12367062377646469 0.09274509263643718
0 0.9361036803072194 0.160335196292948 0.1277926393855612 0.09136444906292791
0 0.924841287293461 0.2763466411992408 0.150317425413078 0.09213733887551348