0 0.4177561403188891 0.9307155749669433 0.06617827792830408 0.10319359905006031
0 0.5494631637246374 0.9026614167809145 0.06428158525525038 0.1264673247398008
0 0.2868635871758144 0.8098818537997587 0.07102290818602892 0.13616987336031983
0 0.33090351424503583 0.7981730698785607 0.06929663387576941 0.13296298620519026
0 0.4220674248059139 0.7738104777259054 0.0654346494796016 0.11873671189493056
0 0.5498715202379296 0.731076343850136 0.06740658525525038 0.12663109905006031
0 0.8092188647654343 0.6571630517883377 0.06617163387576933 0.13279921189493055
0 0.10407766338595321 0.7003851023294206 0.07299484396167766 0.14406426051544957
0 0.32950370929293876 0.621982384102912 0.06929663387576941 0.13296298620519006
0 0.3743248863621602 0.6102326566041493 0.06929663387576941 0.13296298620519006
0 0.4150350955435574 0.5947813969932108 0.06625352103089917 0.13436171189493057
0 0.46215907903521397 0.5821275887617533 0.06937852103089917 0.13452548620519006
0 0.5069802561044354 0.5703778612629906 0.06937852103089917 0.13452548620519006
0 0.056584108433856126 0.5266100876300996 0.06518234396167766 0.1436548247398008
0 0.41536156490171977 0.42163382406243227 0.06740658525525038 0.12663109905006031
0 0.46092304839337644 0.4090619029861046 0.06428158525525056 0.1264673247398008
0 0.591111837402957 0.3669861883776406 0.07102290818602892 0.13616987336031983
0 0.6336302080497433 0.3561405416115724 0.07102290818602892 0.13616987336031983
0 0.6776701351189648 0.3444317576903745 0.06929663387576941 0.13296298620519006
0 0.7224503686106214 0.3319007801916117 0.06929663387576923 0.13296298620519006
0 0.02578008649844582 0.372328701379481 0.018313988014212378 0.11159259724103805
0 0.050909561283675166 0.3435928697422752 0.07250352103089916 0.13468926051544958
0 0.23808865671569085 0.29774702397157526 0.06864153663473135 0.12046298620519007
0 0.4560297512431954 0.22600374152071537 0.06740658525525038 0.12663109905006031
0 0.5935363952957301 0.1890282847141674 0.06740658525525038 0.12663109905006031
0 0.7238480150380053 0.14929632010570337 0.07250352103089916 0.13468926051544958
0 0.27616743159177726 0.09755227216255294 0.07266729534115868 0.1378142605154496
0 0.32098860866099876 0.08580254466379013 0.06789790818602892 0.13600609905006034
0 0.41038530133405243 0.06363151317321222 0.07118668249628843 0.12726302634642445
0 0.5434910504295413 0.041298950136285574 0.06510710085908258 0.08259790027257115