0 0.059375 0.10390625 0.0265625 0.096875
0 0.315625 0.10078125 0.0328125 0.121875
0 0.4484375 0.10078125 0.0328125 0.115625
0 0.5375 0.10078125 0.0328125 0.11875
0 0.6234375 0.10078125 0.0328125 0.1109375
0 0.9109375 0.1109375 0.03125 0.1015625
0 0.228125 0.2640625 0.034375 0.11875
0 0.271875 0.2640625 0.0328125 0.115625
0 0.45 0.2640625 0.034375 0.115625
0 0.5375 0.2640625 0.0328125 0.115625
0 0.1 0.4375 0.0328125 0.128125
0 0.3171875 0.42734375 0.0359375 0.1171875
0 0.3609375 0.42734375 0.0359375 0.121875
0 0.40625 0.42734375 0.034375 0.121875
0 0.4953125 0.42734375 0.0359375 0.1171875
0 0.5828125 0.42734375 0.034375 0.1171875
0 0.6265625 0.4234375 0.03125 0.115625
0 0.0234375 0.75703125 0.03125 0.1171875
0 0.1421875 0.76015625 0.0328125 0.128125
0 0.184375 0.75703125 0.03125 0.1171875
0 0.3609375 0.76015625 0.034375 0.121875
0 0.4046875 0.76015625 0.034375 0.128125
0 0.7609375 0.753125 0.0359375 0.121875
0 0.1015625 0.9203125 0.03125 0.1046875
0 0.1421875 0.9203125 0.028125 0.1078125
0 0.184375 0.9203125 0.03125 0.1109375
0 0.4046875 0.92734375 0.0359375 0.125
0 0.4953125 0.92734375 0.0359375 0.121875
0 0.628125 0.9234375 0.0359375 0.11875
0 0.809375 0.9234375 0.0390625 0.11875
0 0.8484375 0.9234375 0.0328125 0.11875
0 0.7625 0.9234375 0.03125 0.1109375