0 0.012797611162592907 0.18637325788378473 0.025595222325185813 0.13975348423243056
0 0.0332055976416719 0.17174706022048608 0.0664111952833438 0.12332970364722229
0 0.2559002812181933 0.11581979606843729 0.068591287293461 0.13117857123840282
0 0.2992236952833438 0.10466343731097197 0.06724704210278443 0.1373922036472223
0 0.3456993911996598 0.09265309337114554 0.07020835099579185 0.1327774388295834
0 0.43231893747879546 0.07112162585621493 0.07193454210278456 0.13750130642076394
0 0.5644146748649238 0.050830575703715054 0.07117065027015243 0.10166115140743011
0 0.6537772752277434 0.04116398176388862 0.0643204495445131 0.08232796352777724
0 0.6938119981859014 0.03524063687413166 0.06550100362819719 0.07048127374826332
0 0.7390699344835706 0.036312174393194147 0.07186013103285874 0.07262434878638829
0 0.02504958530187725 0.3383715157675694 0.0500991706037545 0.14825696846486114
0 0.10225938212916712 0.3129883496394096 0.07091767912609304 0.15308993882958344
0 0.14321176434315225 0.30266779226871515 0.07204366950744619 0.14062630642076393
0 0.1917856735989794 0.29763414694211787 0.07376986061443871 0.1453501740119445
0 0.23745283766412997 0.28642323679788173 0.07360616950744614 0.1406626740119445
0 0.2824751609851076 0.27132426044923585 0.07204366950744615 0.14062630642076393
0 0.4628273490968754 0.2257539212590621 0.07020835099579195 0.13277743882958334
0 0.508630922417853 0.21063676111482596 0.06681053248413775 0.12489220364722228
0 0.5550793364830036 0.19940766717499953 0.07355160580511537 0.1391001740119445
0 0.6001289416551467 0.18352744082635367 0.06891866950744614 0.1405535712384028
0 0.7771651568087564 0.143498586818541 0.06681053248413757 0.12489220364722228
0 0.8165550390227416 0.1332143970390271 0.0654662872934609 0.1311058360560417
0 0.014072390566687618 0.5135533537234722 0.028144781133375235 0.13539329255305557
0 0.12632682078908897 0.473234865406979 0.07048116950744618 0.14058993882958343
0 0.1779166026402544 0.47125348489802066 0.07722224282842385 0.15479790919430556
0 0.26701630817521727 0.44576121599631924 0.0737698606144388 0.14535017401194442
0 0.31349200409153327 0.4337508720564928 0.07382442431676957 0.14691267401194455
0 0.3586507366683381 0.41474564570784694 0.07376986061443871 0.14535017401194456
0 0.40353665073348866 0.403552919359201 0.07360616950744614 0.1406626740119446
0 0.4948982607149552 0.3803498490707288 0.07037204210278443 0.13746493882958344
0 0.5443898292266095 0.37139176994854123 0.07667660580511537 0.13917290919430556
0 0.6791839806778883 0.3339073409026036 0.0722073606144388 0.1453138064207639
0 0.771326840659355 0.310686086818541 0.06870041469812271 0.13430357123840278
0 0.8146502547245055 0.2995297280610757 0.07694942431676957 0.14698540919430556
0 0.8987896417478141 0.2819590619329159 0.0688095421027846 0.13742857123840277
0 0.06007679429540114 0.6714918338718402 0.08029267912609303 0.1533081443766669
0 0.15168394093735654 0.6412575135833679 0.07705855172143128 0.15011040919430557
0 0.19883175944901083 0.6323539858479512 0.07851192431676957 0.14702177678548622
0 0.3902032931142748 0.5841853235195135 0.07878474282842393 0.15483427678548622
0 0.48245528050040304 0.557839069435451 0.0737698606144388 0.14535017401194458
0 0.7165053874866447 0.4946259821451383 0.0722073606144388 0.1453138064207639
0 0.048333218527352714 0.8513066204409722 0.05496529691210787 0.1433512629177777
0 0.08287190963434529 0.8458190334349999 0.0770585517214313 0.15011040919430557
0 0.130237982955323 0.8306655056995833 0.08525299763774732 0.16122974715020827
0 0.2309200292344587 0.8088067298640276 0.075223233209777 0.1422615416031249
0 0.2789582251507746 0.7967600183330206 0.0737698606144388 0.14535017401194458
0 0.42151031289972263 0.7606562513311802 0.07878474282842393 0.15483427678548622
0 0.4690127954765275 0.7415964735957635 0.07711311542376223 0.15167290919430557
0 0.6588218291417915 0.6934641788585063 0.0737698606144388 0.14535017401194458
0 0.6147171650766409 0.7046387214115619 0.07544148801910051 0.14851154160312507
0 0.8570336398488972 0.6506006123697562 0.07862105172143145 0.1501467767854862
0 0.1597568134478768 0.9689279186936108 0.07373016587924912 0.054797909194305564
0 0.2569864775130274 0.9565168780404164 0.07131449400955017 0.07503767401194458
0 0.30723201417351625 0.9483218651226386 0.07180556733052797 0.08910017401194459
0 0.35362586453633593 0.9386552711828122 0.0802182680561673 0.1064695119678472
0 0.4052156463875013 0.9366738906738539 0.0708978317584982 0.10781380642076392
0 0.4540078104526519 0.9253902453472567 0.07473215988879929 0.1281990416031249
0 0.5011283471131408 0.9172679676118399 0.08147323320977691 0.14240701196784755
0 0.6499304348620887 0.8810187302452771 0.07711311542376223 0.15167290919430557
0 0.7003123807784049 0.8689174673274994 0.08023811542376222 0.1517456443766668