0 0.5364375139206692 0.8459465015818797 0.05871491701630234 0.15870661465389269
0 0.2442696342470306 0.6049718622790434 0.061484719505813336 0.15418288896415203
0 0.5241822771934164 0.6328699694697041 0.05511632033565021 0.152292840343633
0 0.9402575630861877 0.6811325655790883 0.06434961037760659 0.17145227611928177
0 0.8161688676502911 0.6660697303238379 0.058951715356628395 0.1618316146538925
0 0.758356367650291 0.6630399055840371 0.054027417016302336 0.15846095318850323
0 0.9231488829976306 0.4553513155790883 0.0620767153566284 0.16199538896415203
0 0.8017591350722233 0.44509881105653254 0.05835971950581324 0.1540191146538925
0 0.7416028850722232 0.4419461555840371 0.0558267153566284 0.161667840343633
0 0.6241193871468156 0.4318983689493058 0.058951715356628395 0.16183161465389265
0 0.17852254461534844 0.3945389733148913 0.053672219505813336 0.15377345318850333
0 0.7290516504195629 0.22496337347186152 0.0620767153566284 0.16199538896415205
0 0.554051650419563 0.21579201209732926 0.05835971950581324 0.15401911465389254
0 0.38422440249415535 0.2030010057657512 0.05523471950581334 0.15385534034363307
0 0.7797825883822823 0.06265480325461643 0.05019017676456468 0.04620661465389255
0 0.6581443867226084 0.05939260515449578 0.050663773445216796 0.05245661465389255