0 0.18319178544713113 0.8493956300110745 0.05512494668999892 0.17527940468807693
0 0.5447741754455403 0.8608568707548925 0.05356244668999892 0.17517927513842757
0 0.6072105407781312 0.8593933027408653 0.05367153469127164 0.18455427513842756
0 0.176603788749178 0.6186765561369514 0.053671534691271595 0.18455427513842756
0 0.2992418574156326 0.6249742257844231 0.05205449069063528 0.17976664558877822
0 0.5404753847469508 0.6256004912052432 0.051999946689998924 0.1750791455887782
0 0.8474430000795419 0.6398071977113348 0.061484034691271464 0.18505492288667416
0 0.9114964094127689 0.6431312592469569 0.053671534691271464 0.18455427513842756
0 0.9735894117003394 0.6465053855574038 0.052821176599321264 0.18016716378737563
0 0.23485045138445218 0.39133160857327487 0.055106765356453556 0.17371690468807693
0 0.2926538607176795 0.39425515191029975 0.05830449069063519 0.18016716378737554
0 0.48088965738381584 0.40241451264304295 0.06448176535645338 0.17431768198597286
0 0.7807169347151341 0.4067956361757126 0.06153857869190791 0.18974242288667414
0 0.9025010280474071 0.4067932410483596 0.05841357869190773 0.18954216378737562
0 0.22591870468649908 0.1604623403746776 0.05830449069063528 0.18016716378737557
0 0.2908079080203627 0.16852396668512443 0.055143128023544374 0.17684190468807692
0 0.4704590453532719 0.17691386489479635 0.05354426535645338 0.1736167751384276
0 0.5875010946849082 0.17192358111849543 0.05830449069063519 0.18016716378737554
0 0.7717851880171811 0.1759263679771153 0.05523403469127146 0.18465440468807692