0 0.022142797770427033 0.0955943106699544 0.04428559554085407 0.07243862133990879
0 0.059959872023957625 0.0929602066756814 0.053791271539425 0.07712612133990879
0 0.11150594652958978 0.08261360001590837 0.05960422896477806 0.07094884667409058
0 0.30840272586268497 0.06223001670908897 0.058588032183086725 0.07874316534054512
0 0.40524487487394917 0.041464078055361085 0.05269866510280767 0.061501121339908794
0 0.45791640680493445 0.03738565272913349 0.05916718639013112 0.06469884667409057
0 0.5052830797014123 0.030899842735496834 0.05193384059717552 0.050563621339908785
0 0.6053923403450739 0.030500948082405298 0.05796531930985207 0.04751134667409056
0 0.6567745238852135 0.022498091422632253 0.05520095222957302 0.03030566534054512
0 0.704266882919721 0.02539637209576832 0.0539662341605581 0.03497498400699968
0 0.7531414254943678 0.019709993435677108 0.04996714901126431 0.022438621339908794
0 0.024896457173251514 0.2339482860041362 0.04979291434650303 0.14914657200827236
0 0.06026623860003363 0.22275679467695406 0.06917560694082044 0.1631727093411815
0 0.16470236632397445 0.20520676269095342 0.0680830005042031 0.1475477093411815
0 0.21675653922045224 0.1987754966979531 0.07444226114786483 0.14918293467536325
0 0.4137461537028413 0.16588282272436097 0.06852004307885 0.15379770934118145
0 0.5155107494957969 0.15299301873804216 0.07487930372251181 0.1554329346753632
0 0.5670568240014291 0.1426464120782691 0.07800430372251181 0.15546929734245413
0 0.6712198001162155 0.12900263009226848 0.06909919728589439 0.1397533906747269
0 0.0010440579098856776 0.4212482913351362 0.002088115819771355 0.1424965826702725
0 0.028961426289109787 0.41151021200668153 0.05792285257821957 0.15543293467536326
0 0.22506679391202927 0.3818334447008166 0.07466078243518828 0.15230793467536322
0 0.32559667163597006 0.3642379593809523 0.07098947921687966 0.1444590720082724
0 0.37479899614160217 0.3538640807208612 0.07487930372251181 0.1554329346753632
0 0.42763441903807997 0.34744190539463354 0.07687884629715871 0.16170111600890866
0 0.48103257064723437 0.3441538207351787 0.07331680372251181 0.15541475334181776
0 0.6361242622331457 0.31781059142263224 0.07822282500983527 0.15859429734245412
0 0.7945212702789173 0.3001065654439495 0.08334736758448216 0.16489884134309046
0 0.1268867479831876 0.5894544933561353 0.08389367080279085 0.17271134134309046
0 0.23477565763811364 0.5672533240372256 0.08022236758448216 0.16486247867599957
0 0.28493954860360626 0.5654913767106798 0.07331680372251181 0.15541475334181776
0 0.33870368697120884 0.5457879513844521 0.07309828243518837 0.15228975334181777
0 0.5990838120972596 0.5120691214194506 0.0800038462971587 0.16173747867599958
0 0.6574426153155682 0.5049293307606321 0.07753441015912906 0.17107611600890865
0 0.008463801957800946 0.8013266900063634 0.016927603915601892 0.1645352146721816
0 0.18988450267476464 0.7731487880330894 0.0773158888718056 0.16795111600890883
0 0.35267943361701415 0.7484589653882703 0.08411219209011431 0.17583634134309029
0 0.4602951916627858 0.7301640460693605 0.08065941015912906 0.17111247867599957
0 0.5131852448810945 0.7229606207431327 0.0804408888718056 0.16798747867599956
0 0.035556543659927706 0.9527437393379998 0.07111308731985541 0.09451252132400043
0 0.25548273348112815 0.939953932686181 0.07581909084927707 0.1200921346276381
0 0.3082088957339442 0.9348033560232263 0.07189641535490914 0.13039328795354735
0 0.4187475579867603 0.9299527713637714 0.0804737398605413 0.14009445727245726
0 0.473145480883238 0.923230604034044 0.08301958565349707 0.15353879193191206
0 0.5830503586071789 0.9090804814210415 0.07742514951546724 0.1695136160089085
0 0.6388468905381641 0.9050384187619047 0.08167560694082035 0.1633181600095451
0 0.9104376672733693 0.8675406081317213 0.07095662822814361 0.16631589067472693