0 0.07420825801956447 0.024077849434265924 0.05154151603912895 0.04815569886853185
0 0.18222101711886313 0.026884686866479306 0.04881703423772623 0.05376937373295861
0 0.23524588756921377 0.025167650762125803 0.04861677513842757 0.050335301524251606
0 0.2888517489202658 0.020325614657772304 0.04957849784053163 0.04065122931554461
0 0.5015520080195645 0.022825652471048584 0.045291516039128864 0.04565130494209717
0 0.5561393784699151 0.020331911546234892 0.05114099784053163 0.040663823092469784
0 0.6100456284699151 0.019779932672571676 0.04791586829088246 0.03955986534514335
0 0.6644525262181618 0.02661443775024209 0.05174177513842757 0.05184430113146815
0 0.7176776557678111 0.027867865541535086 0.05017927513842757 0.05183521077238853
0 0.7676275909929864 0.02679572405098731 0.045091256939830335 0.04555793969514967
0 0.18404763957179862 0.3474966478352596 0.0646398982096719 0.17999657220870696
0 0.29390350092285067 0.34216827752014656 0.06207610271317874 0.16436248184962743
0 0.3479098804725 0.3434171601318997 0.06051360271317865 0.16435339149054773
0 0.6302415191214479 0.34646385031802873 0.06423938001107458 0.17374657220870704
0 0.7393859816445192 0.35442582036199527 0.06287713911037329 0.17686248184962733
0 0.12859508327796373 0.543204578455223 0.05981269586563346 0.1534158914905479
0 0.23900165715208707 0.5464699581401099 0.06363860271317864 0.16437157220870696
0 0.468027823098931 0.5592052657144857 0.058189639110373295 0.1768352107723885
0 0.5204216378737556 0.5596819886853185 0.0648401573089707 0.18312157220870695
0 0.6934283412975282 0.5641462540070208 0.06247662091177606 0.17061248184962743
0 0.7508903878737556 0.5583411607210749 0.06247662091177588 0.17061248184962743
0 0.8112969617478789 0.5618974318965095 0.06423938001107458 0.17374657220870696
0 0.8656840730989309 0.556891769328723 0.06267688001107459 0.17373748184962742
0 0.9174468321982296 0.5597167874790957 0.06676360271317883 0.16438975292686636
0 0.07225065545404405 0.7615823946138057 0.058189639110373295 0.1768352107723885
0 0.24407559067921936 0.7598012051150478 0.066863732262828 0.16595225292686616
0 0.2994942759043947 0.7586972473677214 0.06716412091177597 0.17063975292686617
0 0.5304636736526414 0.7651689194034776 0.06676360271317883 0.16438975292686636
0 0.8794518861757126 0.771735519328723 0.07028912091177589 0.17065793364502557
0 0.9799911952473245 0.7765406731159109 0.04001760950535101 0.18001475292686636
0 0.2408969332133653 0.9419188135263041 0.05444527297895929 0.09403180113146803
0 0.36375344231266393 0.9443302203385542 0.06089553207825791 0.09719316256778683
0 0.4240098218623133 0.9455427415139889 0.06089553207825791 0.09719316256778647
0 0.4794285070874886 0.9444387837666625 0.06129605027685514 0.10344316256778682
0 0.5397349514119625 0.9464325549420971 0.056508420727205785 0.10185339149054791
0 0.6013535718623133 0.9445109857584523 0.056708679826504495 0.10497839149054755