0 0.800760879296638 0.3359347923029684 0.14233404535327177 0.1583541181871082
0 0.5731887679424117 0.47141068032477806 0.1264545066836355 0.1352036606107628
0 0.7961519112428678 0.7320285423029684 0.14049882535009015 0.13478907242947358
0 0.4078166645846856 0.6377696486519692 0.12182155068427196 0.1395085233378593
0 0.8055227466581822 0.12831361093942023 0.1420795066836355 0.13647911818710817
0 0.5868181999920459 0.10655095487058527 0.12636360001590835 0.1273911606107628
0 0.5718684318905505 0.8536970218400471 0.12027723201781733 0.14094347758022466
0 0.7955235605506417 0.9204373380606029 0.13917268268618094 0.15497402667183877
0 0.41853763060950266 0.4556586503189591 0.12963405068427197 0.14014625212603188
0 0.7977705972708666 0.5257147694241512 0.14534995735199913 0.14923420970237727
0 0.4249994526575459 0.10194371895541088 0.12336586935072642 0.1380735690954938
0 0.425406890634956 0.2685412875918627 0.12162155601527207 0.12232102333785919
0 0.4619606453125 0.7571550421875 0.345490153125 0.726048721875 0.3423851875 0.853842640625 0.4612049234375 0.8921453390625 0.4619606453125 0.7571550421875
0 0.65719365 0.2339294046875 0.5234601234375 0.21943926406249997 0.5288645796875 0.3488769703125 0.6566927421875 0.3744226890625 0.65719365 0.2339294046875
0 0.6403765546875 0.6073143578125 0.5078749499999999 0.5846744187499999 0.5064186875 0.718780259375 0.6364421453125 0.7505495640625 0.6403765546875 0.6073143578125
0 0.9405410562500001 0.36132624375 0.9966600437500001 0.3686644015625 0.9984666656250001 0.213403715625 0.9415350671875 0.212003734375 0.9405410562500001 0.36132624375
0 0.932151215625 0.40960512343750005 0.9313554140625 0.5660885640625 0.99422419375 0.5780008453125001 0.9960766812499999 0.418798515625 0.9331647937499999 0.410590890625 0.932151215625 0.40960512343750005
0 0.9212300296875 0.7541519921875001 0.9918629140625 0.78092879375 0.9937973437500001 0.61468420625 0.929976965625 0.5964597484375 0.9212300296875 0.7541519921875001