0 0.07864231174926735 0.10861890601864026 0.04297536167271767 0.13721658008391255
0 0.31021064673023935 0.11832948320276782 0.039850361672717674 0.13697978174358655
0 0.7270798117492674 0.15775456163629523 0.04453786167271758 0.13733497925407562
0 0.7677048117492673 0.16083294006053386 0.04597302768032883 0.13432837842423861
0 0.8606735617492675 0.16787769068523378 0.04303902866891178 0.13877908008391254
0 0.678175443650759 0.3194015340418936 0.04597302768032883 0.13432837842423861
0 0.3975475261602731 0.30205513299763076 0.04571835969555131 0.1280783784242386
0 0.352394193650759 0.29471530706290305 0.04571835969555131 0.1280783784242386
0 0.1122639421678843 0.28357228444287885 0.05053319368794011 0.1315585759347277
0 0.06988544117930112 0.28506300684847724 0.04453786167271767 0.1373349792540756
0 0.09960082159791805 0.45972038734730836 0.044919863649884026 0.14670997925407558
0 0.14881957159791806 0.46344996120744353 0.04622769566510647 0.14057837842423862
0 0.38331795251082657 0.6512738829976308 0.04584569368794007 0.13120337842423863
0 0.7623833700013126 0.6760794317621641 0.03972302768032883 0.1338547817435865
0 0.9008237874917985 0.6826515083215917 0.04610036167271758 0.1374533784242386
0 0.4723764994313463 0.8312116819626567 0.044665195665106336 0.14045997925407577
0 0.23052458045798557 0.8238565101724695 0.04610036167271767 0.13745337842423844
0 0.1294249954770136 0.8240322636969545 0.04648236364988403 0.1468283784242388
0 0.027314714336643627 0.9611509875524454 0.04237318380210836 0.07769802489510909
0 0.07425338133283801 0.9612756757272685 0.04718801779449713 0.07744864854546307
0 0.22112838133283802 0.9668996363100121 0.04406301779449713 0.06620072737997588
0 0.321287548823324 0.966752559962688 0.045943852775469106 0.06649488007462381
0 0.365818798823324 0.9684101483449705 0.04750635277546911 0.06317970331005895
0 0.417381298823324 0.9704229342377418 0.04438135277546902 0.059154131524516276
0 0.46747679931761554 0.9699439711678096 0.04613485376405215 0.06011205766438081
0 0.5620398828157128 0.9731349210652409 0.04613485376405215 0.05373015786951818
0 0.6590740503061988 0.9725380201328354 0.0449543557412186 0.054923959734329134
0 0.7050722998119072 0.9766577576852807 0.043200854752635465 0.04668448462943857
0 0.75269671631381 0.979244595030267 0.04313718775644091 0.04151080993946614
0 0.8004484668081016 0.9786472327901716 0.04645318874502422 0.04270553441965674
0 0.848949633804296 0.978860720342617 0.04970552273741298 0.042278559314766186
0 0.8944849682909762 0.9751975576876031 0.04546369171077345 0.04960488462479375