0 0.09966564383885188 0.6832858327917156 0.05027852570316256 0.12266593262955983
0 0.14354297783124065 0.6871744918823252 0.05241402866891205 0.13675570616851013
0 0.18651172783124065 0.6879245142034595 0.04903436068413454 0.13045115909060953
0 0.23101114433314346 0.6879205600635443 0.05442219764227278 0.14772047970746058
0 0.36232481132933786 0.6917740373353728 0.049161694676523204 0.13357615909060955
0 0.40242322931411545 0.6987195125786064 0.05203202669174569 0.1273807061685101
0 0.4470818133065042 0.702621808438691 0.05534802768032883 0.13212275324641087
0 0.48939664729889304 0.7064831939903502 0.05365819368794007 0.1289704797074606
0 0.5363989812912818 0.7104264001588605 0.05391286167271758 0.1352204797074606
0 0.569791095929749 0.8593411870904916 0.050087524714579425 0.11797843262955965
0 0.611515680910721 0.8678764358726754 0.04578202669174569 0.12727161201270895
0 0.6523953488954984 0.8748355478853842 0.05346719269935694 0.12428297970746058
0 0.69624084938979 0.8779429569759938 0.05027852570316256 0.12266593262955965
0 0.7369931833821789 0.8817770689887027 0.04715352570316256 0.12261138555165943
0 0.8240939353593453 0.8926657504004465 0.051904692699356755 0.12425570616851012
0 0.7459159027361004 0.7367236676087309 0.050087524714579425 0.11797843262955983
0 0.7921369867284893 0.740653237007766 0.05391286167271758 0.1352204797074606
0 0.9478816038384142 0.9034141099775234 0.04903436068413427 0.13045115909060953
0 0.9887202376798914 0.755204480918686 0.022559524640217175 0.13036933847375848
0 0.05629369273653797 0.5193636546263827 0.048907026691745716 0.12732615909060954
0 0.09636027722321834 0.5255278798696164 0.04897069368794012 0.12888865909060954
0 0.13867511121560713 0.5293892654212755 0.049161694676523295 0.13357615909060955
0 0.18164386121560713 0.5301392877424098 0.05241402866891205 0.13675570616851013
0 0.2263024452079959 0.5340415836024945 0.05027852570316256 0.12266593262955983
0 0.2739586952079959 0.5348734265404799 0.05378552768032883 0.13209547970746058
0 0.5781978676413978 0.5675082430968459 0.04715352570316256 0.12261138555165907
0 0.621820533649009 0.5651469021874554 0.049161694676523385 0.13357615909060955
0 0.6688228676413978 0.5690901083559655 0.048907026691745695 0.12732615909060954
0 0.7113923696185641 0.5792014939076248 0.051904692699356936 0.12425570616851012
0 0.7540427846375921 0.5721390162287591 0.05228669467652321 0.1336307061685101
0 0.8013634536109528 0.5838947223972694 0.05215936068413436 0.13050570616851012
0 0.9309700405690912 0.6033322893606724 0.055475361672717584 0.13524775324641086
0 0.04826899262280724 0.3607426310874323 0.057801865627050364 0.15402502678536117
0 0.13367991060758483 0.3684790389602258 0.055730029657495274 0.14149775324641087
0 0.18052307710948762 0.36851599512873606 0.05241402866891205 0.13675570616851013
0 0.22768457859236238 0.3763654512972462 0.05860036167271767 0.13530230032431154
0 0.3170017465771399 0.38417004301741564 0.06067219764227279 0.14782957386326193
0 0.3646261630790427 0.38422063595540096 0.05404019566510643 0.13834547970746058
0 0.4091255795809456 0.38421668181548563 0.04928902866891209 0.13670115909060954
0 0.4962581650562091 0.39588661322722957 0.05027852570316256 0.12266593262955983
0 0.5410759165390838 0.40369515908731424 0.052159360684134445 0.13050570616851015
0 0.717988585018153 0.4153708189887027 0.05560269566510652 0.13837275324641088
0 0.7634284190105418 0.4192867516182625 0.05872769566510634 0.13842730032431144
0 0.8073057530029306 0.42317541070887205 0.055475361672717584 0.13524775324641086
0 0.8566518369953193 0.4271595271858077 0.057037861672717585 0.1352750267853612
0 0.046271458022396135 0.19676195170428334 0.05148819863085598 0.15235343262955983
0 0.08745487353571575 0.19201595048646736 0.05254136266130085 0.1398807061685102
0 0.12973787403000733 0.1950960860381265 0.056910527680328914 0.13215002678536125
0 0.17627729300336809 0.20683815543716158 0.05703786167271767 0.13527502678536119
0 0.31731612847863166 0.21944902394269214 0.057165195665106514 0.13840002678536126
0 0.4078774614824372 0.21946838920181183 0.05780186562705043 0.15402502678536117
0 0.456760630455798 0.23125136890927242 0.057292529657495095 0.1415250267853612
0 0.5471946294672148 0.22814573416839212 0.057547197642272785 0.14777502678536125
0 0.5921397149424783 0.2390792800284768 0.05279603064607841 0.1461307061685102
0 0.6347410504177419 0.249971915580136 0.05404019566510652 0.13834547970746056
0 0.6806437994291586 0.24608898497917103 0.057292529657495095 0.14152502678536125
0 0.729113132927256 0.24771571468663156 0.06236203163466172 0.1509818474022122
0 0.8187486358930055 0.2633328064068009 0.0556026956651066 0.13837275324641088
0 0.871809968896811 0.26269760673111253 0.05228669467652338 0.1336307061685102
0 0.912434968896811 0.2634067187438213 0.05454953163466172 0.1508454797074606
0 0.9572208868815885 0.27043401460390604 0.049161694676523385 0.13357615909060955
0 0.9865688527754692 0.27028005599976385 0.02686229444906161 0.13810001785690745
0 0.046313925893442964 0.044527295860084685 0.03637785178688593 0.08807274431795714
0 0.08319184338392895 0.04907447402541768 0.05388368676785789 0.09618525324641088
0 0.26844359387822053 0.054650138391032964 0.052512187756441085 0.10084547970746054
0 0.3167855933839289 0.0531518680984935 0.052321186767857866 0.09615797970746054
0 0.3615078443725121 0.058616663958578195 0.05426568874502422 0.1055602532464109
0 0.5038226783649009 0.06422355600305912 0.04827035672980173 0.11170115909060951
0 0.5972370973382616 0.07678383157060435 0.05353085969555131 0.12584547970746054
0 0.6410825978325533 0.07989124066121388 0.05027852570316256 0.12266593262955985
0 0.6864587648287477 0.08224467329077374 0.0548386917107738 0.11962275324641088
0 0.7381804323192336 0.08705095007613498 0.0532761917107738 0.11959547970746054
0 0.8322806007983028 0.09728111241315536 0.05353085969555131 0.12584547970746054
0 0.8777522682887888 0.1019782950427152 0.050405859695551315 0.12579093262955987
0 0.9248182692773719 0.10748400121122541 0.05684686068413462 0.1305875267853612
0 0.9736676282128954 0.11071414122711147 0.05266474357420918 0.1274625267853612