0 0.9821302560857846 0.6333952859140697 0.035739487828430686 0.05870714206513998
0 0.790278910301835 0.9849559128294786 0.16685230925276534 0.030088174341042873
0 0.793148765821722 0.9507438676817449 0.17951595048646746 0.09006209983059073
0 0.8208452974783471 0.83841046765351 0.16841480925276536 0.08005006299888784
0 0.8291839029982343 0.7795814992235413 0.17332049756436801 0.09282307878390342
0 0.827338984979171 0.7185984965927051 0.17628185633066593 0.08363008930724725
0 0.8356366801906325 0.6574257781627363 0.19204322402541757 0.09235264192396553
0 0.8448110827884203 0.6017673123636034 0.16844208279171546 0.08161256299888783
0 0.855452527999882 0.5407311018261423 0.17156708279171573 0.08179457352223167
0 0.5840504553511406 0.9096884152485532 0.18889095048646745 0.09060813140062188
0 0.5892095137931271 0.8475524362952405 0.1794614034085667 0.08693709983059072
0 0.5975753928519646 0.7902859678652716 0.17951595048646746 0.09006209983059073
0 0.6110730568138381 0.66932102048199 0.188863676947517 0.08904563140062187
0 0.6265110961811009 0.6148078257295445 0.17951595048646746 0.09006209983059073
0 0.6538297524323367 0.4361136783321455 0.18573867694751697 0.08886362087727821
0 0.655150744721699 0.3776564362246533 0.18417617694751698 0.0887726156156063
0 0.6764745454530476 0.25792776514973104 0.173238676947517 0.0881355787839034
0 0.6809478112813603 0.2012150335655825 0.18573867694751697 0.08886362087727821
0 0.6924523271096727 0.1449118256589573 0.18264095048646745 0.09024411035393448
0 0.3331112926070833 0.9687072564712091 0.1808329886359143 0.0625854870575818
0 0.33680330843539585 0.918701581273565 0.19826595048646736 0.09115416297065301
0 0.362937340092021 0.8062771759836582 0.17792617694751697 0.08840859456891899
0 0.3735515117645322 0.7436784654461972 0.19042617694751698 0.08913663666229361
0 0.3857418202065187 0.6819520101704079 0.19209777110331833 0.09547764192396571
0 0.39878156249588087 0.6241773075254545 0.18891822402541775 0.09217063140062187
0 0.4029860470746054 0.507353828572142 0.1966489034085667 0.0879381577089811
0 0.43652742978689074 0.3274612022214304 0.1967852711033183 0.0957506577089811
0 0.4855108060063545 0.04856963374910914 0.1928966120127089 0.05181864718563743
0 0.13580209577406388 0.7602689130412401 0.19522277110331837 0.09565965244730937
0 0.17112021265803667 0.6374530393213644 0.17954322402541764 0.09162459983059072
0 0.1708105211000231 0.5749985419522005 0.20141822402541765 0.09289867349399668
0 0.1776139001588605 0.5176410682605597 0.18889095048646737 0.09060813140062188
0 0.19189281412073397 0.3967216235081141 0.18584777110331832 0.09511362087727822
0 0.21545127069628128 0.27087946032569965 0.1968125446422687 0.09731315770898111
0 0.21907510267721803 0.21021497611071518 0.18420345048646736 0.0903351156156063
0 0.23569776663909145 0.08943203925077736 0.21558981818121908 0.0999677208490433
0 0.2465846737011061 0.04245832871331623 0.19629434740221224 0.06762565770898113