0 0.8768903554359021 0.8608406530109234 0.05327308320625015 0.1423710384745874
0 0.7813232822976381 0.8751065388531055 0.05309124525034718 0.1345585384745874
0 0.15374248974458254 0.9407365834877787 0.050910496200277856 0.10794147477225664
0 0.10526862215340198 0.9439905582600353 0.05396276101791675 0.10492560217691818
0 0.04509745440972157 0.7790401700556003 0.051601480432708444 0.13762897477225663
0 0.0942980206141313 0.7781026634321784 0.05334581838861123 0.14549603847458742
0 0.669026570101041 0.7026090346767543 0.05483558320625015 0.1424256021769182
0 0.8160834080569439 0.6896675466576538 0.053163980432708514 0.13768353847458742
0 0.8631584298084369 0.6794368855877282 0.05458101006798621 0.13148810217691817
0 0.8517338865897912 0.4995137726110367 0.05003898043270851 0.13757441106992568
0 0.8039867176118397 0.5050842155321279 0.05639808320625015 0.14248016587924894
0 0.7570207986338884 0.5106273766020536 0.054726480432708516 0.13773810217691818
0 0.6088917699485412 0.5360961464723194 0.048331010067986215 0.13126984736759476
0 0.5111264171749996 0.5441938778679979 0.051710583206250146 0.14231647477225645
0 0.1745161167381592 0.5848313238691318 0.05327308320625015 0.1423710384745874
0 0.12824052878225642 0.5942534530878921 0.05022081838861121 0.14538691106992568
0 0.08212859498666616 0.5966443323066524 0.05160148043270847 0.13762897477225647
0 0.03429050703076338 0.6061210252277436 0.051601480432708444 0.13762897477225663
0 0.006971472930173384 0.6104464266790223 0.013942945860346768 0.1383730192372937
0 0.022416594605416517 0.42948660335804456 0.044833189210833034 0.1501835384745874
0 0.11134723556361074 0.4145213130693587 0.05160148043270844 0.13762897477225647
0 0.4049160508180899 0.3785093688823232 0.04847648043270847 0.13751984736759476
0 0.5452143957078469 0.3540946675237116 0.053163980432708514 0.13768353847458742
0 0.6430706674593399 0.3420906861280331 0.0564708183886113 0.14560516587924913
0 0.9304804016917705 0.30239074675032107 0.051710583206250146 0.14231647477225656
0 0.9189831232907636 0.12559263377362964 0.05334581838861112 0.14549603847458742
0 0.8759234543128123 0.13099938558772817 0.053527656344514084 0.15330853847458736
0 0.8282490205172219 0.13344482850881928 0.051783318388611124 0.14544147477225655
0 0.7772859325613194 0.1430306488345721 0.05639808320625015 0.14248016587924908
0 0.730392748765729 0.14544880990449777 0.05003898043270851 0.13757441106992568
0 0.5831358890583331 0.1669840479235982 0.054653745250347184 0.13461310217691821
0 0.5353887200803819 0.1725544908446893 0.051710583206250146 0.14231647477225656
0 0.052793119206701176 0.24717261116259293 0.05483558320625013 0.1424256021769182
0 0.08717138525861104 0.07813986896714122 0.04912979065319454 0.09851191106992567
0 0.6703118467896181 0.022244499915181987 0.04375130642076393 0.04448899983036397
0 0.8150613023367013 0.01035956960796262 0.04487739532659738 0.02071913921592524
0 0.8619363023367015 0.00956839592416521 0.048002395326597024 0.01913679184833042