0 0.8697821992524943 0.9491524779530481 0.12297642504614252 0.02357469810012063
0 0.9074953454595814 0.8037271132991555 0.12890505243632333 0.06748847241038014
0 0.9231320350036935 0.7174653867049038 0.12880492288667397 0.06592597241038015
0 0.9249658428386877 0.6726884752395146 0.12557979333702463 0.06419969810012063
0 0.9394826615494655 0.5424720307574386 0.1210346769010691 0.06263719810012063
0 0.9523098789313404 0.3694948761894542 0.09538024213731902 0.06568031094499087
0 0.5476068106035463 0.961333731909777 0.12357720234403846 0.03294969810012063
0 0.5644450547434501 0.8938220053155252 0.1384803115356222 0.07110479534115868
0 0.5798814851882634 0.8044352787212736 0.1351550524363235 0.06781602103089916
0 0.5856716077980826 0.76023489936806 0.13807979333702497 0.06485479534115868
0 0.5914617304079015 0.7160345200148464 0.12860466378737562 0.06280097241038014
0 0.6159634777870078 0.5846273897571216 0.12371690468807692 0.05943031094499087
0 0.6204624082318212 0.4958138732487781 0.12880492288667433 0.06592597241038015
0 0.6384428477759332 0.4094293159218319 0.1252794046880769 0.05951219810012063
0 0.6402766556109276 0.36465240445644265 0.12089229333702481 0.06395403663473136
0 0.6532982873200452 0.3232085329051452 0.12547966378737563 0.06263719810012063
0 0.39498365591546936 0.9160289552246683 0.13817992288667416 0.06641729534115867
0 0.40082384330011306 0.8726098258714545 0.1380797933370248 0.06485479534115868
0 0.4034389011351074 0.8277919708285004 0.1351550524363235 0.06781602103089916
0 0.41809408157992073 0.7384461878118136 0.14306768198597286 0.06978795680654777
0 0.4296242620247341 0.6492641791053864 0.1351550524363235 0.06781602103089916
0 0.4560098820136595 0.47386138738227235 0.12880492288667428 0.06592597241038015
0 0.4765052498431165 0.34109647501237195 0.1351550524363235 0.06781602103089916
0 0.48625168722776013 0.29747262777133393 0.13495479333702481 0.06469102103089916
0 0.2202747501476583 0.8930462358665059 0.13535531153562214 0.07094102103089917
0 0.26444055058139704 0.6281338868164454 0.13828005243632352 0.06797979534115868
0 0.2978784045311934 0.40376132858498803 0.14326794108527147 0.07291295680654794
0 0.30940858497600676 0.3145793198785608 0.13828005243632352 0.06797979534115868
0 0.9566876958656334 0.28553263399137035 0.08662460826873328 0.06338082654882315
0 0.9629982526208938 0.24059194821572163 0.07400349475821244 0.06724945499752569
0 0.651806836055741 0.2754703957500154 0.12880492288667417 0.06592597241038015
0 0.660872152990034 0.2334499920865422 0.131829793337025 0.06452724672063966
0 0.6673433960502037 0.18764616915576374 0.1351550524363235 0.06781602103089916