0 0.1640625 0.10078125 0.0328125 0.125
0 0.2078125 0.10390625 0.0328125 0.121875
0 0.3359375 0.11484375 0.0375 0.1140625
0 0.5390625 0.121875 0.0296875 0.1109375
0 0.9046875 0.13203125 0.0296875 0.1109375
0 0.034375 0.25 0.0328125 0.115625
0 0.075 0.25 0.03125 0.125
0 0.290625 0.2640625 0.0390625 0.125
0 0.4578125 0.2671875 0.025 0.1078125
0 0.6625 0.27421875 0.03125 0.09375
0 0.03125 0.409375 0.0375 0.125
0 0.0703125 0.40625 0.03125 0.128125
0 0.1140625 0.409375 0.0359375 0.125
0 0.1578125 0.409375 0.03125 0.125
0 0.2 0.5796875 0.040625 0.125
0 0.24375 0.5796875 0.034375 0.128125
0 0.2875 0.58671875 0.0390625 0.125
0 0.328125 0.5796875 0.0390625 0.121875
0 0.5390625 0.58359375 0.0328125 0.125
0 0.621875 0.5796875 0.034375 0.121875
0 0.7453125 0.58359375 0.0375 0.1328125
0 0.7875 0.58671875 0.0328125 0.1171875
0 0.83125 0.590625 0.0375 0.1109375
0 0.4546875 0.7359375 0.03125 0.121875
0 0.58125 0.7359375 0.03125 0.1140625
0 0.665625 0.7359375 0.03125 0.125
0 0.0625 0.89609375 0.034375 0.121875
0 0.196875 0.89609375 0.034375 0.1328125
0 0.3265625 0.903125 0.0328125 0.125