0 0.7661847099995625 0.18341865828799966 0.12917284684397004 0.06774509263643713
0 0.7544314679082278 0.22130510319429245 0.12748301285158128 0.0645746285298145
0 0.7458032258168933 0.2591006198873399 0.1370490138401646 0.06953491316955063
0 0.7371749837255587 0.2968961365803873 0.13854784684397004 0.06801787727617326
0 0.721735667527667 0.37869170585985945 0.12279551285158127 0.06443823620994645
0 0.7046065173373866 0.4574077392459543 0.12761034684397005 0.06769962852981451
0 0.6873500331547173 0.5329987726320492 0.12748301285158128 0.0645746285298145
0 0.6676542984777566 0.606314252178078 0.11973417984777565 0.0659098079967011
0 0.6583403068807135 0.6464762509244368 0.1276740138401644 0.0692621285298145
0 0.6082422174139362 0.22321224716351312 0.11967051285158128 0.0643473079967011
0 0.5904273177179474 0.3042947626029193 0.12454901384016441 0.06917120031656916
0 0.5810814926228073 0.3436755113492781 0.12285917984777565 0.06600073620994644
0 0.5765505015200558 0.3860448677757688 0.1308626808363588 0.07091555674305994
0 0.5553241003411922 0.46018706142842036 0.1276740138401644 0.0692621285298145
0 0.5374137001509117 0.5389258268678265 0.1292365138401646 0.06930759263643722
0 0.5249110415576743 0.5776162538274306 0.1307990138401644 0.06935305674305994
0 0.516314632964437 0.6161930205204781 0.13392401384016442 0.06944398495630519
0 0.5084676408731024 0.6539658051602142 0.13073534684397004 0.06779055674305993
0 0.4806862673002056 0.06814196542677091 0.1307990138401644 0.06935305674305985
0 0.4728074417107738 0.10513350006650701 0.12273184585538673 0.06287573620994644
0 0.46733603311753635 0.14361933854630907 0.1308626808363588 0.07091555674305985
0 0.45095895802239616 0.1832046757724699 0.12611151384016442 0.06921666442319178
0 0.4487717169196447 0.2255058360390266 0.13223417984777566 0.06627352084968256
0 0.43727048421985026 0.3079689950519421 0.1451798488211363 0.07757473370266403
0 0.41232883402956977 0.38691234897115034 0.1371763478325533 0.07265991316955063
0 0.39901043334499786 0.4631709720906885 0.1371126808363588 0.07109741316955046
0 0.376508033649009 0.5443898798499627 0.13717634783255325 0.07265991316955063
0 0.3522202994663398 0.6201855017158596 0.1370490138401644 0.06953491316955063
0 0.3507188078692967 0.660120179929105 0.1289818458553869 0.06305759263643722
0 0.33043425790866543 0.03130316696372777 0.1307990138401644 0.06260633392745554
0 0.3224917653230392 0.06335884019566171 0.1289818458553869 0.06305759263643718
0 0.31324144072219057 0.10508333894202049 0.1307990138401644 0.06935305674305985
0 0.29317563292725596 0.2269045146479834 0.13392401384016442 0.06944398495630519
0 0.28389347482831007 0.26784776339434213 0.12604784684397002 0.06765416442319179
0 0.2684859921285157 0.35042458267381427 0.1293001808363588 0.07087009263643722
0 0.21178895904816036 0.5906380572052783 0.13717634783255325 0.07265991316955045
0 0.1568641067298018 0.1065047496042886 0.1307353468439701 0.06779055674305985
0 0.14751828163466157 0.14588549835064737 0.13398768083635879 0.0710064849563052
0 0.14145662403000733 0.18908156888376076 0.14199118182494203 0.0759213054894186
0 0.09439191752766703 0.39694554466886595 0.13724001482874765 0.07422241316955062
0 0.08579550893442962 0.43552231136191344 0.13717634783255322 0.07265991316955049
0 0.620670505017278 0.796967995909872 0.12754667984777565 0.0661371285298145
0 0.6050110129259434 0.8349681010827215 0.1292365138401644 0.06930759263643722
0 0.6034140208346088 0.8725590292959666 0.11967051285158128 0.06434730799670092
0 0.7533503538384144 0.8666319750601893 0.11979784684397003 0.06747230799670093
0 0.7211373731157862 0.959083899512511 0.12671900889724858 0.045824628529814504
0 0.5837501196557452 0.9466557588419956 0.12917284684397004 0.06774509263643722
0 0.4818971650933902 0.7697188372926679 0.12767401384016458 0.0692621285298145
0 0.46623767300205554 0.8077189424655173 0.13398768083635879 0.07100648495630528
0 0.45279193832509473 0.8808525655850555 0.13386034684397002 0.06788148495630537
0 0.43791369623376014 0.9188299387045937 0.13398768083635879 0.07100648495630538
0 0.3368419916714051 0.7418702851019545 0.1277376808363589 0.0708246285298145
0 0.3155837569944443 0.815231228754606 0.12285917984777565 0.06600073620994644
0 0.18912739186168553 0.6679507149645525 0.13717634783255322 0.07265991316955045
0 0.17981340026464251 0.7081127137109113 0.13717634783255322 0.07265991316955063
0 0.1593974239906387 0.8213401394168741 0.13724001482874765 0.07422241316955072
0 0.15005159889549852 0.8607208881632328 0.1370490138401644 0.06953491316955081
0 0.14598352281177512 0.8952550125364123 0.12579317885919247 0.061404164423191784