0 0.05625 0.05546875 0.028125 0.1015625
0 0.0921875 0.05546875 0.0296875 0.096875
0 0.1296875 0.05234375 0.0296875 0.09375
0 0.16875 0.05546875 0.03125 0.09375
0 0.3890625 0.0453125 0.03125 0.090625
0 0.203125 0.19453125 0.0296875 0.1046875
0 0.3125 0.184375 0.0265625 0.09375
0 0.35 0.1875 0.03125 0.1015625
0 0.728125 0.17734375 0.0296875 0.1046875
0 0.9234375 0.16640625 0.0359375 0.1046875
0 0.9578125 0.16640625 0.0296875 0.1046875
0 0.0546875 0.33359375 0.0296875 0.096875
0 0.090625 0.33671875 0.028125 0.1015625
0 0.1265625 0.33359375 0.0265625 0.103125
0 0.2015625 0.33359375 0.0296875 0.096875
0 0.2765625 0.3296875 0.0296875 0.096875
0 0.3125 0.3265625 0.028125 0.096875
0 0.3515625 0.3265625 0.0296875 0.096875
0 0.425 0.3296875 0.0296875 0.1015625
0 0.6515625 0.31953125 0.0296875 0.1015625
0 0.84375 0.315625 0.028125 0.096875
0 0.8828125 0.315625 0.028125 0.1015625
0 0.921875 0.3125 0.03125 0.1046875
0 0.053125 0.471875 0.028125 0.096875
0 0.090625 0.471875 0.0296875 0.1015625
0 0.128125 0.471875 0.0296875 0.096875
0 0.1640625 0.471875 0.0296875 0.096875
0 0.203125 0.471875 0.0296875 0.096875
0 0.3890625 0.471875 0.028125 0.1078125
0 0.4625 0.465625 0.028125 0.096875
0 0.2015625 0.6109375 0.0265625 0.1015625
0 0.3890625 0.6078125 0.0296875 0.1015625
0 0.3515625 0.6078125 0.03125 0.1015625
0 0.5375 0.60390625 0.03125 0.1015625
0 0.575 0.60390625 0.0296875 0.1015625
0 0.6125 0.60390625 0.0296875 0.1046875
0 0.6890625 0.60078125 0.03125 0.096875
0 0.7671875 0.60390625 0.028125 0.1046875
0 0.8453125 0.60390625 0.0328125 0.1046875
0 0.884375 0.60078125 0.0296875 0.1046875
0 0.9609375 0.60078125 0.0296875 0.1015625
0 0.0546875 0.753125 0.0296875 0.1015625
0 0.128125 0.75 0.028125 0.096875
0 0.2765625 0.753125 0.028125 0.096875
0 0.4625 0.746875 0.028125 0.096875
0 0.5015625 0.746875 0.0296875 0.1015625
0 0.7296875 0.75 0.0296875 0.1046875
0 0.0921875 0.8921875 0.0296875 0.1046875
0 0.3875 0.8890625 0.028125 0.1046875
0 0.425 0.88515625 0.028125 0.1046875
0 0.5390625 0.8890625 0.0296875 0.1046875
0 0.653125 0.88515625 0.0296875 0.096875
0 0.9234375 0.8890625 0.0296875 0.1078125
0 0.8859375 0.88515625 0.028125 0.1046875