0 0.8994280376548435 0.9459301488872398 0.05210913387576923 0.1081397022255203
0 0.846139263344584 0.9484641755305561 0.047094085255250204 0.10307164893888796
0 0.7408342876548435 0.9440844936348267 0.05210913387576941 0.11183101273034665
0 0.4259495940772786 0.941228984516771 0.047339746720639654 0.1175420309664581
0 0.27705839269779764 0.9332242482423091 0.0511198439616777 0.13355150351538186
0 0.5908320448909328 0.7560623892457643 0.054899941202715755 0.1542160277354167
0 0.2865949242441464 0.7403769589655558 0.05120173111680746 0.14320579255305557
0 0.7608556970840679 0.5715088173417715 0.04783106965141819 0.13844555737069442
0 0.2448588828597166 0.5516768284565974 0.05095606965141819 0.13851829255305556
0 0.055796382859716595 0.5472763499237501 0.04454229534115865 0.13524782218833345
0 0.015021394166106022 0.5501279397795139 0.030042788332212043 0.12888871941479163
0 0.9320700350528517 0.37916092923336886 0.05317366689245624 0.15105466014423613
0 0.8783685029406761 0.37399999733763967 0.048076731116807284 0.14313305737069443
0 0.7203512850528517 0.3742331206284034 0.047667295341158676 0.1353205573706945
0 0.6150872529406761 0.3678720582237158 0.04783106965141819 0.13844555737069442
0 0.5617575350528516 0.3705418101235769 0.05095606965141819 0.13851829255305556
0 0.35756468000989755 0.37126458947451424 0.04626856965141819 0.13840918977951394
0 0.20756468000989753 0.36777330072118075 0.04454229534115865 0.13524782218833337
0 0.6275440665992005 0.17495785961048665 0.04807673111680746 0.1431330573706945
0 0.12285988862546779 0.17807306145475704 0.040844085255250386 0.12423758700597225
0 0.1679676707376434 0.1830339715989932 0.046848423789861114 0.11969555737069446