0 0.9828645413849942 0.33484853799083414 0.014300602176918175 0.05185344072944442
0 0.9737325888452564 0.39484113383052166 0.028417665879248943 0.05374324905006951
0 0.9664880293192766 0.5127371486481606 0.034613102176918174 0.052326219414791805
0 0.9580009175237116 0.5766541782834383 0.04549603847458741 0.051018292553055566
0 0.9449899968351391 0.6357746051451745 0.053526793283910835 0.05745013050895835
0 0.9366938579977319 0.6942228847804521 0.048784729581579714 0.055778527735416715
0 0.8978720156090967 0.08188523252000075 0.18434028366526398 0.04800500816812514
0 0.8853521682415018 0.12694315938173686 0.18370536660488845 0.07453114057694461
0 0.879290651999433 0.18857099040378547 0.18839286660488846 0.07464024335048629
0 0.8591666357573642 0.24987151310520908 0.18381449400955036 0.07765614057694456
0 0.8257365437472469 0.4906958816463202 0.19335318511654273 0.08256184612402784
0 0.8010614367610053 0.5479810515742021 0.19335318511654265 0.08256184612402784
0 0.7850048724257024 0.6719270446403479 0.1854861214142119 0.08081750816812523
0 0.757636296657654 0.8511235821594104 0.2107043762235353 0.08764938962701407
0 0.7209299264245683 0.996772429330278 0.18670139183263182 0.006455141339444026
0 0.667884415246277 0.0851329466164589 0.19335318511654281 0.08256184612402792
0 0.6572718082600353 0.14274542486496583 0.18839286660488846 0.07464024335048629
0 0.6418080101668011 0.2049363003399311 0.20122024881887376 0.08430618407993071
0 0.6202554139803326 0.329536256836945 0.20601687622353532 0.08754028685347244
0 0.5878471633473603 0.451537890195695 0.18855655771188112 0.0793277433504862
0 0.5779339608076224 0.5115123022397923 0.20908731252120455 0.08605052203583341
0 0.5773411945655536 0.5732674198309727 0.18559524881887376 0.08394250816812523
0 0.528849097746113 0.8199962962558687 0.19335318511654265 0.0825618461240281
0 0.5064879697084791 0.9453593189572921 0.20423612141421188 0.08125391926229213
0 0.3942484746874385 0.28596352232017397 0.19022818511654283 0.08248911094166686
0 0.3611110485565704 0.47362652327010446 0.19028274881887358 0.08405161094166687
0 0.3503347504633362 0.5359265015186114 0.18855655771188112 0.0793277433504862
0 0.3341988297747636 0.5949741931979864 0.18855655771188112 0.0793277433504862
0 0.32264128168152945 0.6572559876509031 0.2012202488188736 0.0843061840799308
0 0.30709563803479883 0.7217906131258683 0.21075893992586625 0.08921188962701407