0 0.9992497983427084 0.509475627847612 0.0015004033145832097 0.056986385551659066
0 0.9901537241013127 0.5643949529286899 0.019692551797374593 0.057313668019063256
0 0.9894919676628738 0.6160801838539663 0.021016064674252277 0.05882162094116268
0 0.9798297963012654 0.7251103104771719 0.040340407397469136 0.060493215096963836
0 0.982125619938687 0.7767546310940229 0.035748760122626067 0.05095457386326192
0 0.979837590621431 0.831605772327725 0.04032481875713785 0.06186480032431163
0 0.9783547100164871 0.8895819135614271 0.04329057996702588 0.0586852532464107
0 0.9714252374614782 0.9742978327983062 0.04853309484924893 0.021130706168510115
0 0.9246570434866707 0.11596713555824975 0.15068591302665874 0.07306712743398433
0 0.9220102756088231 0.16607622971405112 0.1559794487823538 0.07317622158978572
0 0.918295279776298 0.21618532386985248 0.1634094404474041 0.08740236282348776
0 0.9128104898531284 0.27035067248988065 0.17437902029374328 0.08117963636243815
0 0.8989143138046598 0.4310387564994123 0.1894448793969957 0.08444100405718977
0 0.8858082780489649 0.481338765427866 0.17617960485118864 0.0748478157455871
0 0.88512249396026 0.5400279728141923 0.18462983363936125 0.08279668344033872
0 0.8507782844270606 0.8668728908332554 0.1782522878817268 0.08112508928453721
0 0.8396811588230866 0.922614376222759 0.2020724251546305 0.08622169236879244
0 0.7356024022758131 0.06930814407966639 0.1735647878817268 0.08104326866768638
0 0.731807593641301 0.1186632617744181 0.1720022878817268 0.08101599512873606
0 0.7276779451585097 0.17350076623864497 0.17292705909355402 0.07323076866768644
0 0.7131686481929271 0.2832848693229001 0.1720022878817268 0.08101599512873606
0 0.6930947485021879 0.44949625041033237 0.17643469636645773 0.07797281574558709
0 0.513073311219586 0.1897645146137919 0.17617960485118864 0.074847815745587
0 0.5040327642540035 0.2994531603117208 0.16249974212409235 0.07928985389503396
0 0.500875684407664 0.3566207780064725 0.16524210485118865 0.07465690097293472
0 0.48489974016723814 0.4101003340128269 0.18344997091226492 0.08745690990138844
0 0.47686384168444695 0.46500602232442956 0.18788237939699587 0.0844137305182393
0 0.4738980804745593 0.5245173900191814 0.18344997091226495 0.08745690990138826
0 0.46348635214542855 0.6365770592560607 0.20934279121570665 0.09883078652459396
0 0.45388795366263734 0.6915100211066136 0.19113492515463032 0.08603077759614024
0 0.44832335093748055 0.7479372991097909 0.19776756242753404 0.0908273717519414
0 0.4204846197334119 0.9627907317393507 0.18077151000193967 0.05464440990138826
0 0.3236766160610763 0.010495394887150011 0.18797823212215253 0.020990789774300023
0 0.3047511439408634 0.037316993507178244 0.2095022878817268 0.07463398701435649
0 0.2792398004687403 0.373007257306896 0.19738492515463033 0.08613987175194149
0 0.2767364248647663 0.4285987382321725 0.18982751666989944 0.08912850405718978
0 0.2533940039621997 0.6026908031669806 0.18344997091226486 0.08745690990138844
0 0.22501352563306903 0.7150641181017888 0.1994576081851685 0.09241714529089187
0 0.22263769578672954 0.7722180990270653 0.20271015394280303 0.09403419236879244
0 0.2127682303344764 0.8334146976470936 0.21377519970043757 0.09578760714144474
0 0.10427200925303363 0.2806130259745823 0.11093724212409226 0.0783898271096728
0 0.09443423683325831 0.3997039452114616 0.11731478788172675 0.08006142126547414
0 0.09170746274649305 0.5100647467535891 0.10586710485118862 0.07362050649282174
0 0.0840374524546893 0.809061354302071 0.04180460485118864 0.07250229139585791
0 0.08316034972953258 0.8654068116883973 0.03086710485118862 0.07231137662320535