0 0.9972209545258724 0.39198811891915825 0.005558090948255057 0.04388636769475181
0 0.9934556050916067 0.44049380276653416 0.013088789816786673 0.044022735389503256
0 0.9827999062230749 0.5383409675391866 0.034400187553850256 0.045967064934808025
0 0.8702140686926656 0.37078704911308613 0.13939884328594587 0.06023984496658032
0 0.8214554235878806 0.7193296891289722 0.1394079336450254 0.061802344966580235
0 0.7937218299091512 0.9213967495995534 0.1488102047222643 0.06665348620028233
0 0.7185959847764936 0.09528030885231878 0.1487829336450254 0.061965986200282305
0 0.7071499455488821 0.14235986039444634 0.1628727047222643 0.06689894805083538
0 0.6612481348512483 0.4447542033324317 0.16131020472226432 0.066871674511885
0 0.61202185713471 0.847216730117793 0.14881929508134384 0.06821598620028232
0 0.6091741130866385 0.8949275271956936 0.1394079336450254 0.061802344966580235
0 0.6016661401158057 0.9474076448904454 0.1519261143631848 0.06514553327818291
0 0.5340528131335207 0.0695923364484589 0.1488011143631848 0.06509098620028228
0 0.52258859318775 0.11354688799058646 0.1488011143631848 0.06509098620028228
0 0.514303915396457 0.16682189245481333 0.1550602047222643 0.06676258035608366
0 0.446109989942855 0.6665003384770538 0.13939884328594587 0.06023984496658023
0 0.41526048662320536 0.8701844460255357 0.1488011143631848 0.06509098620028234
0 0.4064490888861417 0.9672230872592378 0.14248748184962742 0.05404439204448082
0 0.3487283914905478 0.04391800081407419 0.1441136143631847 0.06500916558343128
0 0.34119769262201594 0.09249186850882589 0.14411361436318462 0.06500916558343128
0 0.1587573764634331 0.027374977678865653 0.1456397529268662 0.054749955357731306
0 0.10994873438371015 0.36530562581242654 0.1394170240041051 0.06336484496658024
0 0.07467989665690919 0.6151653039777596 0.14256020472226433 0.06654439204448082
0 0.07027874296791715 0.6644658745946106 0.13317611436318472 0.0648182508107789