0 0.3890865835528712 0.4188480894667773 0.139334485014259 0.13334569368794008
0 0.2835448808191683 0.8724240756266128 0.12831907257314795 0.11421369171077381
0 0.12287192949958514 0.9378620973382616 0.15509618605101827 0.12427580532347662
0 0.5044360558904634 0.23851594372512114 0.12179567049962933 0.1108340237259962
0 0.5973229997636589 0.7809328898845193 0.09148345391148141 0.08468801779449713
0 0.2376724721012511 0.581245977299768 0.14374858294074055 0.1304116946765234
0 0.21396971489120453 0.43993788638729703 0.1509554901980553 0.1416038626613009
0 0.18327466390171349 0.2889364604938541 0.14843608294074045 0.13060269566510643
0 0.3435559274268521 0.12376374113993246 0.13722518086722202 0.12703202669174568
0 0.5439217635716214 0.5310018740671885 0.11982306738935158 0.10608285672980174
0 0.36793262789796344 0.2752917490485979 0.13736188190398124 0.1285945266917457
0 0.5237541094718525 0.38513361714710614 0.1263464694628702 0.10946252471457933
0 0.16221845306300955 0.15322445357377185 0.15040868605101826 0.13535386266130084
0 0.6123342621575016 0.9140464788198237 0.10710845391148141 0.0853246877564409
0 0.5640989795941216 0.6588377139910763 0.11812386635259245 0.10445668973360736
0 0.30077275409898335 0.9800588676042168 0.12652283524981467 0.039882264791566514
0 0.48806734505175947 0.1029949377936221 0.13083847983046262 0.12521485870696814
0 0.44552676244032563 0.8311981922422463 0.13267438190398123 0.12840352570316255
0 0.40361939231805655 0.5574304284020819 0.13722518086722207 0.12703202669174588
0 0.4270193531567606 0.6932379358164558 0.1332799746466664 0.11752969269935694
0 0.26245927568264027 0.7280864852084334 0.13267438190398123 0.12840352570316255
0 0.4729696743157888 0.9590466778891997 0.11574116013203692 0.08190664422160054
0 0.043584734375 0.8844129562499999 0.175640475 0.8460801281249999 0.155575484375 0.7365508640625 0.026122153125000002 0.7679320828125 0.043584734375 0.8844129562499999
0 0.0247860890625 0.73915435 0.1540184421875 0.70192784375 0.1314155875 0.5922913671875001 0.0016276015625000001 0.62131609375 0.0247860890625 0.73915435
0 0 0.5725382359375 0.0019679484375 0.584969296875 0.13136450156249999 0.5596458906249999 0.1101037234375 0.448710640625 0 0.4692292625 0 0.5725382359375
0 0 0.4335875640625 0.1077726078125 0.42476708125 0.094989928125 0.310022084375 0 0.3159301484375 0 0.4335875640625