0 0.15436216832079958 0.022967792163961963 0.061849336641599174 0.045935584327923926
0 0.19907535483856423 0.02555446586972015 0.06065070967712845 0.0511089317394403
0 0.4312714247309404 0.039178079136839246 0.06566784946188076 0.07835615827367849
0 0.5184995969806814 0.04717680681002747 0.06505141935425698 0.09435361362005494
0 0.6091438676588459 0.051936777906125886 0.06170809553293921 0.10387355581225177
0 0.6538934414801634 0.05415557792730204 0.06192641935425698 0.10831115585460407
0 0.8830929439613626 0.07233804557125674 0.06824919396136267 0.12707771046687397
0 0.9465133968140655 0.256652861412742 0.06192641935425698 0.12515118942018655
0 0.1019286428851242 0.3215117079772124 0.06556084160399789 0.13627069994353028
0 0.19637000165262983 0.3308951422769014 0.06207196856846862 0.12827618942018654
0 0.46993808829422895 0.3682307293768356 0.06014559553293921 0.12037268415851479
0 0.6488828796505578 0.39227663217708075 0.06192641935425698 0.12515118942018652
0 0.8341140583104396 0.4167397639306385 0.06868584160399785 0.13645271046687402
0 0.9238315297743924 0.42561496401534304 0.0636344685684687 0.12836719468185845
0 0.07686663854189801 0.48982906847232127 0.06348891935425689 0.12524219468185827
0 0.30862821484441494 0.5209825450065594 0.06697779238978611 0.1332367052052021
0 0.3549402886657325 0.5229853897872399 0.06363446856846852 0.12836719468185825
0 0.4000537355225794 0.5328917398295921 0.06385279238978611 0.13305469468185843
0 0.533322153843379 0.5517642952183209 0.06541529238978612 0.13314569994353037
0 0.6702784983428609 0.56572183745287 0.06207196856846871 0.12827618942018654
0 0.7130481951997079 0.5757646953877301 0.06207196856846853 0.12827618942018654
0 0.8555460643062958 0.5909662192064278 0.06192641935425698 0.12515118942018652
0 0.05625669375196576 0.6696376658132503 0.05618584160399789 0.13572466837349922
0 0.21311893155085668 0.8586939185852607 0.06854029238978614 0.13332771046687383
0 0.30532570222902117 0.8705576107774575 0.06883139081820958 0.13957771046687384
0 0.3494759625681033 0.8766032134506456 0.06556084160399785 0.13627069994353036
0 0.3944074729071856 0.8826033134929979 0.06399834160399784 0.13617969468185862
0 0.440792321335609 0.8861686582736784 0.06556084160399785 0.13627069994353036
0 0.4857238316746912 0.8921687583160308 0.06690501778268043 0.1316742052052021
0 0.6211176761741732 0.9062173058122518 0.06341614474715093 0.12367969468185862
0 0.8479541579772082 0.9157232955006697 0.05974318114108144 0.07827618942018652
0 0.9388338691020787 0.9159137403237023 0.06235875889134022 0.06752069994353035