0 0.08058575243563197 0.07563569557013905 0.044723939122381616 0.14900342799249994
0 0.172855073052483 0.067808498421227 0.03998189204448095 0.135616996842454
0 0.22057950689985883 0.06383903312902797 0.04310689204448097 0.12767806625805594
0 0.2698528039777595 0.0601576670592595 0.04466939204448099 0.120315334118519
0 0.0735839557647684 0.2533211981620372 0.043161439122381615 0.1488667269557407
0 0.1188964557647684 0.24935686809601876 0.04337962743398434 0.1613667269557407
0 0.2667572573068959 0.22471987012226907 0.046286439122381576 0.14914012902925916
0 0.3136322573068959 0.22061883901949134 0.04003643912238157 0.14859332488222216
0 0.36128850730689593 0.21644945739833404 0.04623189204448099 0.14601512902925914
0 0.4120015734595201 0.2159129237036582 0.04316143912238157 0.1488667269557407
0 0.46122032345952013 0.21160684104574162 0.04486030681713338 0.15681592799249994
0 0.5574504411542718 0.19538722728504737 0.04779439204448081 0.14615183006601842
0 0.6558879411542718 0.18677506196921426 0.04480575973923262 0.15369092799249992
0 0.7051066911542717 0.18246897931129763 0.04458757142762977 0.14119092799249994
0 0.7558197573068959 0.18193244561662184 0.04784893912238157 0.1492768300660184
0 0.8463765734595199 0.17791003548458498 0.046150071427629766 0.14132762902925916
0 0.8970896396121443 0.17737350178990913 0.04033644805083512 0.16578082488222218
0 0.9433197573068959 0.16552832120551106 0.040118259739232796 0.15328082488222217
0 0.11046852678865651 0.4193665717246762 0.04628643912238162 0.14914012902925916
0 0.1597418238665572 0.4119354890667596 0.03990007142762995 0.14078082488222207
0 0.04765924067109974 0.8000690590480094 0.04011825973923263 0.15328082488222208
0 0.19186143385396642 0.9403441615926393 0.04050799756436803 0.08623002591898157
0 0.2434375706234416 0.935051777379584 0.045222771103318314 0.08820262902925932
0 0.34826143831819334 0.9180803079167136 0.051745506492821745 0.10437443317629622
0 0.39901541477924296 0.9152000242220378 0.047003459414921164 0.10083933006601846
0 0.45059155154871816 0.9099076400089825 0.04546823295387128 0.10226512902925933
0 0.5506188250876685 0.89959627365639 0.051772780031772034 0.10593693317629622
0 0.6037438250876684 0.8949484384065751 0.04864778003177204 0.1056635311027776
0 0.6513864383181933 0.8915603067854179 0.043933006492821745 0.10369092799249983
0 0.7053063250876684 0.8860628710172236 0.05646028003177204 0.10634703628657398
0 0.7544568912402927 0.8856630383593072 0.04382391233702041 0.09744092799249984
0 0.8068142780097677 0.880302303627872 0.04538641233702032 0.09757762902925933
0 0.853702914779243 0.8754200225250942 0.047003459414921164 0.10083933006601846