0 0.7567663438274982 0.9740132465330564 0.14669863421305535 0.05197350693388714
0 0.7613082893976372 0.8922582820973328 0.14683533524981468 0.05395222267624504
0 0.7650983792656003 0.80170145979043 0.14669863421305535 0.05238972267624513
0 0.7649719486812023 0.7556304356881289 0.15451113421305535 0.052435174471643364
0 0.7652556212070819 0.714246911585828 0.14683533524981468 0.05395222267624522
0 0.7758821799722675 0.5768787217924825 0.13576113421305536 0.052326090162687855
0 0.7760975019797675 0.5347139476901814 0.13650342799249984 0.04296018052176755
0 0.7754837643736103 0.4027463302037388 0.1323627321395371 0.04918290944452863
0 0.7723690348259715 0.3582196253832787 0.13874943317629623 0.05078177088084708
0 0.9310244075401387 0.20297411006157637 0.13795118491972252 0.04921927088084708
0 0.9269425002828239 0.08113547149789484 0.1353510311027776 0.0476385901626879
0 0.7762391627239349 0.09899916148763212 0.14343693317629622 0.05080904195808598
0 0.5911707381253223 0.9646685715213359 0.1353510311027776 0.04763859016268768
0 0.5908782122063408 0.9256242522394953 0.13521433006601846 0.046076090162687676
0 0.5910935342138408 0.8834594781371943 0.14343693317629622 0.050809041958086
0 0.5949417041478224 0.8381924299325924 0.1384760311027776 0.04765677088084708
0 0.5946785725266651 0.7905589058302913 0.15437443317629623 0.05087267447164336
0 0.6060761108394894 0.6977037853187866 0.154784536286574 0.05556017447164337
0 0.6028246802550914 0.6516145804983264 0.14384703628657397 0.055496541958085996
0 0.6135776696046749 0.5603174148072818 0.15124943317629622 0.050854493753484144
0 0.6105996410937953 0.5173532099868217 0.13833933006601845 0.046094270880847076
0 0.6136665610277768 0.4720816166026799 0.14656193317629623 0.05082722267624522
0 0.6058643314801381 0.4275276407049809 0.154784536286574 0.05556017447164332
0 0.6247237638079625 0.25038387860473243 0.15138613421305552 0.052416993753484055
0 0.6167848332235645 0.2042674027070334 0.1386127321395369 0.04921927088084717
0 0.6168634541943053 0.16054012860473246 0.14343693317629622 0.050809041958086
0 0.6167370236099072 0.11446910450243149 0.139159536286574 0.05546927088084712
0 0.4207509313863871 0.9535260175611974 0.1384760311027776 0.04765677088084708
0 0.4124408539122667 0.9120924964839585 0.15437443317629623 0.05087267447164336
0 0.41663077643814644 0.8707316982793568 0.15138613421305552 0.05241699375348432
0 0.4209867942986095 0.8223441952542945 0.14343693317629622 0.050809041958086
0 0.4207236626774522 0.7747106711519935 0.15777283524981467 0.054015855189802585
0 0.43578486027384156 0.5452277042312851 0.15451113421305554 0.052435174471643364
0 0.44007252761592497 0.4960589512062229 0.14683533524981468 0.05395222267624522
0 0.44008279806828615 0.45155042710392196 0.1511127321395369 0.04929199375348414
0 0.44009306852064733 0.4070419030016209 0.15124943317629622 0.05085449375348401
0 0.44344366098050864 0.3203867855151783 0.1433002321395369 0.049246541958086
0 0.45153168864291643 0.1361526860809124 0.1353510311027776 0.04763859016268786
0 0.45089741013203694 0.09320211679907162 0.13861273213953704 0.04921927088084712
0 0.2464454155521743 0.8533436894987579 0.14316353110277769 0.047684041958085996
0 0.24666073755967438 0.8111789153964569 0.15763613421305545 0.0524533551898025
0 0.25023550542013745 0.7627868671918551 0.15464783524981468 0.053997674471643366
0 0.25442542794601714 0.7214260689872531 0.15736273213953691 0.04932835518980259
0 0.25837134269620243 0.6683510659621911 0.1674212373233332 0.05719539734428025
0 0.26259065951990623 0.618401062937129 0.17068293836009252 0.05877607806243947
0 0.2622694478327305 0.525477764732527 0.16089783524981469 0.05403403590796181
0 0.26554141932185094 0.48254992134838537 0.154784536286574 0.05556017447164337
0 0.27041555556115665 0.38653343940056206 0.15464783524981476 0.053997674471643366
0 0.27015242393999933 0.33889991529826113 0.1577728352498147 0.054015855189802585
0 0.2762862638079625 0.24835672852997764 0.16117123732333322 0.05715903590796181
0 0.2761701036759256 0.15777718032537577 0.15437443317629623 0.05087267447164332
0 0.1037897323758781 0.8025391927202119 0.07169863421305545 0.051953385440423626
0 0.10346852068870234 0.7096158945156098 0.08691353110277769 0.04735678903121965
0 0.10456283751240614 0.6596477107723885 0.09839783524981471 0.05367042154477701
0 0.10443640692800808 0.6135766866700876 0.10607363421305545 0.052153373340175155
0 0.10006197375171189 0.5635766866700875 0.10607363421305545 0.052153373340175155
0 0.09953571050939725 0.4683096384654856 0.12142523213953696 0.04911927693097127
0 0.09679212785148068 0.41909997882456523 0.11701113421305545 0.052217005853732526
0 0.10003541357240679 0.32229315651766244 0.12326113421305544 0.052253367290050964
0 0.10967567078245335 0.18257667154477705 0.14357363421305544 0.052371541958086
0 0.10558491013203686 0.09119314744247611 0.13433533524981472 0.05387949980360829
0 0.11547802851087954 0.043618710674192665 0.154784536286574 0.05556017447164331
0 0.11046860829407405 0.013136325135573243 0.13968721658814812 0.02579995159900636
0 0.45669905933083327 0.016712339671708567 0.1352731186616666 0.028897680521767506
0 0.6165914691800463 0.03247876111828977 0.14371033524981486 0.053934041958085974