0 0.0546875 0.0796875 0.0265625 0.1015625
0 0.2265625 0.090625 0.0296875 0.115625
0 0.3 0.09375 0.03125 0.1109375
0 0.44375 0.11484375 0.028125 0.1046875
0 0.6140625 0.1421875 0.025 0.1046875
0 0.01875 0.215625 0.0234375 0.1015625
0 0.475 0.25 0.0296875 0.1015625
0 0.221875 0.3578125 0.0265625 0.096875
0 0.509375 0.38515625 0.0265625 0.09375
0 0.6109375 0.39609375 0.0265625 0.09375
0 0.0484375 0.47578125 0.0265625 0.09375
0 0.5421875 0.5171875 0.028125 0.096875
0 0.1640625 0.4859375 0.025 0.09375
0 0.7703125 0.53828125 0.025 0.090625
0 0.8 0.53828125 0.0265625 0.09375
0 0.8546875 0.5453125 0.0234375 0.0875
0 0.1484375 0.621875 0.0296875 0.1046875
0 0.290625 0.63203125 0.028125 0.1046875
0 0.396875 0.6390625 0.0265625 0.09375
0 0.5390625 0.64921875 0.028125 0.1015625