0 0.557347190625 0.27273726875 0.5685073546875 0.130289234375 0.47333302968749996 0.08661655625 0.46103226875000003 0.24082866875 0.557347190625 0.27273726875
0 0.52654640625 0.4227420515625 0.5559286890624999 0.28357740625 0.46601837343749997 0.24163752343749997 0.44266985937500003 0.3964699703125 0.52654640625 0.4227420515625
0 0.522120396875 0.57581918125 0.537740309375 0.43300165625 0.4416674609375 0.40414791718750004 0.420101221875 0.5532382625000001 0.522120396875 0.57581918125
0 0.5116019171875 0.724289328125 0.5199178875 0.5816068765625 0.41513461406249996 0.5650980859375 0.407777728125 0.72071535625 0.5116019171875 0.724289328125
0 0.46151183125 0.23405954062499998 0.47484587500000003 0.07820563281250001 0.363744953125 0.01555190625 0.34972362968750004 0.1875784734375 0.46151183125 0.23405954062499998
0 0.4416092515625 0.398497721875 0.4550354921875 0.2439057421875 0.3440308109375 0.190273671875 0.3255189140625 0.36096868125000003 0.4416092515625 0.398497721875
0 0.415771771875 0.5625763375 0.44179765312499997 0.40878132031250003 0.320974703125 0.3668658 0.29302839375 0.5348241234375 0.415771771875 0.5625763375
0 0.39314339375 0.727802390625 0.40946505 0.5721830812500001 0.29909199062499997 0.5539251578125 0.28165565625 0.722382115625 0.39314339375 0.727802390625
0 0.367117471875 0.881597353125 0.39897920625 0.736367075 0.288116928125 0.728255240625 0.255238153125 0.8881759656250001 0.367117471875 0.881597353125
0 0.35917960937500004 0.982307875 0.3740155125 0.9027265828125 0.25910314843750004 0.917752640625 0.2510768296875 0.9647712421874999 0.35917960937500004 0.982307875
0 0.4880985953125 0.8801139984375 0.499719478125 0.7361208453125 0.394339571875 0.7279964375 0.37907708125 0.8787125921875001 0.4880985953125 0.8801139984375
0 0.47023607656250005 1 0.4880241265625 0.885028171875 0.377483215625 0.894738203125 0.3651297328125 0.9832731140625001 0.46824090468749996 1 0.47023607656250005 1
0 0.3389166328125 0.16273581718750002 0.338874390625 0.163332071875 0.35391266718750003 0.008237409375000001 0.2116139859375 0.0049253703125 0.20376095625 0.0901486796875 0.3389166328125 0.16273581718750002
0 0.3195176359375 0.345952390625 0.33336055781249996 0.169118615625 0.1980875875 0.10551250781249999 0.1828720640625 0.300866984375 0.3195176359375 0.345952390625
0 0.3001300375 0.5225364781249999 0.31311063125 0.349815209375 0.1820808453125 0.305563596875 0.166496534375 0.4996519859375 0.3001300375 0.5225364781249999
0 0.27762 0.720756628125 0.29596321406250004 0.548292628125 0.1560257 0.5279364421875 0.136373278125 0.7147306515625 0.27762 0.720756628125
0 0.2518442171875 0.896907521875 0.2696408953125 0.7257420796875 0.131164584375 0.7235355218749999 0.11059418125 0.91681510625 0.2518442171875 0.896907521875
0 0.19561463125 0.08947563750000001 0.2050717390625 0.0047730984375 0.06535663124999999 0.0015211921874999999 0.0641819109375 0.0181025609375 0.19561463125 0.08947563750000001
0 0.047519359375 0.2532973015625 0.175263534375 0.2990749203125 0.1927946515625 0.10402547656250001 0.062801275 0.03759048125 0.047519359375 0.2532973015625
0 0.17694161875 0.3035318921875 0.04733795625 0.2558578375 0.0325185265625 0.46503659375 0.0329542234375 0.47126735625 0.1451743703125 0.4957013609375 0.17694161875 0.3035318921875
0 0.1542768203125 0.5102275421875 0.0341840125 0.4888541625 0.0489676921875 0.700270625 0.1289450328125 0.7053662218750001 0.1542768203125 0.5102275421875
0 0.12483857812500002 0.718027775 0.050020346874999996 0.715324296875 0.0642068953125 0.9182013890625 0.10319263593750001 0.9135453640625 0.12483857812500002 0.718027775