0 0.056544190625000004 0.2414713140625 0.1800310234375 0.2172086296875 0.154004775 0.088241546875 0.0267805265625 0.1132390359375 0.056544190625000004 0.2414713140625
0 0.31327916562499997 0.205992759375 0.2922554359375 0.078765015625 0.164456603125 0.0910228765625 0.18552641406249998 0.22246069999999998 0.31327916562499997 0.205992759375
0 0.454317115625 0.1937727421875 0.42853446875 0.055237546875 0.296699965625 0.0724863890625 0.3243492640625 0.205757909375 0.454317115625 0.1937727421875
0 0.5946129171875 0.16495918437499998 0.562269928125 0.024885412500000002 0.4345813484375 0.05173345 0.464237159375 0.18534145625 0.5946129171875 0.16495918437499998
0 0.6032241828125 0.16980959843750001 0.73392863125 0.1517690328125 0.7148707265625001 0.0159432421875 0.580869746875 0.0343658609375 0.6032241828125 0.16980959843750001
0 0.7434407890625 0.1517350078125 0.87102924375 0.1340961078125 0.8465918531250001 0.0098509875 0.73378226875 0.0085383296875 0.716392740625 0.010937559375 0.7434407890625 0.1517350078125
0 0.0743727375 0.3798397359375 0.2049128984375 0.360628296875 0.18011600625 0.22911857656249998 0.049564265625 0.24735310937500002 0.0743727375 0.3798397359375
0 0.20901452968749998 0.36725214375 0.3414412140625 0.3501817109375 0.3144292125 0.21418915156249999 0.1866764609375 0.230657090625 0.20901452968749998 0.36725214375
0 0.34833024687499997 0.35406201249999997 0.48387280468749994 0.3365899296875 0.46448631875 0.1984223328125 0.328096028125 0.2114490328125 0.34833024687499997 0.35406201249999997
0 0.49116973281250004 0.332073059375 0.6263838234375 0.3122591296875 0.5986353531249999 0.182322 0.4752056515625 0.1999343234375 0.49116973281250004 0.332073059375
0 0.6307290562500001 0.3093148640625 0.75241446875 0.294821103125 0.7327842640625 0.1662216359375 0.6107703843750001 0.1783735453125 0.6307290562500001 0.3093148640625
0 0.774718703125 0.29552224374999997 0.902800040625 0.281396134375 0.876280915625 0.1489163 0.747278171875 0.1603938203125 0.774718703125 0.29552224374999997
0 0.0813011828125 0.542263053125 0.2101191046875 0.52208145625 0.1933556109375 0.379999434375 0.06250911249999999 0.3961426265625 0.0813011828125 0.542263053125
0 0.2196311359375 0.5220473796875 0.3579611 0.501831796875 0.3321784578125 0.363296625 0.2053125765625 0.38220363281249997 0.2196311359375 0.5220473796875
0 0.3624706359375 0.5000585156249999 0.49440443125 0.4794752671875 0.470837009375 0.3454228734375 0.33776124375 0.365130365625 0.3624706359375 0.5000585156249999
0 0.5212184234375 0.47840300312500006 0.65036481875 0.4605633 0.6230242359375 0.3222289515625 0.49101951718750003 0.3409055875 0.5212184234375 0.47840300312500006
0 0.7940257796875 0.44442899375 0.762011484375 0.3066969734375 0.6314645921875 0.32429123125000003 0.6589760828125 0.465413715625 0.7940257796875 0.44442899375
0 0.7997648749999999 0.44011284687499996 0.942768665625 0.41929487343750005 0.9162495281249999 0.2868149515625 0.77385744375 0.307425796875 0.7997648749999999 0.44011284687499996
0 0.23196997968750002 0.677812775 0.216107265625 0.5308463546875 0.079760121875 0.54735643125 0.09085259531249999 0.7007717671875 0.23196997968750002 0.677812775
0 0.24080209218749998 0.6786760703125 0.3792063265625 0.6573948921875 0.3592385765625 0.5078351718749999 0.222546875 0.5292322921875 0.24080209218749998 0.6786760703125
0 0.3807050296875 0.6572017015625 0.5227115062500001 0.6362206515625 0.4991687671875 0.49017975625 0.36142802343749997 0.5084638296875 0.3807050296875 0.6572017015625
0 0.6723695046875 0.6154000625 0.6455132734375 0.4674927953125 0.5059301796875 0.48697079531250004 0.532150559375 0.6346216734375 0.6723695046875 0.6154000625
0 0.5845500796875001 0.81404033125 0.7287700203125 0.7973010281249999 0.7051706156249999 0.6378858984375 0.5598246015624999 0.65481943125 0.5845500796875001 0.81404033125
0 0.43167023593750004 0.830507365625 0.5730570796875 0.815521834375 0.55541203125 0.6590418671875 0.41191976406249997 0.6761986140625 0.43167023593750004 0.830507365625
0 0.6777854375000001 0.6182739234375 0.8253796796874999 0.599248321875 0.7916905671875 0.45131629999999995 0.6520237546875001 0.4697828609375 0.6777854375000001 0.6182739234375
0 0.8292949796875 0.5964294156250001 0.969311478125 0.5760664140625 0.934795321875 0.43101804843749997 0.798408228125 0.450913203125 0.8292949796875 0.5964294156250001