0 0.059641285937499997 0.09949449375 0.1090986984375 0.2435185546875 0.2567506734375 0.20012234843750001 0.20911716875000003 0.0547443515625 0.059641285937499997 0.09949449375
0 0.3097101 0.35069589687499997 0.26108619375000003 0.20447968906249997 0.1053174796875 0.24717170937500002 0.14870873125 0.3940490625 0.3097101 0.35069589687499997
0 0.33612682656250004 0.5102834171875 0.3014086453125 0.3639436984375 0.1471602078125 0.40097056249999996 0.1841421234375 0.5452819171875001 0.33612682656250004 0.5102834171875
0 0.395908775 0.6608465484375 0.35196045468750004 0.5099990531249999 0.19647705 0.559256934375 0.2405776265625 0.708965490625 0.395908775 0.6608465484375
0 0.4425265203125 0.8125107796875 0.399575571875 0.6670199421875 0.24171209531249999 0.71035250625 0.28708851874999997 0.8541983796875 0.4425265203125 0.8125107796875
0 0.4155306671875 0.1610539453125 0.3718042578125 0.010947909375 0.21981114375000002 0.0580674453125 0.2610930171875 0.20405797187500002 0.4155306671875 0.1610539453125
0 0.4700467171875 0.31277732187499996 0.426098303125 0.1619297296875 0.26577139375000003 0.20620530937499998 0.31404960000000004 0.3586718390625 0.4700467171875 0.31277732187499996
0 0.517661875 0.4697981984375 0.474713796875 0.3202669734375 0.3224986859375 0.36664514375 0.36322419375 0.5128021109375 0.517661875 0.4697981984375
0 0.5587650671875 0.614712446875 0.5136984390625 0.47227874375 0.3606856765625 0.51716644375 0.407331071875 0.6576250703125 0.5587650671875 0.614712446875
0 0.6116065015625 0.7750161624999999 0.5660930546875 0.6351399671875 0.4100881296875 0.673074671875 0.45661524531250003 0.814146275 0.6116065015625 0.7750161624999999
0 0.3919760359375 0 0.386472825 0.001647553125 0.4273594421875 0.14403140781249998 0.5836880734375 0.1012692140625 0.5537835765625 0 0.3919760359375 0
0 0.6293026671875 0.2556573875 0.5842416234375001 0.10514301875000001 0.42901482812499997 0.1492530359375 0.47163935625000003 0.2980112640625 0.6293026671875 0.2556573875
0 0.678022109375 0.42446630625 0.633514596875 0.2778256859375 0.47604654375 0.31900166093750004 0.5206932 0.46591217656249995 0.678022109375 0.42446630625
0 0.7286206546875 0.5808370859374999 0.68355959375 0.43032265937499997 0.52600796875 0.4707023453125 0.5691787484375 0.6212996984375 0.7286206546875 0.5808370859374999
0 0.5718523125 0.6258577984375 0.6167939703124999 0.7783205546875 0.7259387421875 0.75311405 0.775676721875 0.7420648078125 0.7313968078124999 0.58808495 0.5718523125 0.6258577984375
0 0.5609771453125 0 0.5894145203125001 0.0996414234375 0.751029684375 0.0499993046875 0.7379211515625 0 0.5609771453125 0
0 0.79750635 0.20839452343749998 0.7528471453125001 0.05134171562499999 0.5904318 0.1019563453125 0.6354603375 0.2550212953125 0.79750635 0.20839452343749998
0 0.8435228421875 0.37156840468749996 0.7997275703125 0.21740133281250001 0.6362096203125 0.2638399171875 0.6807857 0.4158866109375 0.8435228421875 0.37156840468749996
0 0.89952009375 0.53654634375 0.8500120421874999 0.3790586640625 0.6867748359375 0.4237644921875 0.732109059375 0.577861821875 0.89952009375 0.53654634375
0 0.942442725 0.7004077125 0.8976982484375 0.541493909375 0.7320267874999999 0.5808253421875 0.77633523125 0.7350442734375 0.942442725 0.7004077125
0 0.9031224859375 0.039285578125 0.78576943125 0.0788557203125 0.8347541656249999 0.2332950703125 0.9496103781249999 0.19456595000000002 0.9031224859375 0.039285578125
0 0.9523557296874999 0.20373606249999998 0.8336158078125001 0.2406433484375 0.884085053125 0.3964955984375 0.99993400625 0.362658575 0.9523557296874999 0.20373606249999998