0 0.319198140625 0.3138651671875 0.23024425 0.31321495312500003 0.212834775 0.3730240359375 0.3091568265625 0.3738611984375 0.319198140625 0.3138651671875
0 0.41477640156250006 0.3261434171875 0.3260243734375 0.3142610953125 0.3091568265625 0.370791628125 0.406966509375 0.37832603593749997 0.41477640156250006 0.3261434171875
0 0.509610875 0.32223670625 0.41998303437500006 0.31888808750000003 0.4118012203125 0.37860506250000003 0.5058918765625 0.38530231875 0.509610875 0.32223670625
0 0.602213984375 0.32223670625 0.5134000515625 0.3233276609375 0.5137017968750001 0.3878137640625 0.6103957703125 0.3855813453125 0.602213984375 0.32223670625
0 0.30493481875 0.3738611984375 0.207497028125 0.3724659421875 0.17997644375 0.4427868734375 0.28745550625 0.4439030828125 0.30493481875 0.3738611984375
0 0.408322971875 0.3788841203125 0.3116541 0.3773783375 0.2896869 0.44725169062500003 0.39679408125000004 0.45115841406249996 0.408322971875 0.3788841203125
0 0.512083078125 0.38753470624999997 0.41464528749999996 0.37832603593749997 0.40088497500000003 0.4536698796875 0.5072483671875 0.46343667499999996 0.512083078125 0.38753470624999997
0 0.6162297203125 0.3941826578125 0.5186377375 0.3909589359375 0.518420065625 0.4589225703125 0.6240396125000001 0.46227117656249994 0.6162297203125 0.3941826578125
0 0.7136674828125 0.4033913546875 0.6209271890625 0.3902615078125 0.6270148234375 0.4580854078125 0.7289154015625 0.471200821875 0.7136674828125 0.4033913546875
0 0.8200308749999999 0.4086933390625 0.7260063546875 0.3982819296875 0.7467666078125 0.46757315625 0.8456919453125 0.4770609046875 0.8200308749999999 0.4086933390625
0 0.7006509859375 0.329822553125 0.61069824375 0.3289585546875 0.6162297203125 0.3934462609375 0.710692328125 0.3962367625 0.7006509859375 0.329822553125
0 0.7921383828125 0.3367988359375 0.7036886546875001 0.32965598281249997 0.7207336140625 0.39651583125 0.8133366656250001 0.4026549515625 0.7921383828125 0.3367988359375
0 0.24197824843750002 0.5369414328125 0.2732178453125 0.4515517359375 0.2735897390625 0.4515517359375 0.16240132812500002 0.448729971875 0.1623916640625 0.447365965625 0.1207388734375 0.5344299875 0.24197824843750002 0.5369414328125
0 0.38813491875 0.45545845781249994 0.2777094390625 0.4546581109375 0.252019534375 0.5397319453125 0.37400271093750004 0.5405691078125 0.38813491875 0.45545845781249994
0 0.498961071875 0.459644228125 0.391157740625 0.45919139375 0.376977921875 0.5408481546874999 0.4982172828125 0.5419643640625 0.498961071875 0.459644228125
0 0.6234409796875 0.4647974875 0.5152598609375 0.46106970625 0.5167056921875 0.5471176359375 0.6338541875 0.5510243375 0.6234409796875 0.4647974875
0 0.7346390265625 0.4728899796875 0.62731330625 0.46943884375 0.6398045531250001 0.55381485 0.7610439421875 0.5580006203125001 0.7346390265625 0.4728899796875
0 0.8522068734375001 0.477695103125 0.74232273125 0.4739721265625 0.767041790625 0.56001525 0.88902496875 0.5647591140625 0.8522068734375001 0.477695103125
0 0.24237811250000002 0.5419285546875 0.1200506125 0.53708936875 0.0638661625 0.645456596875 0.20184101875 0.6510376234375 0.24237811250000002 0.5419285546875
0 0.373658759375 0.5452771609375 0.25163204375000003 0.54301750625 0.21374183281249998 0.6541071828125 0.3524604765625 0.6546652765625 0.373658759375 0.5452771609375
0 0.49791408437499995 0.5551120234375 0.3762391953125 0.5440636484375 0.35473262499999997 0.6499894796875 0.4919636921875 0.6625467875 0.49791408437499995 0.5551120234375
0 0.628822865625 0.5559491750000001 0.50596081875 0.5489456453125 0.5042364 0.65836101875 0.6396079390625 0.6645001390624999 0.628822865625 0.5559491750000001
0 0.75976810625 0.5626464109375 0.6370411125000001 0.5579025359374999 0.6508014249999999 0.6658953953125 0.791007675 0.671197375 0.75976810625 0.5626464109375
0 0.7965861734375 0.6720345156249999 0.93473471875 0.675104096875 0.8852719921875 0.5657159703125 0.8849000984375 0.5657159703125 0.76457589375 0.5628942078125 0.7965861734375 0.6720345156249999
0 0.5231479375 0.680351890625 0.381082159375 0.6758870625 0.35133016875 0.8249004671875 0.5134785171875 0.83048149375 0.5231479375 0.680351890625
0 0.6759243328125 0.6864910109375 0.5316271343750001 0.6800728328125001 0.529767634375 0.832323978125 0.6908003296875 0.8379050046875 0.6759243328125 0.6864910109375