0 0.5464668015624999 1 0.5546950296875 0.998893278125 0.5439362421875 0.8941091421875 0.355714534375 0.9203883562499999 0.36275051875000003 1 0.5464668015624999 1
0 0.324815896875 0.731014615625 0.34961865937500003 0.91820366875 0.546636596875 0.8870061265625001 0.5280642 0.6979000359375 0.324815896875 0.731014615625
0 0.2888566140625 0.542974703125 0.3195965015625 0.72402033125 0.5120574265625 0.6872266015624999 0.47774771562499996 0.5050514703125 0.2888566140625 0.542974703125
0 0.270323246875 0.3302592359375 0.2957473640625 0.5209919281250001 0.495739003125 0.4973211828125 0.469571634375 0.30538543281249997 0.270323246875 0.3302592359375
0 0.24986245468749999 0.143332928125 0.270905959375 0.3281230921875 0.47060671093749995 0.2965806875 0.4460034890625 0.1111742953125 0.24986245468749999 0.143332928125
0 0.75810725625 0.9715337140625 0.7425300203125 0.8573067421875 0.5468559421875 0.88747678125 0.562789778125 0.997804509375 0.75810725625 0.9715337140625
0 0.528952909375 0.686726746875 0.551051953125 0.882684075 0.754002915625 0.8509494296875 0.7278356078125 0.6590135265625 0.528952909375 0.686726746875
0 0.5070293109375 0.4884432078125 0.5344755 0.6734670656249999 0.72933764375 0.648220409375 0.7027033687500001 0.4582730265625 0.5070293109375 0.4884432078125
0 0.48406431875000006 0.303199996875 0.50197735 0.48482716875 0.6969906046875 0.45749929843750003 0.67630663125 0.2744542890625 0.48406431875000006 0.303199996875
0 0.46106426718750004 0.102172709375 0.479418275 0.2844288953125 0.674314846875 0.24776279687499997 0.65541813125 0.06736592500000001 0.46106426718750004 0.102172709375
0 0.9757820875000001 0.9422557859375 0.9620918093749999 0.839027325 0.76440748125 0.870430640625 0.7782105406250001 0.9688297609375001 0.9757820875000001 0.9422557859375
0 0.7370418140624999 0.6748047125000001 0.76365285625 0.8637185515624999 0.9607715859375 0.8343907250000001 0.9360257375 0.642263778125 0.7370418140624999 0.6748047125000001
0 0.7080707921875 0.46110076875 0.7314750359375 0.64896536875 0.92964768125 0.615199434375 0.9062220453125001 0.427709009375 0.7080707921875 0.46110076875
0 0.6847394671875 0.261754071875 0.7116577796875 0.4530132828125 0.9095249828125 0.4183096234375 0.884779125 0.226182603125 0.6847394671875 0.261754071875
0 0.79529233125 0.033861859375 0.6596073109375 0.061013559375000005 0.6854656109375 0.2552703078125 0.8842709546874999 0.2166226859375 0.8569052875000001 0.0209967578125 0.79529233125 0.033861859375
0 0.969348859375 0.8348262249999999 0.99038375 0.832236328125 0.9927060078125001 0.6326619609375 0.9432862609375 0.6398482859375 0.969348859375 0.8348262249999999
0 0.9136433593750001 0.4359497890625 0.9397049421875 0.629552909375 0.9928342625000001 0.621639759375 0.9945888093749999 0.470854428125 0.98854936875 0.42396416718749996 0.9136433593750001 0.4359497890625
0 0.9615805671875 0.21457819374999998 0.8902047 0.2277540328125 0.9164408484375001 0.42404805156250003 0.9871169609375 0.41284293749999995 0.9615805671875 0.21457819374999998
0 0.935491909375 0.0120256671875 0.8611711109375 0.0285548796875 0.88862460625 0.224464090625 0.9610464890625 0.21043160625000001 0.935491909375 0.0120256671875