0 0.238618925 0.1794607015625 0.1258634015625 0.183865446875 0.1372023234375 0.3015597390625 0.24033786875000002 0.295540765625 0.238618925 0.1794607015625
0 0.3579569078125 0.1856937171875 0.24441450781250001 0.1811618765625 0.2416429140625 0.296614671875 0.358529875 0.2996241421875 0.3579569078125 0.1856937171875
0 0.47312492500000003 0.18182437499999998 0.359744921875 0.182236384375 0.3625406828125 0.3017737734375 0.4765628109375 0.3052131953125 0.47312492500000003 0.18182437499999998
0 0.5879042546875 0.1748437890625 0.4777049390625 0.1792565453125 0.4841956984375 0.29651289062499997 0.5953529078125 0.2900639984375 0.5879042546875 0.1748437890625
0 0.715973015625 0.1801145421875 0.6004344859375 0.18062462343750002 0.5985130890625 0.30135375625 0.7148270390625 0.30049386875 0.715973015625 0.1801145421875
0 0.828849121875 0.1822641734375 0.7171975765624999 0.18062462343750002 0.719983825 0.30178364375 0.832287009375 0.30135375625 0.828849121875 0.1822641734375
0 0.2430641734375 0.29799881093749997 0.1305167671875 0.30150665781249997 0.13591781875 0.4218175421875 0.248220959375 0.41751828125 0.2430641734375 0.29799881093749997
0 0.36224304375 0.301868153125 0.24993985937500002 0.3035878640625 0.24879392656250002 0.4213876234375 0.364534909375 0.42052778437500005 0.36224304375 0.301868153125
0 0.48314081406250003 0.30659733437500003 0.3647592890625 0.304730178125 0.3673997859375 0.42783651562499997 0.48371382343749997 0.42697667656249993 0.48314081406250003 0.30659733437500003
0 0.60289260625 0.30874696562500004 0.490589509375 0.31089659531249997 0.49001649843750006 0.42869638749999994 0.605184559375 0.42740659531249997 0.60289260625 0.30874696562500004
0 0.71496755625 0.3092786828125 0.6054488515625 0.3060199703125 0.6061022578124999 0.4240690046875 0.7166864984375 0.4257886828125 0.71496755625 0.3092786828125
0 0.8364382921875 0.310998378125 0.7265099703125 0.3079537 0.7327298234375 0.42664852187499996 0.841595121875 0.42922810624999996 0.8364382921875 0.310998378125
0 0.23579500000000003 0.42952168281249997 0.118339021875 0.4293729875 0.1189080625 0.5520506390625 0.232930125 0.550330928125 0.23579500000000003 0.42952168281249997
0 0.3549738703125 0.43253116875000003 0.2403788203125 0.43382094374999997 0.24324369687499997 0.552910478125 0.357838746875 0.5524805578125 0.3549738703125 0.43253116875000003
0 0.47357973124999997 0.431241378125 0.35902858437499996 0.432596509375 0.3607036234375 0.5520506390625 0.4770175734375 0.5520506390625 0.47357973124999997 0.431241378125
0 0.6030721734375 0.4303815375 0.48940209843750004 0.4299102421875 0.49363386406250004 0.550330928125 0.6070829828125001 0.550760846875 0.6030721734375 0.4303815375
0 0.7235693203125 0.43177554687499997 0.6075978656250001 0.43313376249999996 0.6124121125 0.553444646875 0.72872610625 0.553444646875 0.7235693203125 0.43177554687499997
0 0.7273696359375 0.43270387499999996 0.7344558140624999 0.5538746328124999 0.853061675 0.552584840625 0.850337359375 0.5149641093749999 0.84504005625 0.43220551562500004 0.7273696359375 0.43270387499999996
0 0.1194360546875 0.55669919375 0.113492684375 0.6803736046875 0.22989842187499998 0.6817121875 0.23391242031249998 0.5575567328125001 0.1194360546875 0.55669919375
0 0.3579001609375 0.556887434375 0.24266374062499999 0.5583719687500001 0.2406024046875 0.686062659375 0.3570081765625 0.682046859375 0.3579001609375 0.556887434375
0 0.47787387031249995 0.5565527828125 0.359757921875 0.5571173875000001 0.35834611875 0.683050796875 0.47921188125 0.6813775421875 0.47787387031249995 0.5565527828125
0 0.6015849453125 0.5545424890625 0.4842872234375 0.5552117796875 0.48607122656249996 0.6810404953125 0.604706959375 0.679367240625 0.6015849453125 0.5545424890625
0 0.7273566890625001 0.55655038125 0.6084436609375 0.5571173875000001 0.61139694375 0.682379090625 0.7336006484375 0.6840523578125 0.7273566890625001 0.55655038125
0 0.8482224515624999 0.5545424890625 0.72944098125 0.5558628078125001 0.7367226953125 0.6817097999999999 0.8589264 0.6797018875 0.8482224515624999 0.5545424890625
0 0.5047802156250001 0.7025071171875 0.3848495328125 0.7005577609375 0.38034648125000003 0.8316823484375 0.5003202250000001 0.8323516390625001 0.5047802156250001 0.7025071171875
0 0.6309979171875 0.7028417640625 0.5097499937500001 0.7001395671874999 0.5083482203125 0.83402489375 0.6318899703125 0.8356981484375 0.6309979171875 0.7028417640625