0 0.3629063171875 0.3281044375 0.350805990625 0.1785083953125 0.19320428437499998 0.200189853125 0.20567028281250002 0.35431373125 0.3629063171875 0.3281044375
0 0.23962231250000002 0.51417874375 0.393227578125 0.48308149218749996 0.3707496546875 0.33203511093750004 0.212272359375 0.364893396875 0.23962231250000002 0.51417874375
0 0.2567239921875 0.6778727453125 0.424919440625 0.6472686984375 0.3965506890625 0.495656678125 0.23382178437499998 0.5218906734375001 0.2567239921875 0.6778727453125
0 0.2651264125 0.8416394515625001 0.43722677968749996 0.8177652078125 0.4184131375 0.6620775562500001 0.2546445953125 0.6861954640625 0.2651264125 0.8416394515625001
0 0.44561835 0.8253798874999999 0.282102453125 0.8585156703125 0.3002159671875 0.9878897671875 0.45877728281249996 0.9823526828125001 0.4672402765625 0.9804295203125 0.44561835 0.8253798874999999
0 0.5364444171875 0.2943820109375 0.5162266375 0.1390132953125 0.35532555625 0.16811040625 0.37667412968749997 0.32307149375 0.5364444171875 0.2943820109375
0 0.5687181359375 0.4527239703125 0.5454178421875 0.2961514421875 0.3805790171875 0.3298014484375 0.40305693906249995 0.48084783125 0.5687181359375 0.4527239703125
0 0.599279890625 0.619072278125 0.5754313625 0.45881575 0.40433284062499997 0.49742789062500004 0.433585128125 0.6567253765625 0.599279890625 0.619072278125
0 0.6174780828124999 0.7901345671875 0.5964379265625 0.6292397078125 0.43880964687499996 0.668153084375 0.458563784375 0.8148209453125 0.6174780828124999 0.7901345671875
0 0.638277734375 0.939658178125 0.6154920875000001 0.7962987515625 0.45794834531250006 0.8301952921875 0.4835423671875 0.9729163843749999 0.638277734375 0.939658178125
0 0.72439936875 0.23072291093750003 0.7058599828125 0.07687708125 0.531183215625 0.118624659375 0.5550402171875 0.2730173046875 0.72439936875 0.23072291093750003
0 0.7490366484375001 0.40603483437500004 0.7274482609375 0.2414559734375 0.5614651328125 0.28554152187500004 0.580841225 0.436638878125 0.7490366484375001 0.40603483437500004
0 0.7675425546875 0.5694097375 0.748454934375 0.4118799078125 0.5847692953125 0.4421400453125 0.6052380078125 0.600579553125 0.7675425546875 0.5694097375
0 0.7963588359375 0.7532936218749999 0.7750110203125 0.6000861375000001 0.6065790359375 0.62526694375 0.6278892953125 0.7820556609375 0.7963588359375 0.7532936218749999
0 0.661898940625 0.9444243437500001 0.8226534578125 0.9078938859375001 0.8047504046875 0.7609082984375 0.63300876875 0.7906783921875 0.655094440625 0.9453582968750001 0.661898940625 0.9444243437500001
0 0.7364553609375 0.233696140625 0.9111570796875 0.1882833875 0.891828728125 0.019382212500000003 0.7112357671875 0.07294724687500001 0.7364553609375 0.233696140625
0 0.9354036484374999 0.3629852953125 0.9150205031249999 0.197863871875 0.7366839578125 0.241647503125 0.75637735 0.4048891296875 0.9354036484374999 0.3629852953125
0 0.9575662546875 0.5338085390625 0.9356673421874999 0.3647572625 0.7578134484375 0.4070855375 0.781438871875 0.5701687015625 0.9575662546875 0.5338085390625
0 0.7799319484375 0.5791694781250001 0.8027781140625001 0.744842778125 0.9650910046875 0.7145893562500001 0.9694472640624999 0.621058740625 0.9587860625 0.54513325 0.7799319484375 0.5791694781250001
0 0.8300738531249999 0.9062076453125 0.957515084375 0.8772474234375001 0.9648096359375 0.7206304671875 0.807533821875 0.7511927890625001 0.8300738531249999 0.9062076453125