0 0.8127531265625001 0.8107055015625001 0.6557731390625 0.8436886843750001 0.6625682125 0.9451206640625 0.8074926296875 0.9144600687500001 0.8127531265625001 0.8107055015625001
0 0.65695634375 0.8486950375 0.49497535312499996 0.8712857640625 0.5023878171875 0.9591786375 0.651313475 0.9469091640625 0.65695634375 0.8486950375
0 0.48700467031250005 0.8725547468749999 0.3313949640625 0.8951846234374999 0.34699769062499997 0.9842031046875 0.47527814687500003 0.97673161875 0.4967164484375 0.9728684953125001 0.48700467031250005 0.8725547468749999
0 0.16132324375 0.9319957625 0.1844966453125 0.9936677125 0.3396208421875 0.9846327562500001 0.3177249140625 0.8938735812499999 0.16132324375 0.9319957625
0 0.8393027125 0.6852076546875 0.664069503125 0.7217143296875 0.6626397749999999 0.8421831125000001 0.8216495140625 0.8097122828125001 0.8393027125 0.6852076546875
0 0.659149625 0.7170485984375 0.48344560468750003 0.7488714375 0.4925540953125 0.8708592656249999 0.650355875 0.838842896875 0.659149625 0.7170485984375
0 0.4758241390625 0.74623415 0.299070978125 0.7682342015625 0.32046514843749996 0.893751475 0.48248666093750003 0.874024025 0.4758241390625 0.74623415
0 0.2826414453125 0.7795803734375 0.10957203281250001 0.811782990625 0.148519484375 0.9200477453125 0.308484803125 0.8905040890624999 0.2826414453125 0.7795803734375
0 0.8661373703124999 0.6714685765625 0.9003212390625001 0.5146170453125001 0.7021705765624999 0.5537550890625 0.6842772421875 0.704162503125 0.6836723953125 0.7042951203125 0.86559588125 0.6692473796875 0.8661373703124999 0.6714685765625
0 0.6847638859375 0.55278460625 0.48604888125 0.5949185796875 0.495871284375 0.7387703625 0.6757747671875001 0.7006978312500001 0.6847638859375 0.55278460625
0 0.4811024640625 0.5955244296875 0.283489634375 0.6369380453125 0.3140112015625 0.7714642765625 0.489516090625 0.7337600281250001 0.4811024640625 0.5955244296875
0 0.0713516203125 0.6683262359375 0.0945316859375 0.766405509375 0.10957184843750001 0.8074492 0.286953534375 0.7749515453125 0.25143386875 0.6351262453125 0.0713516203125 0.6683262359375
0 0.9500219859374999 0.3132560078125 0.7234696859375 0.35335557500000003 0.6995978968750001 0.5457638765625 0.90041553125 0.5100342625 0.9500219859374999 0.3132560078125
0 0.7029311125000001 0.3525930859375 0.4771052703125 0.40115010156249997 0.4847935078125 0.587117271875 0.6841276374999999 0.5472878 0.7029311125000001 0.3525930859375
0 0.4752122109375 0.40958639999999996 0.2471805125 0.43804268124999995 0.2789148359375 0.61538659375 0.4810644734375 0.59001665 0.4752122109375 0.40958639999999996
0 0.26820460156250003 0.628313196875 0.228833746875 0.4492459734375 0.0365470046875 0.48230654375000004 0.0408695640625 0.5393508515625001 0.06940921875 0.6601075671875 0.26820460156250003 0.628313196875
0 0.4133244484375 0.1230999421875 0.1474566046875 0.1718198078125 0.189599559375 0.42012358125000004 0.42237504687499994 0.376744709375 0.4133244484375 0.1230999421875
0 0.12025392812499999 0.17462350625 0.0146959484375 0.19394071875000002 0.0339578390625 0.4481376328125 0.1759166375 0.42360240625 0.12025392812499999 0.17462350625