0 0.7773540570766038 0.9919816186106214 0.17285961124870503 0.016036762778757208
0 0.805539023163873 0.9318828380803253 0.1804580955329392 0.12635886137453198
0 0.4193082706826736 0.9359419012886239 0.27551803846084477 0.12811619742275226
0 0.4504384543049541 0.8380897359780475 0.25931084160399787 0.1460782191310198
0 0.4735378141059171 0.7288751882620396 0.2738827638537389 0.1577527035271878
0 0.5048499342459623 0.6114763263216805 0.24986306699689198 0.14402439620024127
0 0.5391778924753486 0.49658498869158085 0.2561130669968922 0.14435194482076028
0 0.5733603014905233 0.3848186510614814 0.26301803846084476 0.15874199344127932
0 0.598167710505698 0.27256099050060323 0.2709033130679506 0.1607139292169281
0 0.6217764925564019 0.15240894278459535 0.2738827638537389 0.15775270352718757
0 0.10051996091998272 0.8570046737898611 0.20103992183996544 0.14838434757972224
0 0.11504053329355823 0.7419938274533343 0.23008106658711647 0.15898765490666858
0 0.12882480128338092 0.631708102668105 0.25764960256676184 0.14599633197589004
0 0.16026948842257271 0.5104029907277459 0.2757363622821623 0.16408459068231734
0 0.18418648552708858 0.4004481365893029 0.25796666542531543 0.15068383197589003
0 0.22636333106002787 0.28518498473485204 0.2709033130679506 0.1607139292169281
0 0.9405756883797916 0.25213114031888917 0.10574919396136266 0.12867827792830414
0 0.9342635682397464 0.3708401967413243 0.10687504631872784 0.11938516508343389
0 0.9058046203494421 0.477424389414378 0.15433224317557476 0.13434177973732647
0 0.8902630494236087 0.5925171229060346 0.1742080955329392 0.1260313127540133
0 0.8699612038906693 0.7089266949323019 0.16973891935425697 0.13047315128862386
0 0.8358151821790477 0.8199117825624015 0.17762419396136267 0.13244508706427274