0 0.13807325934913564 0.1211805739539499 0.16967724801081768 0.08558037985173242
0 0.1455777713637713 0.22921132876327333 0.16335452267663592 0.07911212504240898
0 0.15068398937777067 0.33247273801910043 0.166606792011454 0.09015875244707079
0 0.1604686167249973 0.4351165883819201 0.166606792011454 0.09015875244707065
0 0.47073121801399936 0.11952139255042218 0.22138519867918127 0.09988098202865067
0 0.4750652766947714 0.22353676995508387 0.22451019867918126 0.0999901094333124
0 0.4801533133752254 0.325235679210911 0.22612724267981754 0.10473217313564324
0 0.488375440722452 0.42782496587139984 0.21502611067790856 0.09028772721932725
0 0.49573450206872416 0.5233557206807233 0.22607269867918128 0.10004467313564333
0 0.5024214014162689 0.6282341936388813 0.20881247334499947 0.09319447241000382
0 0.5059651194302683 0.7314410391923776 0.20881247334499947 0.09319447241000382
0 0.5102900874442676 0.8346751665970393 0.21518974267981755 0.10435022721932725
0 0.5208196021244034 0.9342212988110244 0.224546561346272 0.10311510943331256
0 0.5286690121339485 0.9938393131541767 0.21905908267027244 0.012321373691646542
0 0.7955965000397709 0.3206325470817439 0.22599997334499947 0.09379467313564324
0 0.8038186273869975 0.42322183374223277 0.221421561346272 0.10300598202865067
0 0.8065174607335879 0.5209326474445637 0.21506247334499945 0.09341272721932725
0 0.8140583354153144 0.6320884022538871 0.22458292401336308 0.10624010943331239
0 0.8214173967615865 0.7276191570632105 0.21201019867918128 0.09955359981466554
0 0.8218724774426768 0.833841875212045 0.22143974267981753 0.10456848202865068
0 0.17172866880167562 0.9954588329396244 0.2141897693348181 0.009082334120751056
0 0.15694800612663054 0.937914206167935 0.20726815467854492 0.0947024087076727
0 0.16753042278004024 0.8406671839354164 0.21515338001272669 0.10122522721932725
0 0.1530673860995863 0.7386408924656042 0.2197681546785449 0.0951389183263199
0 0.14327366808558697 0.6352157921027844 0.20576019867918127 0.09933534500534211
0 0.13975722207190577 0.5343526965492882 0.21513519867918124 0.09966272721932726