0 0.04193698493905755 0.14167896077238853 0.02151290145127883 0.03449317466803503
0 0.058343234939057555 0.14177440954272452 0.01833333774894798 0.03291249394987581
0 0.07246029864138841 0.14029372277444108 0.018333337748947985 0.03291249394987581
0 0.08970236234371927 0.13883121672431686 0.018333337748947985 0.03291249394987581
0 0.10613589419488467 0.13814541549465287 0.018333337748947975 0.03291249394987581
0 0.12184273974838096 0.13589256908544903 0.01827877404661713 0.03134999394987581
0 0.13905752159954637 0.13521131303532483 0.01827877404661713 0.03134999394987581
0 0.15473708530187724 0.133739716626121 0.01827877404661713 0.03134999394987581
0 0.1718973034507118 0.1346209605759968 0.01827877404661713 0.03134999394987581
0 0.04486105517999235 0.4159704336450255 0.01827877404661713 0.03134999394987581
0 0.06051333703115778 0.41528008723582166 0.018224210344286274 0.029787493949875808
0 0.07697415073348864 0.41381303600615765 0.01822421034428625 0.029787493949875808
0 0.09340768258465407 0.4131272347764936 0.018224210344286274 0.029787493949875808
0 0.10986849628698492 0.41166018354682954 0.018224210344286274 0.029787493949875808
0 0.12627474628698493 0.4117556323171656 0.01827877404661713 0.03134999394987581
0 0.14429805998931577 0.4102976714465812 0.01827877404661713 0.03134999394987581
0 0.1591690918404812 0.40960277985783755 0.01827877404661713 0.03134999394987581
0 0.17562990554281205 0.4081357286281736 0.01827877404661713 0.03134999394987581
0 0.007341224370952427 0.6907977168225127 0.014682448741904854 0.029787493949875808
0 0.019687407272092578 0.6893170300542293 0.018224210344286264 0.029787493949875808
0 0.03765615727209258 0.6894215691836448 0.01822421034428625 0.029787493949875808
0 0.05411697097442343 0.6879545179539809 0.018224210344286267 0.029787493949875808
0 0.06979653467675428 0.686482921544777 0.018169646641955417 0.02822499394987581
0 0.08625734837908514 0.685015870315113 0.018224210344286274 0.029787493949875808
0 0.11985109837908517 0.6852113130353248 0.018224210344286274 0.029787493949875808
0 0.135530662081416 0.683739716626121 0.018224210344286274 0.029787493949875808
0 0.15277272578374684 0.6822772105759969 0.018224210344286274 0.029787493949875808
0 0.16842500763491228 0.6815868641667929 0.01827877404661713 0.03134999394987581
0 0.1848312576349123 0.681682312937129 0.018224210344286274 0.029787493949875808
0 0.20131935318840855 0.679434011707465 0.018224210344286274 0.029787493949875808
0 0.21772560318840856 0.6795294604778009 0.018224210344286184 0.029787493949875808
0 0.234940385039574 0.6788482044276767 0.018224210344286184 0.029787493949875808
0 0.2513739168907394 0.6781624031980127 0.018169646641955417 0.02822499394987581
0 0.26624494874190485 0.6774675116092691 0.018224210344286184 0.029787493949875808
0 0.28270576244423573 0.676000460379605 0.018224210344286184 0.029787493949875808
0 0.2991665761465666 0.6745334091499411 0.018224210344286184 0.029787493949875808
0 0.31481885799773196 0.6738430627407372 0.018224210344286184 0.029787493949875808
0 0.04478657787584709 0.9551420179539809 0.01822421034428625 0.029787493949875808
0 0.061220109727012514 0.9544562167243169 0.01822421034428625 0.029787493949875808
0 0.07689967342934337 0.9529846203151131 0.018224210344286274 0.029787493949875808
0 0.09333320528050879 0.9522988190854491 0.018224210344286274 0.029787493949875808
0 0.10898548713167422 0.9516084726762453 0.01827877404661713 0.03134999394987581
0 0.12698151898283966 0.9509317618056607 0.018224210344286274 0.029787493949875808
0 0.14341505083400508 0.9502459605759969 0.019786710344286272 0.02979658430895533
0 0.1606298326851705 0.9495647045258726 0.018224210344286274 0.029787493949875808
0 0.17630939638750137 0.9480931081166688 0.018224210344286274 0.029787493949875808
0 0.19196167823866678 0.9474027617074651 0.018224210344286274 0.029787493949875454
0 0.20842249194099766 0.9459357104778009 0.018224210344286274 0.029787493949875808
0 0.22404749194099766 0.946026614068597 0.019786710344286272 0.02979658430895569
0 0.5859424452833438 0.11515036055255568 0.016770837748947897 0.03290340359079619
0 0.6031572271345093 0.11446910450243149 0.0183333377489479 0.03291249394987581
0 0.6187822271345093 0.11456000809322767 0.016770837748947897 0.0329034035907962
0 0.6344890726880055 0.11230716168402384 0.0183333377489479 0.03291249394987581
0 0.650922604539171 0.11162136045435982 0.0183333377489479 0.03291249394987581
0 0.6673834182415017 0.1101543092246958 0.0183333377489479 0.0329124939498758
0 0.6830357000926672 0.109463962815492 0.0183333377489479 0.0329124939498758
0 0.6994692319438327 0.10877816158582795 0.0183333377489479 0.0329124939498758
0 0.7167112956461634 0.10731565553570377 0.0183333377489479 0.03291249394987581
0 0.45816958703115773 0.4175935836215844 0.01822421034428636 0.029787493949875808
0 0.4730406188823232 0.41689869203284075 0.01671627404661713 0.03134090359079629
0 0.48872018258465405 0.4154270956236369 0.0183333377489479 0.03291249394987581
0 0.5043724644358194 0.41473674921443304 0.01827877404661713 0.03134999394987581
0 0.5208059962869849 0.41405094798476905 0.018224210344286184 0.029787493949875808
0 0.5380480599893158 0.41258844193464483 0.018224210344286184 0.029787493949875808
0 0.5537003418404811 0.41189809552544104 0.016661710344286363 0.02977840359079611
0 0.5701338736916466 0.411212294295777 0.018224210344286184 0.029787493949875808
0 0.6014384373939775 0.4098316014773694 0.01984127404661713 0.03135908430895533
0 0.6178719692451429 0.40914580024770536 0.01822421034428636 0.029787493949875808
0 0.6343327829474739 0.4076787490180413 0.01822421034428636 0.029787493949875808
0 0.6499850647986392 0.4069884026088375 0.018224210344286184 0.029787493949875808
0 0.6664185966498046 0.40630260137917357 0.01822421034428636 0.029787493949875808
0 0.6828794103521355 0.4048355501495095 0.01822421034428636 0.029787493949875808
0 0.6985044103521355 0.4049264537403057 0.01822421034428636 0.029787493949875808
0 0.7141839740544663 0.4034548573311018 0.01822421034428636 0.029787493949875808
0 0.7305902240544663 0.4035503061014379 0.01827877404661713 0.03134999394987581
0 0.7462697877567972 0.40207870969223397 0.01827877404661713 0.03134999394987581
0 0.7634845696079626 0.40139745364210977 0.01822421034428636 0.029787493949875808
0 0.780753915161459 0.3991536975919856 0.01822421034428636 0.029787493949875808
0 0.7955976651614589 0.39924005600324197 0.018224210344286184 0.029787493949875808
0 0.8104686970126244 0.3985451644144983 0.01822421034428636 0.029787493949875808
0 0.8261482607149553 0.39707356800529453 0.016661710344286006 0.0297784035907962
0 0.8433630425661207 0.39639231195517033 0.018333337748948252 0.03291249394987581
0 0.8590426062684514 0.3949207155459665 0.01827877404661713 0.03134999394987581
0 0.44638631652791966 0.6878924480829649 0.0183333377489479 0.03291249394987581
0 0.4628198483790852 0.687206646853301 0.016770837748947897 0.032903403590796285
0 0.478499412081416 0.6857350504440971 0.0183333377489479 0.03291249394987581
0 0.49493294393258136 0.6850492492144331 0.0183333377489479 0.03291249394987581
0 0.5113664757837469 0.684363447984769 0.0183333377489479 0.03291249394987581
0 0.5262375076349123 0.6836685563960254 0.0183333377489479 0.03291249394987581
0 0.5434250076349123 0.6837685503459012 0.0183333377489479 0.03291249394987581
0 0.5583506031884087 0.6815111587571575 0.016770837748947897 0.032903403590796285
0 0.5739756031884087 0.6816020623479538 0.0183333377489479 0.03291249394987581
0 0.5912176668907394 0.6801395562978295 0.01827877404661713 0.03134999394987581
0 0.6068426668907394 0.6802304598886257 0.0183333377489479 0.03291249394987581
0 0.6233034805930704 0.6787634086589618 0.0183333377489479 0.03291249394987581
0 0.6381745124442357 0.6780685170702181 0.0183333377489479 0.03291249394987581
0 0.6546080442954011 0.6773827158405541 0.0183333377489479 0.03291249394987581
0 0.670287607997732 0.6759111194313503 0.0183333377489479 0.03291249394987581
0 0.6867211398488975 0.6752253182016863 0.0183333377489479 0.03291249394987581
0 0.7016194535512282 0.6737491766129426 0.0183333377489479 0.03291249394987581
0 0.7344046717000628 0.6747213241536146 0.0183333377489479 0.03291249394987581
0 0.7493029854023938 0.673245182564871 0.0183333377489479 0.03291249394987581
0 0.7665450491047245 0.6717826765147468 0.0183333377489479 0.03291249394987581
0 0.7822246128070555 0.670311080105543 0.0183333377489479 0.03291249394987581
0 0.7986581446582208 0.669625278875879 0.0183333377489479 0.03291249394987581
0 0.8150916765093863 0.6689394776462149 0.0183333377489479 0.03291249394987581
0 0.8307712402117172 0.6674678812370111 0.018333337748948252 0.03291249394987581
0 0.847232053914048 0.666000830007347 0.0183333377489479 0.03291249394987581
0 0.8628843357652134 0.6653104835981433 0.01827877404661713 0.03134999394987581
0 0.8800718357652133 0.6654104775480191 0.018333337748948252 0.03291249394987581
0 0.8949701494675443 0.6639343359592754 0.01827877404661713 0.03134999394987581
0 0.9708704836731133 0.3924456762201592 0.01838790145127902 0.03447499394987581
0 0.5645732882201333 0.9284725171684141 0.01816964664195524 0.028224993949875453
0 0.5802255700712988 0.9277821707592102 0.018169646641955417 0.02822499394987581
0 0.5958778519224642 0.9270918243500063 0.01816964664195524 0.02822499394987581
0 0.611557415624795 0.9256202279408026 0.01822421034428636 0.029787493949875808
0 0.6279909474759605 0.9249344267111385 0.018169646641955417 0.02822499394987581
0 0.6436159474759605 0.9250253303019347 0.018224210344286184 0.029787493949875808
0 0.6600767611782914 0.9235582790722706 0.018224210344286184 0.029787493949875808
0 0.6764830111782913 0.9236537278426067 0.018224210344286184 0.029787493949875808
0 0.6913813248806222 0.922177586253863 0.018224210344286184 0.029787493949875808
0 0.7078148567317877 0.921491785024199 0.01822421034428636 0.029787493949875808
0 0.7234944204341185 0.9200201886149951 0.01822421034428636 0.029787493949875808
0 0.7383654522852839 0.9193252970262515 0.018224210344286184 0.029787493949875808
0 0.7555802341364494 0.9186440409761273 0.01822421034428636 0.029787493949875808
0 0.7720410478387801 0.9171769897464633 0.01822421034428636 0.029787493949875808
0 0.7876933296899455 0.9164866433372595 0.01822421034428636 0.029787493949875808