0 0.5803889371303859 0.9450703794886517 0.05400582654882306 0.10963707995351371
0 0.6201507999752561 0.9462940259020259 0.05351450361804453 0.1002620799535137
0 0.6648048807079506 0.9500290821348141 0.05367827792830404 0.09994183573037177
0 0.7079816706220424 0.9438735022689139 0.0537601650834338 0.1049495799535137
0 0.7541163641996074 0.947877941256935 0.054913229307785194 0.09724634059717552
0 0.7963857513547371 0.9507390943295224 0.05359639077317446 0.09852181134095517
0 0.8407122834669127 0.9507608736626179 0.05195200361804453 0.09847825267476437
0 0.5160487189038772 0.7125038979259836 0.05063516508343398 0.10473105866619044
0 0.561402162481442 0.7164537065921739 0.050717052238563556 0.10629355866619025
0 0.6035487189038772 0.7186224939710406 0.05335072930778502 0.0971370799535137
0 0.6445864767057933 0.7144866510280766 0.05227955223856355 0.10640281930985207
0 0.8454518566248339 0.5370493379224108 0.0505532779283044 0.10316855866619026
0 0.8920811951594445 0.5356396572322629 0.0505532779283044 0.10316855866619026
0 0.9335283887370094 0.5393163142892989 0.05038950361804453 0.10004355866619044
0 0.9755488345200813 0.5385239926336582 0.048902330959837315 0.1002620799535137
0 0.559554220940042 0.3395852039942838 0.048827003618044526 0.09993429802252862
0 0.6051975915868285 0.33421464298230497 0.053923939393693485 0.1080745799535138
0 0.643601672319523 0.33923527875201753 0.05047139077317446 0.10160605866619025
0 0.7549032632289829 0.19056246799214022 0.05227955223856355 0.10640281930985203
0 0.7954054324962885 0.19105949472734532 0.05227955223856355 0.10640281930985207