0 0.17265625 0.41484375 0.03125 0.05234375
0 0.20546875 0.415625 0.03203125 0.0515625
0 0.23828125 0.415625 0.03046875 0.053125
0 0.2703125 0.41640625 0.03203125 0.053125
0 0.3046875 0.4171875 0.0328125 0.05546875
0 0.3390625 0.4171875 0.03125 0.05625
0 0.37109375 0.4171875 0.03125 0.05625
0 0.1640625 0.48359375 0.028125 0.0515625
0 0.196875 0.4828125 0.03046875 0.05234375
0 0.2328125 0.4828125 0.03203125 0.05078125
0 0.2640625 0.4828125 0.03125 0.053125
0 0.33046875 0.49140625 0.0328125 0.053125
0 0.36640625 0.49296875 0.03359375 0.05390625
0 0.40078125 0.49609375 0.0328125 0.0546875
0 0.43671875 0.49765625 0.0328125 0.05546875
0 0.47109375 0.50078125 0.0328125 0.05546875
0 0.50703125 0.5046875 0.0296875 0.0546875
0 0.53984375 0.5078125 0.0328125 0.0546875
0 0.57421875 0.5109375 0.0328125 0.053125
0 0.61171875 0.5078125 0.03359375 0.0515625
0 0.64765625 0.5125 0.03828125 0.05234375
0 0.72109375 0.51328125 0.03359375 0.05390625
0 0.75859375 0.515625 0.0359375 0.053125
0 0.7984375 0.515625 0.03359375 0.05
0 0.15859375 0.55625 0.03125 0.0515625
0 0.20625 0.559375 0.06171875 0.0515625
0 0.25625 0.56328125 0.0328125 0.05078125
0 0.29296875 0.5640625 0.03359375 0.05
0 0.32734375 0.56640625 0.03203125 0.05
0 0.36171875 0.5671875 0.03125 0.04921875
0 0.39609375 0.56953125 0.034375 0.05
0 0.22734375 0.63046875 0.03359375 0.046875
0 0.2625 0.63671875 0.03203125 0.0484375
0 0.29765625 0.63828125 0.034375 0.04921875
0 0.365625 0.6453125 0.03203125 0.04921875
0 0.4 0.64765625 0.034375 0.05
0 0.4359375 0.6515625 0.03515625 0.05234375
0 0.471875 0.65390625 0.034375 0.05234375
0 0.50703125 0.65703125 0.0359375 0.053125
0 0.54296875 0.65859375 0.0375 0.05234375
0 0.5796875 0.66484375 0.034375 0.05546875
0 0.61484375 0.6671875 0.03671875 0.05234375