0 0.787869378792918 0.6903722803977771 0.03289041244111104 0.019477351823611145
0 0.786043038642131 0.6756012655801381 0.03289041244111104 0.019477351823611145
0 0.7832987474545846 0.6624109345580896 0.03261701036759259 0.016352351823611146
0 0.781404056785418 0.6484211697404507 0.03445291244111104 0.01951371941479163
0 0.7795777166346308 0.6336501549228117 0.031054510367592415 0.01631598423243048
0 0.777546324928705 0.6212228901051728 0.031054510367592415 0.01631598423243048
0 0.7761594821860197 0.6103399414919437 0.031054510367592592 0.01631598423243048
0 0.508974107774909 0.8036769398764232 0.03445291244111104 0.01951371941479172
0 0.5077923165873626 0.790450241263194 0.03289041244111104 0.019477351823611145
0 0.5066788759181959 0.7764422926499648 0.031191211404351903 0.01787848423243048
0 0.5041396362857885 0.7609082116279161 0.031054510367592415 0.01631598423243048
0 0.5006140950982422 0.7477360644014579 0.03261701036759259 0.016352351823611146
0 0.4986510539106959 0.7345275495838189 0.034316211404351905 0.01795121941479181
0 0.49675636324152916 0.72053778476618 0.031191211404351903 0.01787848423243048
0 0.49408042257236245 0.7065662037441316 0.031327912441111036 0.01944098423243048
0 0.4921173813848162 0.6933576889264925 0.031054510367592592 0.01631598423243048
0 0.48944144071564943 0.679386107904444 0.031054510367592592 0.01631598423243048
0 0.48669714952810317 0.6661957768823953 0.031327912441111036 0.01944098423243048
0 0.4848708093773161 0.6514247620647564 0.031327912441111036 0.01944098423243048
0 0.7217705273795838 0.24282709280246464 0.03289041244111104 0.019477351823611145
0 0.7191629372287968 0.22807426178041607 0.03458961347787035 0.021076219414791632
0 0.7181178470780096 0.2132850631671869 0.03458961347787035 0.021076219414791632
0 0.7153735558904634 0.2000947321451383 0.031327912441111036 0.01944098423243057
0 0.7143284657396763 0.1853055335319091 0.03289041244111104 0.019477351823611145
0 0.709757834401343 0.1573441876922216 0.03289041244111104 0.019477351823611145
0 0.7070135432137966 0.144153856670173 0.03289041244111104 0.019477351823611145
0 0.7024429118754633 0.1161925108304855 0.031327912441111036 0.01944098423243057
0 0.7051872030630095 0.1293828418525341 0.031327912441111036 0.01944098423243057
0 0.7117208755888893 0.1705527025098605 0.031327912441111036 0.01944098423243057
0 0.4281770607914357 0.2746096485576385 0.031191211404351903 0.017878484232430568
0 0.42550112012226904 0.2606380675355899 0.031327912441111036 0.01944098423243057
0 0.42360642945310234 0.24664830271795105 0.031327912441111036 0.01944098423243066
0 0.42178008930231525 0.23187728790031215 0.031327912441111036 0.01944098423243057
0 0.1455026788874545 0.40437510942305543 0.031327912441111036 0.019440984232430524
0 0.1436079882182878 0.3903853446054165 0.032890412441111086 0.019477351823611145
0 0.13903735687995442 0.36242399876572906 0.03628881451462958 0.022675087005972296
0 0.1410003980675007 0.3756325135833679 0.03458961347787035 0.021076219414791632
0 0.13642976672916735 0.34767116774368045 0.03458961347787035 0.021076219414791632
0 0.13524797554162102 0.3344444691304512 0.031327912441111085 0.01944098423243057
0 0.13264038539083395 0.3196916381084026 0.031327912441111085 0.01944098423243057
0 0.129046493684908 0.3073007408819443 0.031327912441111036 0.01944098423243057
0 0.12800140353412096 0.2925115422687152 0.03628881451462958 0.022675087005972296
0 0.12539381338333389 0.2777587112466665 0.031327912441111036 0.01944098423243057
0 0.12356747323254683 0.26298769642902764 0.03628881451462958 0.022675087005972296
0 0.1208915325633801 0.24901611540697904 0.03628881451462958 0.022675087005972296
0 0.2130368911867609 0.8355140470183677 0.031327912441111036 0.01944098423243048
0 0.21564448133754793 0.8502668780404165 0.03458961347787035 0.02107621941479181
0 0.21185509999921454 0.8222873484051387 0.03458961347787035 0.02107621941479181
0 0.20911080881166821 0.80909701738309 0.031327912441111064 0.01944098423243048
0 0.2073528191792608 0.7935447525654512 0.03302711347787035 0.021039851823611143
0 0.20467687851009408 0.7795731715434024 0.031327912441111064 0.01944098423243048
0 0.2019325873225478 0.766382840521354 0.031327912441111064 0.01944098423243048
0 0.19840704613500146 0.7532106932948957 0.031191211404351816 0.01787848423243048