0 0.9906113710640468 0.9287501258450173 0.01877725787190627 0.03820932813030105
0 0.9736803523994115 0.925751611417047 0.025840609191583753 0.038318455534962936
0 0.9547801580749378 0.9227530969890767 0.025840609191583753 0.038318455534962936
0 0.9365610842008145 0.9182193644122718 0.027603368290882457 0.0414980192372937
0 0.8985604364525678 0.9090973355563314 0.027603368290882457 0.0414980192372937
0 0.8795601125784444 0.9045363211283611 0.027603368290882457 0.0414980192372937
0 0.8597785387043212 0.8999480248492253 0.027603368290882457 0.0414980192372937
0 0.8236407796050227 0.8955680596956157 0.025840609191583753 0.038318455534962936
0 0.8047405852805486 0.8925695452676454 0.025940738741233104 0.03988095553496294
0 0.7857903261812499 0.8887897808396751 0.025840609191583753 0.038318455534962936
0 0.7667900023071266 0.8842287664117048 0.025840609191583753 0.038318455534962936
0 0.9451410356220021 0.6020412929053928 0.025840609191583753 0.038318455534962936
0 0.9270721560723529 0.5998513103285879 0.025640350092285047 0.035193455534962934
0 0.9096343321982296 0.5953448596029484 0.025840609191583753 0.038318455534962936
0 0.8890715083241062 0.5907292814726472 0.027503238741233105 0.0399355192372937
0 0.8702213787744568 0.588512017044677 0.024077850092285046 0.03513889183263199
0 0.9946289844222964 0.3000274143196046 0.01074203115540726 0.038318455534962756
0 0.981665514341086 0.2961930861893035 0.025840609191583753 0.038318455534962756
0 0.9627152552417874 0.2924133217613332 0.0241779796419344 0.03670139183263199
0 0.9445963109173133 0.28944208918452835 0.025740479641934398 0.036755955534962845
0 0.9271084222683653 0.28415438845888896 0.0241779796419344 0.03670139183263199
0 0.9057643483942421 0.2795115284774224 0.025840609191583753 0.038318455534962756
0 0.8884266540697681 0.276567577751783 0.025740479641934398 0.03675595553496276
0 0.870307709745294 0.27359634517497816 0.023977720542635694 0.03357639183263199
0 0.8521387006459955 0.2698438625981733 0.0241779796419344 0.03670139183263199
0 0.3350630197397567 0.16838050008481803 0.02740310919158375 0.03837301923729371
0 0.31528144586563345 0.16379220380568232 0.025940738741233104 0.03988095553496285
0 0.29633118676633485 0.16001243937771203 0.0273029796419344 0.036810519237293705
0 0.27581842766703624 0.15617811124741093 0.025840609191583753 0.038318455534962846
0 0.30352642966962096 0.4790798979078998 0.025840609191583753 0.038318455534962936
0 0.28223242057032233 0.47521828792643317 0.028965609191583752 0.03842758293962447
0 0.2633322262458484 0.4722197734984629 0.025740479641934398 0.036755955534962935
0 0.24360071714654968 0.46841272721932725 0.025840609191583753 0.038318455534962756
0 0.22543170804725107 0.46466024464252237 0.025840609191583753 0.038318455534962936
0 0.29333391347360854 0.794422155712448 0.025840609191583753 0.038318455534962936
0 0.2727710895994852 0.789806577582147 0.02760336829088237 0.0414980192372937
0 0.25230839527501125 0.7867534994518458 0.025840609191583753 0.038318455534962936
0 0.23418945095053725 0.7837822668750409 0.0241779796419344 0.03670139183263199
0 0.21445794185123862 0.7799752205959052 0.025740479641934398 0.036755955534962935
0 0.19628893275193998 0.7762227380191005 0.025740479641934398 0.036755955534962935
0 0.17822005320229067 0.7740327554422957 0.02397772054263574 0.03357639183263199