0 0.19765625 0.15703125 0.00859375 0.02265625
0 0.20546875 0.15703125 0.0078125 0.021875
0 0.21484375 0.15703125 0.00859375 0.02265625
0 0.2234375 0.15703125 0.00859375 0.02265625
0 0.2328125 0.15703125 0.00859375 0.02265625
0 0.24140625 0.15703125 0.0078125 0.021875
0 0.25 0.15703125 0.00859375 0.021875
0 0.165625 0.38125 0.0109375 0.02421875
0 0.17421875 0.38046875 0.009375 0.025
0 0.18359375 0.38046875 0.009375 0.02421875
0 0.20234375 0.3796875 0.009375 0.02265625
0 0.21171875 0.38046875 0.009375 0.0234375
0 0.22109375 0.3796875 0.00859375 0.0234375
0 0.2296875 0.3796875 0.009375 0.0234375
0 0.2390625 0.38046875 0.00859375 0.0234375
0 0.2484375 0.38046875 0.00859375 0.0234375
0 0.15546875 0.62421875 0.01015625 0.028125
0 0.16640625 0.62421875 0.0109375 0.02890625
0 0.17578125 0.6234375 0.01015625 0.0265625
0 0.1859375 0.6234375 0.01015625 0.02734375
0 0.20546875 0.62421875 0.01015625 0.02734375
0 0.21640625 0.62421875 0.01015625 0.02734375
0 0.225 0.625 0.01015625 0.02734375
0 0.23515625 0.62421875 0.01015625 0.028125
0 0.2453125 0.625 0.01015625 0.02734375
0 0.12265625 0.89453125 0.02421875 0.028125
0 0.1390625 0.89453125 0.01015625 0.028125
0 0.14921875 0.89453125 0.01015625 0.02734375
0 0.159375 0.89296875 0.0109375 0.0265625
0 0.16953125 0.89453125 0.01015625 0.02734375
0 0.190625 0.89453125 0.01015625 0.02578125
0 0.20078125 0.89453125 0.0109375 0.0265625
0 0.2109375 0.89453125 0.01015625 0.0265625
0 0.22109375 0.89453125 0.01015625 0.028125
0 0.23125 0.89453125 0.01015625 0.02890625
0 0.465625 0.15859375 0.00859375 0.02109375
0 0.47421875 0.15859375 0.00859375 0.02109375
0 0.49140625 0.159375 0.00859375 0.02109375
0 0.50078125 0.159375 0.00859375 0.021875
0 0.509375 0.16015625 0.00859375 0.021875
0 0.51796875 0.159375 0.0078125 0.021875
0 0.52734375 0.15859375 0.00859375 0.021875
0 0.5359375 0.15859375 0.00859375 0.021875
0 0.54453125 0.159375 0.00859375 0.021875
0 0.4921875 0.38359375 0.00859375 0.02265625
0 0.50078125 0.38359375 0.00859375 0.02265625
0 0.51015625 0.38359375 0.009375 0.02265625
0 0.51953125 0.38359375 0.0078125 0.0234375
0 0.52890625 0.384375 0.009375 0.02265625
0 0.47734375 0.628125 0.01015625 0.02734375
0 0.48671875 0.62734375 0.01015625 0.02734375
0 0.49765625 0.62734375 0.01015625 0.028125
0 0.50703125 0.62734375 0.009375 0.02734375
0 0.515625 0.6265625 0.009375 0.02890625
0 0.52578125 0.6265625 0.01015625 0.02734375
0 0.53515625 0.6265625 0.009375 0.02890625
0 0.54453125 0.62578125 0.009375 0.02890625
0 0.13984375 0.62421875 0.02109375 0.02890625
0 0.48671875 0.896875 0.01015625 0.028125
0 0.496875 0.896875 0.009375 0.028125
0 0.50703125 0.896875 0.009375 0.02734375
0 0.5171875 0.896875 0.009375 0.028125
0 0.52734375 0.89609375 0.009375 0.0265625
0 0.53828125 0.89609375 0.009375 0.028125
0 0.7734375 0.159375 0.009375 0.02421875
0 0.7828125 0.159375 0.00859375 0.02265625
0 0.79140625 0.15859375 0.00859375 0.021875
0 0.80078125 0.159375 0.009375 0.0234375
0 0.809375 0.15859375 0.0078125 0.0234375
0 0.81796875 0.15859375 0.0078125 0.021875
0 0.78515625 0.38359375 0.00859375 0.0234375
0 0.79453125 0.3828125 0.009375 0.0234375
0 0.803125 0.38203125 0.0078125 0.0234375
0 0.81171875 0.3828125 0.00859375 0.0234375
0 0.82265625 0.3828125 0.00859375 0.0234375
0 0.83203125 0.3828125 0.00859375 0.0234375
0 0.840625 0.3828125 0.009375 0.0234375
0 0.80078125 0.63125 0.01015625 0.025
0 0.8109375 0.63125 0.009375 0.0234375
0 0.8203125 0.63125 0.009375 0.02421875
0 0.83125 0.63046875 0.01015625 0.02421875
0 0.84140625 0.63203125 0.009375 0.02578125
0 0.85078125 0.63125 0.00859375 0.025
0 0.86015625 0.63125 0.009375 0.02421875