0 0.09765625 0.1859375 0.0125 0.021875
0 0.1125 0.18671875 0.0125 0.0234375
0 0.12734375 0.1859375 0.01171875 0.0234375
0 0.1421875 0.18515625 0.01171875 0.02265625
0 0.17109375 0.18515625 0.0109375 0.021875
0 0.18671875 0.1859375 0.01171875 0.02265625
0 0.20078125 0.18515625 0.0125 0.0234375
0 0.2296875 0.18515625 0.0125 0.0234375
0 0.24453125 0.184375 0.0125 0.0234375
0 0.259375 0.18515625 0.0125 0.0234375
0 0.27421875 0.184375 0.0125 0.021875
0 0.28984375 0.18515625 0.01328125 0.0234375
0 0.30390625 0.184375 0.01328125 0.0234375
0 0.32421875 0.18515625 0.01015625 0.0234375
0 0.334375 0.18515625 0.01171875 0.021875
0 0.35 0.18515625 0.009375 0.02265625
0 0.3640625 0.18515625 0.01171875 0.02265625
0 0.37421875 0.1859375 0.009375 0.025
0 0.39375 0.18515625 0.01328125 0.021875
0 0.409375 0.18515625 0.0109375 0.021875
0 0.6859375 0.17890625 0.0125 0.021875
0 0.7 0.1796875 0.0140625 0.02265625
0 0.715625 0.17890625 0.0140625 0.021875
0 0.73046875 0.178125 0.0140625 0.02265625
0 0.7453125 0.178125 0.0140625 0.021875
0 0.759375 0.178125 0.0125 0.021875
0 0.77578125 0.178125 0.01328125 0.0234375
0 0.78984375 0.178125 0.01484375 0.0234375
0 0.8046875 0.17734375 0.0125 0.02265625
0 0.71328125 0.42265625 0.0140625 0.0234375
0 0.69765625 0.42265625 0.0125 0.02421875
0 0.728125 0.42265625 0.0125 0.02421875
0 0.7421875 0.421875 0.0140625 0.0234375
0 0.7578125 0.421875 0.0125 0.02109375
0 0.77265625 0.42109375 0.0140625 0.0234375
0 0.7890625 0.42109375 0.01484375 0.0234375
0 0.66015625 0.6625 0.01328125 0.02265625
0 0.6453125 0.66171875 0.01171875 0.02265625
0 0.675 0.66171875 0.01171875 0.021875
0 0.6890625 0.6625 0.0140625 0.02265625
0 0.70390625 0.6625 0.01484375 0.02265625
0 0.71953125 0.6625 0.0140625 0.02265625
0 0.734375 0.6625 0.01328125 0.021875
0 0.7484375 0.66171875 0.01484375 0.02265625
0 0.7640625 0.6625 0.01328125 0.0234375
0 0.7796875 0.6625 0.01484375 0.0234375
0 0.79453125 0.6625 0.01484375 0.0234375
0 0.809375 0.66171875 0.01328125 0.02265625
0 0.825 0.66171875 0.01484375 0.02265625
0 0.83984375 0.66171875 0.0140625 0.021875
0 0.63359375 0.9109375 0.01328125 0.02421875
0 0.64765625 0.9109375 0.0140625 0.02421875
0 0.66328125 0.91015625 0.01328125 0.025
0 0.67734375 0.9109375 0.01484375 0.02421875
0 0.6921875 0.91015625 0.01328125 0.025
0 0.7078125 0.9109375 0.0140625 0.025
0 0.7234375 0.9109375 0.0140625 0.025
0 0.73828125 0.9109375 0.01484375 0.02421875
0 0.753125 0.9109375 0.01328125 0.02421875
0 0.20390625 0.4265625 0.01171875 0.02265625
0 0.21796875 0.4265625 0.01171875 0.0234375
0 0.23359375 0.4265625 0.0125 0.02421875
0 0.25 0.4265625 0.0109375 0.02265625
0 0.2640625 0.4265625 0.01171875 0.0234375
0 0.27890625 0.4265625 0.01171875 0.02421875
0 0.29296875 0.42578125 0.01171875 0.0234375
0 0.309375 0.4265625 0.0125 0.0234375
0 0.17265625 0.66484375 0.01171875 0.02265625
0 0.1875 0.665625 0.0125 0.02265625
0 0.20234375 0.66484375 0.01171875 0.0234375
0 0.21796875 0.665625 0.01171875 0.02265625
0 0.2484375 0.665625 0.0125 0.0234375
0 0.26328125 0.665625 0.01171875 0.021875
0 0.278125 0.665625 0.0109375 0.021875
0 0.29296875 0.66484375 0.0125 0.0234375
0 0.3078125 0.66484375 0.0125 0.02265625
0 0.3234375 0.66484375 0.01328125 0.0234375
0 0.33828125 0.66484375 0.01171875 0.0234375
0 0.246875 0.90546875 0.0125 0.0234375
0 0.23203125 0.90546875 0.0125 0.0234375
0 0.21796875 0.90546875 0.0125 0.02265625
0 0.2625 0.90625 0.01171875 0.0234375
0 0.27734375 0.90546875 0.01328125 0.02421875
0 0.76875 0.9109375 0.0125 0.02265625
0 0.78359375 0.91171875 0.01328125 0.02265625
0 0.79921875 0.9109375 0.01171875 0.0234375
0 0.81328125 0.91171875 0.0125 0.02265625
0 0.8296875 0.9109375 0.01171875 0.02109375
0 0.84375 0.9109375 0.0125 0.0234375
0 0.86015625 0.9109375 0.0125 0.0234375