0 0.8013158914964931 0.0916996974758674 0.019578794191141214 0.011373911094166678
0 0.8035887865174713 0.10103832988468683 0.021141294191141212 0.011410278685347252
0 0.806583731953368 0.109577528497916 0.021141294191141212 0.011410278685347252
0 0.8080753769743462 0.11893434470232571 0.018134693361304244 0.012900043502986147
0 0.8110111228251611 0.1266922933155549 0.019578794191141214 0.011373911094166722
0 0.8132840178461394 0.1360309257243743 0.019460395020978183 0.009811411094166722
0 0.815497713282036 0.14458830813319376 0.019578794191141214 0.011373911094166678
0 0.8169301587179326 0.1531638743376035 0.021141294191141212 0.011410278685347209
0 0.8199843037389108 0.16248432295083265 0.021259693361304243 0.012972778685347252
0 0.8773627863169786 0.38263251558013817 0.021259693361304243 0.012972778685347209
0 0.8811981813379568 0.39193478039777707 0.021259693361304243 0.012972778685347209
0 0.8834118767738535 0.4004921628065965 0.021022895020978184 0.009847778685347208
0 0.8855663726246685 0.408268295215416 0.021259693361304243 0.012972778685347209
0 0.8878392676456468 0.41760692762423535 0.021141294191141212 0.011410278685347209
0 0.8907750134964619 0.42536487623746455 0.021259693361304243 0.012972778685347209
0 0.8922666585174399 0.4347216924418743 0.021141294191141212 0.011410278685347209
0 0.9542734415104264 0.6539795322976382 0.021259693361304243 0.012972778685347209
0 0.956487136946323 0.6625369147064576 0.021141294191141212 0.011410278685347209
0 0.9594820823822197 0.6710761133196868 0.021259693361304243 0.012972778685347209
0 0.9625954269882794 0.6811778119329158 0.021141294191141212 0.011410278685347209
0 0.9648683220092573 0.6905164443417353 0.019578794191141214 0.011373911094166722
0 0.966963618274991 0.6975113267505548 0.021141294191141212 0.011410278685347209
0 0.9692365132959692 0.7068499591593742 0.021259693361304243 0.012972778685347209
0 0.9722314587318659 0.7153891577726034 0.021141294191141212 0.011410278685347209
0 0.9745635533379253 0.7255090401814228 0.021259693361304243 0.012972778685347209
0 0.7873828620512138 0.7134305335319091 0.021259693361304243 0.012972778685347209
0 0.7888745070721919 0.7227873497363188 0.021259693361304243 0.012972778685347209
0 0.7911474020931699 0.7321259821451382 0.021259693361304243 0.012972778685347209
0 0.7949827971141481 0.7414282469627771 0.021259693361304243 0.012972778685347209
0 0.7973148917202078 0.7515481293715967 0.021141294191141212 0.011410278685347209
0 0.7995285871561044 0.760105511780416 0.021259693361304243 0.012972778685347209
0 0.8025235325920009 0.7686447103936451 0.021259693361304243 0.012972778685347209