0 0.13203125 0.11796875 0.0109375 0.01953125
0 0.14140625 0.11796875 0.01015625 0.01875
0 0.15078125 0.11796875 0.01015625 0.01875
0 0.1609375 0.11796875 0.01015625 0.01875
0 0.17109375 0.11796875 0.009375 0.01875
0 0.18046875 0.1171875 0.01015625 0.01796875
0 0.190625 0.11796875 0.009375 0.01796875
0 0.20078125 0.1171875 0.009375 0.01796875
0 0.2109375 0.11875 0.009375 0.01796875
0 0.128125 0.284375 0.01015625 0.01796875
0 0.1375 0.284375 0.009375 0.01796875
0 0.14765625 0.284375 0.01015625 0.01796875
0 0.15703125 0.284375 0.009375 0.0171875
0 0.1671875 0.284375 0.01015625 0.0171875
0 0.17734375 0.284375 0.01015625 0.01796875
0 0.18828125 0.28515625 0.01015625 0.01796875
0 0.196875 0.28515625 0.01015625 0.01796875
0 0.20703125 0.284375 0.01015625 0.01796875
0 0.0578125 0.44921875 0.01015625 0.01796875
0 0.06796875 0.4484375 0.009375 0.01796875
0 0.078125 0.44921875 0.00859375 0.01796875
0 0.0875 0.44921875 0.009375 0.0171875
0 0.09765625 0.44921875 0.00859375 0.0171875
0 0.10703125 0.44921875 0.009375 0.01640625
0 0.11796875 0.44921875 0.009375 0.0171875
0 0.128125 0.45 0.009375 0.0171875
0 0.1375 0.44921875 0.009375 0.015625
0 0.14765625 0.44921875 0.009375 0.0171875
0 0.1671875 0.45078125 0.009375 0.0171875
0 0.17734375 0.45 0.00859375 0.0171875
0 0.1875 0.45 0.00859375 0.0171875
0 0.196875 0.45 0.009375 0.01796875
0 0.20703125 0.45078125 0.009375 0.0171875
0 0.2171875 0.45 0.01015625 0.0171875
0 0.2265625 0.45078125 0.00859375 0.01640625
0 0.2375 0.45078125 0.01015625 0.0171875
0 0.246875 0.4515625 0.009375 0.01640625
0 0.25703125 0.4515625 0.01015625 0.01796875
0 0.26640625 0.45078125 0.009375 0.01640625
0 0.2765625 0.45078125 0.009375 0.0171875
0 0.2859375 0.4515625 0.009375 0.0171875
0 0.11640625 0.6109375 0.01015625 0.01640625
0 0.1265625 0.6109375 0.009375 0.0171875
0 0.1359375 0.6109375 0.009375 0.0171875
0 0.14609375 0.61171875 0.009375 0.01640625
0 0.15546875 0.61171875 0.01015625 0.01796875
0 0.16640625 0.61171875 0.01015625 0.0171875
0 0.1765625 0.61171875 0.01015625 0.0171875
0 0.18671875 0.6125 0.009375 0.0171875
0 0.19609375 0.6125 0.01015625 0.0171875
0 0.20546875 0.6125 0.01015625 0.0171875
0 0.215625 0.6125 0.009375 0.01640625
0 0.225 0.6125 0.01015625 0.0171875
0 0.1359375 0.775 0.009375 0.01640625
0 0.1453125 0.775 0.009375 0.01640625
0 0.15546875 0.775 0.01015625 0.01640625
0 0.165625 0.77578125 0.01015625 0.0171875
0 0.17578125 0.775 0.01015625 0.015625
0 0.18515625 0.77578125 0.009375 0.0171875
0 0.1953125 0.775 0.01015625 0.01640625
0 0.20546875 0.775 0.01015625 0.01640625
0 0.13359375 0.9390625 0.01015625 0.01875
0 0.14375 0.9390625 0.009375 0.01875
0 0.153125 0.9390625 0.009375 0.01875
0 0.16328125 0.9390625 0.009375 0.01796875
0 0.1734375 0.9390625 0.01015625 0.01875
0 0.18359375 0.9390625 0.01015625 0.01953125
0 0.19375 0.9390625 0.01015625 0.01796875
0 0.203125 0.93984375 0.009375 0.01875
0 0.21328125 0.93984375 0.01015625 0.01875
0 0.4625 0.12265625 0.00859375 0.01875
0 0.471875 0.1234375 0.00859375 0.01953125
0 0.48203125 0.1234375 0.00859375 0.01953125
0 0.49140625 0.1234375 0.00859375 0.01953125
0 0.5015625 0.1234375 0.009375 0.01875
0 0.51171875 0.1234375 0.009375 0.01875
0 0.52109375 0.1234375 0.009375 0.01875
0 0.53125 0.1234375 0.01015625 0.01875
0 0.5421875 0.1234375 0.009375 0.01875
0 0.378125 0.3015625 0.00859375 0.01796875
0 0.3875 0.3015625 0.00859375 0.01796875
0 0.396875 0.3015625 0.009375 0.01875
0 0.40625 0.3015625 0.009375 0.01796875
0 0.41640625 0.3015625 0.009375 0.01796875
0 0.4265625 0.3015625 0.009375 0.0171875
0 0.43671875 0.3015625 0.00859375 0.01796875
0 0.44609375 0.3015625 0.009375 0.0171875
0 0.46484375 0.30234375 0.01015625 0.01796875
0 0.47578125 0.30234375 0.009375 0.0171875
0 0.48515625 0.30234375 0.009375 0.0171875
0 0.49453125 0.30234375 0.009375 0.0171875
0 0.5046875 0.30234375 0.009375 0.0171875
0 0.51484375 0.30234375 0.009375 0.01640625
0 0.52421875 0.303125 0.00859375 0.01640625
0 0.53359375 0.303125 0.009375 0.01640625
0 0.54375 0.303125 0.009375 0.01796875
0 0.553125 0.303125 0.009375 0.01796875
0 0.56328125 0.303125 0.01015625 0.0171875
0 0.5734375 0.303125 0.009375 0.0171875
0 0.5828125 0.303125 0.009375 0.0171875
0 0.5921875 0.303125 0.009375 0.01796875
0 0.6015625 0.303125 0.00859375 0.01796875
0 0.6125 0.303125 0.009375 0.01796875
0 0.621875 0.303125 0.009375 0.01796875
0 0.365625 0.46484375 0.009375 0.01875
0 0.37578125 0.46484375 0.00859375 0.01875
0 0.38515625 0.46484375 0.009375 0.01875
0 0.3953125 0.46484375 0.009375 0.01875
0 0.4046875 0.46484375 0.009375 0.01875
0 0.4140625 0.465625 0.009375 0.01953125
0 0.42421875 0.465625 0.009375 0.01953125
0 0.43359375 0.465625 0.00859375 0.01796875
0 0.44296875 0.465625 0.009375 0.01875
0 0.453125 0.465625 0.009375 0.01796875
0 0.46328125 0.46640625 0.01015625 0.01875
0 0.47265625 0.46640625 0.009375 0.01875
0 0.48203125 0.46640625 0.009375 0.01875
0 0.4921875 0.46640625 0.00859375 0.01875
0 0.5015625 0.46640625 0.01015625 0.01953125
0 0.51171875 0.46640625 0.009375 0.01953125
0 0.5203125 0.46640625 0.009375 0.01953125
0 0.53984375 0.46796875 0.009375 0.01875
0 0.54921875 0.4671875 0.009375 0.01875
0 0.559375 0.4671875 0.01015625 0.01875
0 0.56875 0.4671875 0.01015625 0.01875
0 0.5796875 0.4671875 0.009375 0.01875
0 0.5890625 0.4671875 0.009375 0.01875
0 0.5984375 0.4671875 0.009375 0.01796875
0 0.60859375 0.4671875 0.009375 0.01796875
0 0.61796875 0.4671875 0.009375 0.01796875
0 0.628125 0.46796875 0.009375 0.01875
0 0.63828125 0.46796875 0.009375 0.01796875
0 0.68984375 0.30625 0.01015625 0.0203125
0 0.69921875 0.30625 0.01015625 0.01953125
0 0.709375 0.30625 0.01015625 0.01953125
0 0.71953125 0.30625 0.0109375 0.01953125
0 0.72890625 0.30625 0.01015625 0.01875
0 0.7390625 0.30625 0.01015625 0.01953125
0 0.74921875 0.30625 0.009375 0.01875
0 0.76015625 0.30625 0.01015625 0.01953125
0 0.76875 0.30625 0.009375 0.01875
0 0.7796875 0.30703125 0.01015625 0.01953125
0 0.7890625 0.30703125 0.009375 0.01953125
0 0.79921875 0.30625 0.009375 0.01875
0 0.80859375 0.30703125 0.009375 0.01953125
0 0.81953125 0.30546875 0.009375 0.01796875
0 0.82890625 0.30546875 0.009375 0.01875
0 0.83828125 0.30546875 0.01015625 0.01875
0 0.84765625 0.30546875 0.009375 0.01875
0 0.86796875 0.30546875 0.01015625 0.01875
0 0.87734375 0.3046875 0.009375 0.01875
0 0.88828125 0.30546875 0.009375 0.01875
0 0.89765625 0.30546875 0.009375 0.01796875
0 0.9078125 0.30546875 0.009375 0.01796875
0 0.9171875 0.30625 0.01015625 0.01796875
0 0.92734375 0.30625 0.01015625 0.01796875
0 0.9375 0.30625 0.01015625 0.01796875
0 0.946875 0.30625 0.009375 0.01796875
0 0.95703125 0.30546875 0.01015625 0.0171875
0 0.9671875 0.30625 0.0109375 0.01796875
0 0.7390625 0.4578125 0.009375 0.01796875
0 0.74921875 0.45703125 0.009375 0.01796875
0 0.759375 0.4578125 0.009375 0.01796875
0 0.76953125 0.4578125 0.009375 0.01796875
0 0.77890625 0.4578125 0.009375 0.01796875
0 0.7890625 0.4578125 0.01015625 0.01796875
0 0.79921875 0.4578125 0.009375 0.0171875
0 0.80859375 0.4578125 0.01015625 0.0171875
0 0.81875 0.4578125 0.009375 0.01796875
0 0.8390625 0.45703125 0.01015625 0.01640625
0 0.8484375 0.45703125 0.01015625 0.01796875
0 0.85859375 0.45703125 0.01015625 0.01796875
0 0.86875 0.45703125 0.01015625 0.01875
0 0.87890625 0.45703125 0.009375 0.01796875
0 0.88828125 0.45703125 0.009375 0.0171875
0 0.8984375 0.4578125 0.01015625 0.01796875
0 0.9078125 0.4578125 0.01015625 0.01796875
0 0.91796875 0.4578125 0.01015625 0.01875
0 0.43203125 0.61484375 0.01015625 0.01640625
0 0.44140625 0.615625 0.009375 0.015625
0 0.4515625 0.615625 0.009375 0.015625
0 0.46015625 0.615625 0.009375 0.01640625
0 0.4703125 0.615625 0.009375 0.01640625
0 0.48046875 0.615625 0.01015625 0.0171875
0 0.48984375 0.61640625 0.009375 0.0171875
0 0.5 0.61640625 0.01015625 0.0171875
0 0.509375 0.61640625 0.009375 0.0171875
0 0.51875 0.61640625 0.01015625 0.0171875
0 0.528125 0.61640625 0.009375 0.0171875
0 0.5375 0.61640625 0.009375 0.01796875
0 0.54765625 0.61640625 0.01015625 0.01796875
0 0.5578125 0.61640625 0.01015625 0.0171875
0 0.5671875 0.61640625 0.009375 0.0171875
0 0.74140625 0.12265625 0.01171875 0.01953125
0 0.75546875 0.12265625 0.0109375 0.01953125
0 0.76484375 0.12265625 0.0109375 0.01953125
0 0.77421875 0.12265625 0.0109375 0.01875
0 0.78515625 0.12265625 0.01015625 0.01953125
0 0.7953125 0.12265625 0.01015625 0.01953125
0 0.80546875 0.12265625 0.01015625 0.01875
0 0.82421875 0.121875 0.009375 0.01796875
0 0.834375 0.121875 0.009375 0.01796875
0 0.84375 0.121875 0.009375 0.01796875
0 0.853125 0.121875 0.009375 0.0171875
0 0.86328125 0.121875 0.009375 0.01796875
0 0.8734375 0.121875 0.01015625 0.01796875
0 0.88359375 0.121875 0.009375 0.01796875
0 0.89375 0.121875 0.009375 0.01875
0 0.90234375 0.121875 0.01015625 0.01796875
0 0.9125 0.121875 0.01015625 0.01875
0 0.42109375 0.7765625 0.009375 0.0171875
0 0.43125 0.7765625 0.009375 0.0171875