0 0.8057987916482071 0.969230474664478 0.02413840684754511 0.011619461599340042
0 0.7847551064230318 0.9690629901038843 0.025801036397194464 0.013227425705962758
0 0.742817930297155 0.9663842709826966 0.023176684145441228 0.020948997492717326
0 0.7195806893964537 0.9639412325820367 0.026702202344038462 0.02728992570596276
0 0.6993683189461031 0.9629697659681316 0.026902461443336988 0.03041492570596276
0 0.6582123928202263 0.9602683147936325 0.02740310919158375 0.038227425705962756
0 0.6365376519195249 0.9577798122863502 0.02740310919158375 0.038227425705962756
0 0.6149129757936482 0.9545100597790679 0.02740310919158375 0.038227425705962756
0 0.5940695496677716 0.9512175752184738 0.0273029796419344 0.03666492570596276
0 0.5717637530915443 0.9464080547645028 0.02740310919158375 0.038227425705962756
0 0.5508702621908428 0.9438968202039089 0.02740310919158375 0.038227425705962756
0 0.5224145951642647 0.9377066561764286 0.02427810919158375 0.03813649749271768
0 0.5077711042635634 0.9350135651893442 0.025640350092285047 0.03505696159934004
0 0.4861464281376867 0.9317438126820615 0.022515350092285048 0.03496603338609461
0 0.46530300201181 0.9284513281214679 0.025740479641934398 0.03661946159934004
0 0.451540890660758 0.9241730050810719 0.021253238741233103 0.03960806927947225
0 0.4228849645348813 0.9211078410535916 0.0288654796419344 0.036710389812585474
0 0.4012602884090046 0.9178380885463092 0.024077850092285046 0.03501149749271733
0 0.008121271594683297 0.8600365780549609 0.016242543189366593 0.03666492570596276
0 0.05535841456256792 0.49901651002912983 0.028965609191583707 0.038272889812585476
0 0.07615177591361995 0.5030902445897236 0.027503238741233015 0.03978992570596294
0 0.03290242366186656 0.49655073957515866 0.027503238741233026 0.03978992570596276
0 0.014052151065890858 0.4932355229612536 0.028104302131781715 0.038318353919208195
0 0.00204290561554018 0.4892072525072825 0.00408581123108036 0.03510242570596276
0 0.2203859438630486 0.16280256221984318 0.028965609191583752 0.038272889812585566
0 0.24196055521410073 0.16685356472712565 0.025840609191583753 0.03818196159934022
0 0.19954251773717196 0.15951007765924938 0.025740479641934398 0.03661946159934022
0 0.17953040638611992 0.15541361104534426 0.03052810919158371 0.03831835391920828
0 0.15712448026024323 0.1521665905913731 0.030528109191583663 0.03831835391920828
0 0.13554986890919118 0.14811558808409067 0.03052810919158371 0.03831835391920828
0 0.11465637800848985 0.14560435352349685 0.0288654796419344 0.036710389812585564
0 0.09376288710778849 0.14309311896290305 0.03052810919158371 0.03831835391920828
0 0.07150715530638577 0.1375023485089319 0.028965609191583707 0.038272889812585566
0 0.05676353485603508 0.1363717575218474 0.017927979641934377 0.03639214106622681
0 0.785559449418603 0.6157932375966018 0.025740479641934398 0.03661946159934022
0 0.7647160232927263 0.6125007530360078 0.025840609191583753 0.03818196159934022
0 0.7423601619416742 0.6084724825820368 0.02740310919158375 0.038227425705962756
0 0.7192230505906222 0.604466944181377 0.0241779796419344 0.03657399749271768
0 0.6991608744647456 0.6011517275674718 0.025840609191583753 0.03818196159934022
0 0.6775361983388688 0.5978819750601894 0.025940738741233104 0.03974446159934022
0 0.6582552722129922 0.5945440263929729 0.02740310919158375 0.038227425705962756
0 0.6343369108619401 0.5905612200456244 0.02740310919158375 0.038227425705962936
0 0.9188561173680316 0.27582380397308 0.025740479641934398 0.03661946159934022
0 0.8972815060169796 0.2717728014657975 0.02740310919158375 0.038227425705962936
0 0.8764380798911031 0.2684803169052037 0.02740310919158375 0.038227425705962936
0 0.853300968540051 0.26447477850454393 0.025840609191583753 0.03818196159934022
0 0.8109329958379469 0.2563500414366676 0.02740310919158375 0.038227425705962936
0 0.7900895697120701 0.2530575568760739 0.02720285009228505 0.035102425705962934
0 0.7677337083610182 0.24902928642210273 0.024077850092285046 0.0350114974927175
0 0.7467901526854921 0.24729930186150897 0.02740310919158375 0.038227425705962936
0 0.7251654765596154 0.24402954935422647 0.02740310919158375 0.038227425705962936
0 0.7035908652085634 0.23997854684694397 0.02740310919158375 0.038227425705962936
0 0.6819661890826867 0.23670879433966158 0.02740310919158375 0.038227425705962936