0 0.11667011282771089 0.9923781380722545 0.013091033386094875 0.015243723855490998
0 0.12684909488102222 0.9919816853752843 0.013136497492717548 0.0160366292494313
0 0.13702807693433358 0.992005457470855 0.011573997492717503 0.015989085058290088
0 0.14722979104095626 0.9919700299813441 0.013091033386094875 0.016059940037311905
0 0.15743150514757892 0.9915735772843739 0.013091033386094875 0.016852845431252206
0 0.16687470130751297 0.990756899794863 0.013091033386094875 0.018486200410274024
0 0.17627243336082427 0.9907214723053521 0.013091033386094875 0.01855705538929584
0 0.186474147467447 0.9899343946083817 0.013136497492717503 0.020131210783236497
0 0.19667586157406966 0.9895379419114118 0.013136497492717503 0.020924116177176443
0 0.44620450013301405 0.9718124485593963 0.013136497492717503 0.022822193361304245
0 0.4563834821863253 0.971800793165456 0.01313649749271768 0.022822193361304245
0 0.46658519629294803 0.9710078877715155 0.011528533386094964 0.021141294191141212
0 0.4759829283462594 0.9709370327924937 0.013136497492717503 0.022822193361304245
0 0.48694316039957075 0.9709845769836349 0.013136497492717503 0.022822193361304245
0 0.4963636245061934 0.9701324720046131 0.01313649749271768 0.022822193361304245
0 0.5065880706661274 0.9685583166106728 0.013136497492717503 0.022822193361304245
0 0.7559575848518925 0.9553525346665935 0.013181961599340219 0.024384693361304242
0 0.7661365669052037 0.9553408792726532 0.013181961599340219 0.024384693361304242
0 0.7763382810118264 0.9545479738787128 0.013181961599340219 0.024384693361304242
0 0.7873212451184491 0.953814268069854 0.013181961599340219 0.024384693361304242
0 0.7982814771717603 0.9538618122609952 0.013091033386094787 0.021259693361304243
0 0.8069206912783831 0.9529505076968917 0.013136497492717326 0.022822193361304245
0 0.8163411553850057 0.9520984027178698 0.013091033386094608 0.021259693361304243
0 0.8265201374383171 0.9520867473239296 0.013136497492717326 0.022822193361304245
0 0.8375031015449398 0.9513530415150708 0.01630696159934004 0.024621491701630305
0 0.7579162046062182 0.753494036741186 0.013181961599340219 0.024384693361304242
0 0.7689219007661523 0.7519790809323271 0.01474446159934022 0.024503092531467274
0 0.779904864872775 0.7512453751234682 0.013181961599340219 0.024384693361304242
0 0.7908878289793976 0.7505116693146094 0.013181961599340219 0.024384693361304242
0 0.8018480610327089 0.7505592135057506 0.013136497492717414 0.022822193361304245
0 0.8112685251393316 0.7497071085267287 0.014744461599340042 0.024503092531467274
0 0.8214702392459543 0.7489142031327883 0.013181961599340042 0.024384693361304242