0 0.16957412939276578 0.3655563014260557 0.07211483189368777 0.028534066158582762
0 0.17362008173680427 0.3921051658874363 0.06586483189368778 0.028497704722264317
0 0.17552254318014135 0.42179266588743636 0.06742733189368781 0.02850679508134384
0 0.18680000462347846 0.4514256237329586 0.06898983189368776 0.02851588544042354
0 0.18953378084164024 0.4818898285534187 0.06440246144333708 0.030051114363184795
0 0.191336112735328 0.5100148285534187 0.06742733189368781 0.02850679508134384
0 0.19875738895348977 0.5404517622966402 0.06576470234403846 0.026935204722264315
0 0.31838306677740946 0.32170578659533283 0.06888970234403846 0.026953385440423538
0 0.3218980929955712 0.35216544623625323 0.07045220234403846 0.02696247579950315
0 0.325262924889259 0.3802813558771736 0.06440246144333717 0.030051114363184705
0 0.3332651920081221 0.40758874444085513 0.07221496144333717 0.03009656615858276
0 0.47864514805278835 0.5419495880213885 0.06888970234403846 0.026953385440423715
0 0.4853352390457748 0.5731723169441497 0.06888970234403846 0.026953385440423538
0 0.48713757093946264 0.6012973169441497 0.06576470234403846 0.026935204722264315
0 0.4937275323827997 0.6309575458669109 0.065964961443337 0.030060204722264318
0 0.5757042134459219 0.3491257628858153 0.06576470234403846 0.026935204722264315
0 0.5846879896640838 0.37955360626995704 0.07221496144333699 0.03009656615858276
0 0.5863901920081221 0.40611610626995703 0.06732720234403847 0.026944295081344015
0 0.7005213456164648 0.4796985311343838 0.07211483189368781 0.028534066158582762
0 0.705398612735328 0.5070241004162245 0.07045220234403846 0.026962475799503238