0 0.1671875 0.18125 0.01328125 0.021875
0 0.1828125 0.18203125 0.0125 0.021875
0 0.2140625 0.18203125 0.0125 0.02265625
0 0.1984375 0.18203125 0.01171875 0.02109375
0 0.22890625 0.18203125 0.01328125 0.021875
0 0.24609375 0.18125 0.0109375 0.021875
0 0.26015625 0.18203125 0.0125 0.02265625
0 0.275 0.18203125 0.0125 0.02265625
0 0.290625 0.18125 0.01171875 0.0234375
0 0.30625 0.18203125 0.01328125 0.02421875
0 0.32109375 0.18125 0.01171875 0.02265625
0 0.33671875 0.18125 0.01328125 0.0234375
0 0.71328125 0.18125 0.0125 0.02265625
0 0.728125 0.18125 0.015625 0.0234375
0 0.7515625 0.18125 0.01484375 0.0234375
0 0.7671875 0.18125 0.01484375 0.02421875
0 0.78203125 0.18046875 0.01328125 0.0234375
0 0.68671875 0.42890625 0.0140625 0.0234375
0 0.70234375 0.42890625 0.015625 0.0234375
0 0.71796875 0.428125 0.0140625 0.0234375
0 0.734375 0.428125 0.01328125 0.02265625
0 0.75 0.428125 0.01328125 0.0234375
0 0.76484375 0.42734375 0.0140625 0.02265625
0 0.78125 0.42734375 0.01328125 0.02265625
0 0.79609375 0.42734375 0.0140625 0.02265625
0 0.81171875 0.42734375 0.01328125 0.02265625
0 0.6671875 0.67109375 0.01328125 0.02265625
0 0.68203125 0.67109375 0.0140625 0.0234375
0 0.69765625 0.671875 0.0140625 0.02265625
0 0.7125 0.671875 0.0125 0.02265625
0 0.7296875 0.67109375 0.0125 0.02265625
0 0.74453125 0.671875 0.0140625 0.0234375
0 0.76015625 0.67109375 0.01328125 0.02265625
0 0.77578125 0.67109375 0.01328125 0.02265625
0 0.79140625 0.67109375 0.0125 0.021875
0 0.80703125 0.67109375 0.01484375 0.02265625
0 0.8234375 0.671875 0.01328125 0.02109375
0 0.19140625 0.42890625 0.01484375 0.02421875
0 0.20703125 0.4296875 0.0125 0.0234375
0 0.221875 0.4296875 0.0125 0.02265625
0 0.2375 0.4296875 0.0125 0.02265625
0 0.25390625 0.4296875 0.0125 0.0234375
0 0.26796875 0.4296875 0.01328125 0.0234375
0 0.2828125 0.43046875 0.01171875 0.0234375
0 0.2984375 0.4296875 0.01484375 0.0234375
0 0.3140625 0.4296875 0.0125 0.0234375
0 0.2109375 0.67421875 0.0140625 0.02265625
0 0.1953125 0.6734375 0.0125 0.021875
0 0.2265625 0.67421875 0.0125 0.02265625
0 0.24140625 0.6734375 0.0125 0.02265625
0 0.2578125 0.6734375 0.0109375 0.02109375
0 0.27265625 0.6734375 0.01328125 0.02109375
0 0.2875 0.6734375 0.01171875 0.02109375
0 0.30234375 0.6734375 0.0125 0.021875
0 0.31875 0.6734375 0.01328125 0.02109375
0 0.14921875 0.9140625 0.01328125 0.025
0 0.1640625 0.9140625 0.01328125 0.0234375
0 0.1796875 0.91484375 0.0125 0.0234375
0 0.19453125 0.91328125 0.01328125 0.0234375
0 0.2109375 0.9140625 0.0109375 0.02265625
0 0.225 0.9140625 0.0125 0.0234375
0 0.240625 0.91328125 0.0125 0.02421875
0 0.25625 0.91328125 0.0125 0.0234375
0 0.27265625 0.9125 0.0125 0.0234375
0 0.2875 0.9125 0.01328125 0.0234375
0 0.30234375 0.9125 0.0125 0.0234375
0 0.31796875 0.91171875 0.0125 0.0234375
0 0.3328125 0.91171875 0.01328125 0.02421875
0 0.3484375 0.9109375 0.01328125 0.0234375
0 0.3640625 0.91171875 0.01484375 0.02578125
0 0.68359375 0.915625 0.015625 0.02421875
0 0.69921875 0.915625 0.015625 0.0234375
0 0.71484375 0.915625 0.01484375 0.02421875
0 0.73046875 0.915625 0.01328125 0.0234375
0 0.74609375 0.915625 0.01484375 0.0234375
0 0.76171875 0.915625 0.0140625 0.0234375
0 0.77734375 0.91640625 0.0125 0.0234375
0 0.79296875 0.91640625 0.01484375 0.02265625
0 0.80859375 0.915625 0.0140625 0.02265625