0 0.829332014334456 0.02465044493636126 0.01683467292769336 0.03050637155129752
0 0.8200525148287475 0.027485517867139774 0.01677100593149916 0.028943871551297518
0 0.8092105153230392 0.030402477953048034 0.01683467292769336 0.03050637155129752
0 0.7991497658173309 0.033278494461391424 0.01683467292769336 0.03050637155129752
0 0.7890890163116223 0.03615451096973481 0.01683467292769336 0.03050637155129752
0 0.779028266805914 0.039030527478078204 0.01677100593149916 0.028943871551297518
0 0.7681862673002056 0.04194748756398646 0.016771005931498984 0.028943871551297518
0 0.9381472347141419 0.2741790541631869 0.02002333992388792 0.03223264586155707
0 0.9280864852084335 0.2770550706715303 0.01852450692008247 0.03371325870642723
0 0.9172126522046279 0.27919078075743853 0.018460839923887917 0.03215075870642732
0 0.8954968196951139 0.28424345092925507 0.018397172927693363 0.03058825870642723
0 0.8847503206836969 0.2895041610151633 0.018397172927693363 0.03058825870642732
0 0.8738764876798915 0.2916398711010716 0.01683467292769336 0.03050637155129756
0 0.863034488174183 0.29455683118697984 0.018397172927693363 0.03058825870642723
0 0.8522243221665718 0.2982550412728881 0.018397172927693363 0.03058825870642732
0 0.8414141561589605 0.3019532513587964 0.018397172927693363 0.03058825870642732
0 0.996878271025983 0.5596351973112105 0.006243457948033893 0.033795145861557074
0 0.9906441877750316 0.5625931009746836 0.018711624449936792 0.037002033016686656
0 0.9698070474891735 0.570811714724065 0.021776840912470875 0.037002033016686656
0 0.956621297983465 0.5738515055426678 0.021713173916276675 0.03543953301668683
0 0.9465923819758537 0.5775087720510113 0.021776840912470875 0.037002033016686656
0 0.9349691324701453 0.5804666757144844 0.021776840912470875 0.037002033016686656
0 0.9233777164625341 0.5842058293779575 0.021713173916276675 0.03543953301668683
0 0.5191067801517868 0.11606881953987651 0.015144838935304605 0.02729948439616776
0 0.5090141971479812 0.1181635860482199 0.016707338935304607 0.027381371551297516
0 0.48814328163466153 0.12473781264247155 0.015144838935304605 0.02729948439616776
0 0.4780825321289532 0.12761382915081493 0.01677100593149916 0.028943871551297518
0 0.46808544961943915 0.13205234565915833 0.016771005931498984 0.028943871551297563
0 0.4571797831175363 0.13340680574506658 0.01677100593149916 0.028943871551297518
0 0.447119033611828 0.13628282225340999 0.01677100593149916 0.028943871551297518
0 0.43627703410611945 0.13919978233931823 0.01677100593149916 0.028943871551297563
0 0.4269975346004111 0.14203485527009674 0.01677100593149916 0.028943871551297518
0 0.5598405039915137 0.3856067135924112 0.01683467292769336 0.03050637155129756
0 0.5489985044858054 0.38852367367831947 0.018397172927693363 0.03058825870642723
0 0.5381565049800969 0.3914406337642277 0.018397172927693363 0.03058825870642732
0 0.5280957554743886 0.3943166502725711 0.01683467292769336 0.03050637155129756
0 0.5165361729648745 0.3988370539360443 0.018397172927693363 0.03058825870642723
0 0.6549898138007958 0.6648195007929696 0.021713173916276675 0.035439533016686654
0 0.6425853142950875 0.6678183480340075 0.021713173916276675 0.03543953301668683
0 0.6309620647893789 0.6707762516974807 0.021776840912470875 0.037002033016686656
0 0.6201200652836706 0.6736932117833889 0.021776840912471052 0.037002033016686656
0 0.6092780657779622 0.6766101718692972 0.02021434091247105 0.03692014586155708
0 0.5968417327741566 0.6788277691103352 0.021776840912470875 0.037002033016686656
0 0.5868128167665454 0.6824850356186787 0.020214340912470874 0.03692014586155708
0 0.5759389837627398 0.6846207457045869 0.02021434091247105 0.03692014586155708
0 0.16076238095008957 0.2178381959524141 0.01839717292769345 0.03058825870642732
0 0.14995221494247835 0.2215364060383223 0.016834672927693452 0.03050637155129756
0 0.13911021543676996 0.22445336612423059 0.01677100593149907 0.028943871551297563
0 0.12826821593106152 0.2273703262101389 0.01839717292769345 0.03058825870642732
0 0.1181756329272559 0.2294650927184822 0.016834672927693452 0.03050637155129756
0 0.1081467169196447 0.23312235922682562 0.01514483893530465 0.027299484396167806
0 0.2177750207974277 0.48339127487608635 0.016834672927693452 0.03050637155129756
0 0.20690118779362207 0.48552698496199465 0.01839717292769345 0.03058825870642732
0 0.1975898547898165 0.48758080789277314 0.016834672927693452 0.03050637155129756
0 0.18756093878220528 0.49123807440111655 0.016834672927693452 0.03050637155129756
0 0.17522010627269125 0.49579942164215457 0.016834672927693452 0.03050637155129756
0 0.16434627326888565 0.4979351317280628 0.016834672927693452 0.03050637155129756
0 0.15350427376317724 0.5008520918139711 0.01839717292769345 0.03058825870642732
0 0.27902683307816767 0.7761243294894993 0.020087006920082206 0.033795145861557074
0 0.2674354170705565 0.7798634831529723 0.01995967292769345 0.030670145861557075
0 0.2565615840667509 0.7819991932388806 0.018460839923887827 0.03215075870642732
0 0.24418891805913967 0.7857792904799187 0.01995967292769345 0.030670145861557075
0 0.23341058554962563 0.7902587505658268 0.020087006920082296 0.033795145861556894
0 0.22175550254582005 0.7924354042293 0.018460839923887827 0.03215075870642714
0 0.21016408653820884 0.7961745578927732 0.018397172927693363 0.03058825870642732