0 0.8754787273369491 0.7321828544569782 0.03332183596955503 0.014411110495108837
0 0.8749375578692968 0.7189016044569781 0.03494800296574958 0.016064615756780753
0 0.8722290519377978 0.6906855991953063 0.03488433596955502 0.014502115756780754
0 0.8716560489720482 0.6766230991953062 0.03488433596955502 0.014502115756780754
0 0.8703336295043957 0.6632963465644703 0.03488433596955502 0.014502115756780754
0 0.8697606265386464 0.6492338465644704 0.03488433596955502 0.014502115756780754
0 0.869968873572897 0.6352168491953062 0.03488433596955502 0.014502115756780754
0 0.8694277041052445 0.6219355991953062 0.03488433596955502 0.014502115756780754
0 0.8680734511394949 0.6078275965644704 0.03488433596955502 0.014502115756780754
0 0.5209212199225753 0.6764594153191401 0.03488433596955502 0.014502115756780754
0 0.5203482169568258 0.6623969153191402 0.03651050296574958 0.01615562101845249
0 0.520524630492979 0.6475986679499762 0.03494800296574958 0.016064615756780753
0 0.5191703775272295 0.6334906653191402 0.038009335969555025 0.01468412628012441
0 0.5170030410633828 0.6185559100574685 0.03657416996194396 0.017718121018452493
0 0.1408808928502687 0.6839416314712091 0.042824169961943916 0.018082142065139806
0 0.1410254728883248 0.6683621341020449 0.042824169961943916 0.018082142065139983
0 0.13960755292638088 0.6526916314712091 0.04438666996194392 0.0181731473268119
0 0.13822146646253416 0.6378023788403732 0.04438666996194392 0.018173147326811724
0 0.13999221349678465 0.6238763867328808 0.044323002965749536 0.0166106473268119
0 0.13854246003674353 0.607424634102045 0.04438666996194392 0.018173147326811724
0 0.137969457070994 0.593362134102045 0.046012836958138334 0.01982665258848364
0 0.1381777041052445 0.5793451367328809 0.04594916996194391 0.01826415258848364
0 0.8464942925090764 0.250386822886947 0.038136669961944134 0.01780912628012441
0 0.8458894560452297 0.23554307288694704 0.03644683596955502 0.014593121018452494
0 0.8460977030794803 0.22152607551778294 0.03488433596955502 0.014502115756780665
0 0.8439622001137309 0.2073725702561111 0.038136669961944134 0.017809126280124387
0 0.8441704471479813 0.19335557288694702 0.038009335969555025 0.01468412628012441
0 0.8436292776803288 0.18007432288694702 0.03488433596955502 0.014502115756780665
0 0.49520370653952134 0.2174561416416169 0.03807300296574958 0.01624662628012441
0 0.49538012007567467 0.20265789427245284 0.03807300296574958 0.01624662628012439
0 0.49487078410611945 0.19015789427245283 0.03644683596955502 0.014593121018452494
0 0.4935165311403701 0.1760498916416169 0.03644683596955502 0.014593121018452537
0 0.4920667776803288 0.15959813901078096 0.038009335969555025 0.01468412628012441
0 0.4914619412164821 0.144754389010781 0.03644683596955502 0.014593121018452537
0 0.49167018825073266 0.1307373916416169 0.03807300296574958 0.016246626280124365
0 0.10622211958138306 0.17765383411616242 0.03969916996194391 0.01790013154179624
0 0.10477236612134196 0.1612020814853265 0.03813666996194391 0.017809126280124366
0 0.10494877965749523 0.14640383411616242 0.03807300296574954 0.01624662628012441
0 0.10431210969555131 0.13077883411616242 0.03813666996194391 0.01780912628012441
0 0.10129985623551022 0.11423607622365464 0.041261669961943914 0.017991136803468068
0 0.10150810326976067 0.10021907885449058 0.0380730029657495 0.016246626280124365
0 0.10090326680591395 0.08537532885449058 0.0380730029657495 0.016246626280124365