0 0.18828125 0.13359375 0.0078125 0.01640625
0 0.196875 0.13359375 0.0078125 0.01796875
0 0.20546875 0.13359375 0.0078125 0.0171875
0 0.2140625 0.13359375 0.0078125 0.015625
0 0.22265625 0.13359375 0.0078125 0.01640625
0 0.23125 0.134375 0.00703125 0.0171875
0 0.23984375 0.134375 0.00703125 0.01640625
0 0.2484375 0.134375 0.0078125 0.01796875
0 0.25703125 0.134375 0.0078125 0.0171875
0 0.475 0.1359375 0.0078125 0.01796875
0 0.48359375 0.13515625 0.0078125 0.0171875
0 0.49296875 0.13515625 0.00703125 0.0171875
0 0.50078125 0.13515625 0.00859375 0.01796875
0 0.51015625 0.13515625 0.0078125 0.0171875
0 0.51796875 0.13515625 0.0078125 0.0171875
0 0.5265625 0.13515625 0.00703125 0.01796875
0 0.74453125 0.13359375 0.0078125 0.01875
0 0.753125 0.1328125 0.00703125 0.01953125
0 0.76171875 0.1328125 0.0078125 0.01875
0 0.77109375 0.1328125 0.0078125 0.01875
0 0.78046875 0.1328125 0.0078125 0.0171875
0 0.78828125 0.1328125 0.0078125 0.0171875
0 0.796875 0.1328125 0.00859375 0.0171875
0 0.80546875 0.1328125 0.00703125 0.0171875
0 0.81484375 0.13203125 0.01015625 0.01875
0 0.76484375 0.30703125 0.00859375 0.01796875
0 0.77421875 0.30703125 0.009375 0.01875
0 0.78359375 0.30703125 0.00859375 0.01953125
0 0.79296875 0.30703125 0.00859375 0.01875
0 0.803125 0.30703125 0.0078125 0.01796875
0 0.81171875 0.30625 0.009375 0.01875
0 0.8203125 0.30625 0.00859375 0.01875