0 0.1546875 0.17578125 0.01640625 0.02734375
0 0.17109375 0.175 0.01484375 0.0265625
0 0.1859375 0.17421875 0.0140625 0.02734375
0 0.2 0.175 0.0140625 0.02890625
0 0.2296875 0.1765625 0.01484375 0.0296875
0 0.24609375 0.17734375 0.015625 0.0296875
0 0.2609375 0.17734375 0.015625 0.0296875
0 0.2890625 0.17578125 0.0140625 0.02734375
0 0.3046875 0.175 0.0140625 0.028125
0 0.31875 0.175 0.01484375 0.0265625
0 0.33359375 0.1765625 0.015625 0.02734375
0 0.2171875 0.4234375 0.015625 0.02734375
0 0.23046875 0.42265625 0.01484375 0.025
0 0.2453125 0.42421875 0.01484375 0.02734375
0 0.2609375 0.42421875 0.015625 0.02734375
0 0.27578125 0.4234375 0.01328125 0.02578125
0 0.1953125 0.66953125 0.01484375 0.0265625
0 0.21171875 0.66953125 0.0140625 0.02734375
0 0.22578125 0.66953125 0.01328125 0.0265625
0 0.23984375 0.66875 0.0140625 0.02578125
0 0.2546875 0.6703125 0.0140625 0.02734375
0 0.2703125 0.67109375 0.01484375 0.02734375
0 0.28515625 0.67109375 0.0140625 0.02578125
0 0.2984375 0.6703125 0.01328125 0.025
0 0.31328125 0.6703125 0.01328125 0.02578125
0 0.13203125 0.915625 0.01484375 0.025
0 0.1484375 0.91640625 0.0140625 0.02578125
0 0.1625 0.91640625 0.01484375 0.025
0 0.17734375 0.915625 0.01484375 0.0265625
0 0.1921875 0.9171875 0.0140625 0.02578125
0 0.20703125 0.915625 0.01484375 0.02578125
0 0.22109375 0.915625 0.01328125 0.02578125
0 0.25078125 0.91484375 0.01484375 0.0265625
0 0.265625 0.91484375 0.01484375 0.02578125
0 0.28046875 0.91484375 0.01328125 0.02578125
0 0.31015625 0.91484375 0.01484375 0.02734375
0 0.32578125 0.91484375 0.01484375 0.02578125
0 0.3390625 0.9140625 0.0140625 0.025
0 0.35390625 0.9140625 0.015625 0.025
0 0.36953125 0.9140625 0.015625 0.025
0 0.6890625 0.91640625 0.01484375 0.02578125
0 0.7046875 0.91640625 0.015625 0.02578125
0 0.71953125 0.91640625 0.01484375 0.0265625
0 0.73515625 0.9171875 0.01484375 0.0265625
0 0.74921875 0.9171875 0.01484375 0.025
0 0.76484375 0.9171875 0.01484375 0.0265625
0 0.7796875 0.91796875 0.01484375 0.02578125
0 0.79453125 0.9171875 0.01484375 0.02734375
0 0.8109375 0.9171875 0.01484375 0.02578125
0 0.7203125 0.67265625 0.015625 0.0265625
0 0.7359375 0.6734375 0.01484375 0.028125
0 0.75078125 0.6734375 0.015625 0.02578125
0 0.7671875 0.6734375 0.01484375 0.028125
0 0.72265625 0.42421875 0.01484375 0.02734375
0 0.73828125 0.42421875 0.01640625 0.02734375
0 0.75390625 0.4234375 0.01484375 0.02578125
0 0.76875 0.4234375 0.01484375 0.02578125
0 0.78359375 0.4234375 0.01484375 0.0265625
0 0.70625 0.17578125 0.01484375 0.028125
0 0.72265625 0.17578125 0.01484375 0.02890625
0 0.73828125 0.175 0.0140625 0.0265625
0 0.75234375 0.175 0.0140625 0.0265625
0 0.76875 0.175 0.0140625 0.02578125
0 0.7828125 0.175 0.0140625 0.02578125
0 0.79765625 0.17421875 0.0140625 0.025