0 0.7468985787837162 0.11464865669043316 0.13172518899896418 0.04903436068413449
0 0.7463014193542568 0.15205315619614157 0.13165241439185812 0.04747186068413449
0 0.7447774607105858 0.1863008222037528 0.13008991439185813 0.047408193687940116
0 0.7416910020669146 0.22048482121516963 0.12711046360606987 0.050405859695551315
0 0.7401670434232435 0.25473248722278086 0.12383991439185812 0.04715352570316256
0 0.7386066974760194 0.28819890323039205 0.12227741439185813 0.04708985870696818
0 0.7363378761359012 0.3231959857399061 0.11907963978475244 0.04540002471457942
0 0.734850304795783 0.3582249017475173 0.11595463978475226 0.045272690722190576
0 0.733289958848559 0.3916913177551285 0.11439213978475227 0.04520902372599629
0 0.7309119755977819 0.42434465026464246 0.11610018899896399 0.04839769072219049
0 0.7262630169541108 0.45846498227986493 0.11282963978475227 0.04514535672980173
0 0.7215776710068867 0.49180406429508744 0.11126713978475244 0.04508168973360753
0 0.7279025996667685 0.5271513152836705 0.11282963978475227 0.04514535672980173
0 0.7232172537195444 0.560490397298893 0.11126713978475244 0.04508168973360753
0 0.7216569077723204 0.5939568133065042 0.11126713978475226 0.04508168973360736
0 0.7224766991286493 0.628299979808407 0.117662688998964 0.04846135771838504
0 0.7201351031814252 0.6617345623179209 0.11439213978475227 0.04520902372599629
0 0.7187203064484129 0.6983259783255322 0.11602741439185812 0.04683519072219049
0 0.7195037105011888 0.7318878948274351 0.11126713978475226 0.04508168973360753
0 0.7155996145539647 0.7652588103407547 0.10821491439185812 0.046516855741218596
0 0.7172370432138464 0.8004150603407547 0.109850188998964 0.04814302273741298
0 0.7096086337843871 0.8375330583635883 0.11141268899896399 0.04820668973360753
0 0.7072499212117744 0.8873420573750053 0.10988873035529281 0.08245435574121843
0 0.7081617578533737 0.9404033903788107 0.10977741439185813 0.04658052273741298
0 0.7090907111203613 0.9764775642579064 0.112975188998964 0.04704487148418721
0 0.7011712032624784 0.993442229771226 0.11580909057054072 0.013115540457548036