0 0.17421875 0.23984375 0.01328125 0.03828125
0 0.18828125 0.240625 0.0140625 0.03828125
0 0.203125 0.23828125 0.0140625 0.0375
0 0.21875 0.23828125 0.01328125 0.03515625
0 0.23359375 0.23984375 0.01328125 0.03515625
0 0.24765625 0.2390625 0.01328125 0.034375
0 0.26171875 0.2390625 0.01328125 0.034375
0 0.27578125 0.23984375 0.01328125 0.03515625
0 0.290625 0.23984375 0.0140625 0.0359375
0 0.30546875 0.24140625 0.01328125 0.034375
0 0.3203125 0.240625 0.01328125 0.0328125
0 0.2109375 0.5609375 0.01328125 0.03125
0 0.225 0.5609375 0.0125 0.03203125
0 0.23828125 0.5609375 0.0125 0.03203125
0 0.253125 0.5609375 0.0140625 0.03203125
0 0.26796875 0.5609375 0.01328125 0.03203125
0 0.28203125 0.56015625 0.01328125 0.03203125
0 0.29609375 0.56015625 0.01328125 0.03359375
0 0.15625 0.8859375 0.0125 0.03046875
0 0.1703125 0.8859375 0.0140625 0.03203125
0 0.18515625 0.8859375 0.0140625 0.03125
0 0.2 0.8859375 0.0140625 0.03125
0 0.2140625 0.8859375 0.01484375 0.03203125
0 0.24375 0.8875 0.01484375 0.03359375
0 0.259375 0.8875 0.01484375 0.03515625
0 0.2734375 0.8875 0.0140625 0.034375
0 0.28671875 0.88671875 0.01328125 0.03515625
0 0.30234375 0.88671875 0.01484375 0.0359375
0 0.31640625 0.8859375 0.0140625 0.0328125
0 0.33125 0.8859375 0.0140625 0.0328125
0 0.3453125 0.8859375 0.01328125 0.0328125
0 0.7 0.240625 0.01328125 0.03359375
0 0.71484375 0.240625 0.01328125 0.034375
0 0.73046875 0.23984375 0.01328125 0.0328125
0 0.7453125 0.240625 0.01328125 0.03359375
0 0.7609375 0.240625 0.0125 0.03203125
0 0.77421875 0.240625 0.0140625 0.03359375
0 0.78984375 0.240625 0.0140625 0.03359375
0 0.65625 0.56640625 0.01328125 0.0328125
0 0.6703125 0.565625 0.01328125 0.03359375
0 0.6859375 0.565625 0.0125 0.0328125
0 0.7 0.56484375 0.0125 0.03359375
0 0.715625 0.56640625 0.01328125 0.03515625
0 0.73046875 0.565625 0.01328125 0.03359375
0 0.7453125 0.565625 0.0125 0.0328125
0 0.76015625 0.56484375 0.0140625 0.0328125
0 0.77578125 0.565625 0.01328125 0.034375
0 0.79140625 0.56640625 0.0140625 0.03359375
0 0.80625 0.565625 0.0140625 0.0328125
0 0.821875 0.565625 0.0125 0.03203125
0 0.65078125 0.88515625 0.01328125 0.03359375
0 0.6671875 0.884375 0.01484375 0.0328125
0 0.6828125 0.884375 0.01328125 0.03359375
0 0.69765625 0.884375 0.0140625 0.034375
0 0.71171875 0.88515625 0.01328125 0.034375
0 0.7265625 0.884375 0.0140625 0.03515625
0 0.75703125 0.8859375 0.01484375 0.0359375
0 0.771875 0.8859375 0.01328125 0.0359375
0 0.78671875 0.8859375 0.0140625 0.03515625
0 0.80234375 0.88671875 0.0125 0.03359375
0 0.81640625 0.88515625 0.0140625 0.03203125
0 0.83125 0.8859375 0.0140625 0.03359375