0 0.9989633361398461 0.2582510727457727 0.002073327720307816 0.03170502630835923
0 0.9900427340186635 0.2598667806523979 0.01991453196267301 0.033904563140062204
0 0.9743934484924897 0.25891122540484346 0.019993506667959692 0.03537605787839038
0 0.957333494250124 0.2594726675264531 0.01999350666796005 0.03537605787839038
0 0.940145994250124 0.2584716096480628 0.019738415152690435 0.032251057878390374
0 0.9238672900077587 0.2590785544005084 0.019993506667959692 0.03537605787839038
0 0.9051172900077586 0.2579864912604462 0.019738415152690793 0.032251057878390374
0 0.8888385857653931 0.25859343601289175 0.021428460910325242 0.033904563140062204
0 0.8717148586442105 0.2583736281345014 0.01986596091032524 0.033813557878390375
0 0.8553723815230277 0.258199322886947 0.01986596091032524 0.033813557878390375
0 0.837467404401845 0.25793401237772073 0.019993506667959692 0.03537605787839038
0 0.820279904401845 0.25693295449933046 0.021556006667959694 0.035467063140062115
0 0.8031561772806622 0.2567131466209401 0.01999350666795996 0.03537605787839038
0 0.7876587230382969 0.2573655940042216 0.019993506667959692 0.03537605787839038
0 0.7527575645535658 0.258442975616605 0.021428460910325242 0.033904563140062204
0 0.736351314553566 0.2574874203690506 0.021556006667959694 0.035467063140062205
0 0.718382564553566 0.25644085985982434 0.021556006667959694 0.035467063140062115
0 0.7012588374323832 0.25622105198143397 0.02311850666795969 0.03555806840173403
0 0.6832900874323832 0.2551744914722077 0.021556006667959694 0.035467063140062205
0 0.6670113831900177 0.25578143622465327 0.021428460910325242 0.033904563140062204
0 0.6498238831900176 0.25478037834626294 0.02130091515269079 0.0323420631400622
0 0.632700156068835 0.2545605704678726 0.019738415152690793 0.032251057878390374
0 0.6155764289476522 0.25434076258948224 0.019738415152690793 0.032251057878390374
0 0.5977352247052867 0.254856702080256 0.021428460910325242 0.03390456314006211
0 0.5806114975841041 0.25463689420186564 0.02130091515269079 0.0323420631400622
0 0.3999036315230277 0.23167128910960302 0.021300915152690704 0.0323420631400622
0 0.382779904401845 0.23145148123121267 0.021300915152690704 0.0323420631400622
0 0.3648749272806623 0.23118617072198644 0.019738415152690703 0.032251057878390374
0 0.3469699501594795 0.23092086021276015 0.021300915152690704 0.0323420631400622
0 0.3298462230382968 0.23070105233436983 0.01986596091032524 0.033813557878390375
0 0.3127224959171141 0.23048124445597948 0.021300915152690704 0.0323420631400622
0 0.2948175187959313 0.2302159339467532 0.021300915152690704 0.03234206314006212
0 0.2769125416747486 0.22995062343752695 0.021300915152690704 0.0323420631400622
0 0.2596612687959313 0.2281683155591366 0.021300915152690704 0.0323420631400622
0 0.22385131455356588 0.22763769454068408 0.021173369395056162 0.030779563140062204
0 0.20750883743238316 0.22746338929312965 0.022863415152690702 0.03243306840173403
0 0.1894763145535659 0.22563557878390342 0.022863415152690702 0.03243306840173403
0 0.17157133743238315 0.22537026827467713 0.022990960910325244 0.03399556840173403
0 0.15366636031120043 0.22510495776545086 0.021300915152690704 0.0323420631400622
0 0.1373238831900177 0.22493065251789646 0.021300915152690704 0.0323420631400622
0 0.11948267894765222 0.22544659200867018 0.021300915152690704 0.03234206314006212
0 0.10157770182646948 0.2251812814994439 0.021300915152690704 0.0323420631400622
0 0.08367272470528675 0.22491597099021768 0.022990960910325244 0.03399556840173403
0 0.9742650001691778 0.5240434017414376 0.022608323637421535 0.029308068401734035
0 0.9579225230479953 0.5238690964938832 0.019483323637421536 0.029126057878390378
0 0.9407987959268123 0.5236492886154929 0.019483323637421536 0.029126057878390378
0 0.9236750688056297 0.5234294807371025 0.021045823637421534 0.029217063140062293
0 0.906551341684447 0.5232096728587121 0.019483323637421536 0.029126057878390378
0 0.8894276145632641 0.5229898649803217 0.021300915152690437 0.03234206314006229
0 0.8723038874420815 0.5227700571019315 0.01961086939505634 0.030688557878390376
0 0.855243933199716 0.5233314992235412 0.02117336939505634 0.030779563140062294
0 0.8381202060785332 0.5231116913451508 0.019738415152690793 0.0322510578783902
0 0.8209327060785332 0.5221106334667605 0.02130091515269079 0.03234206314006212
0 0.8045902289573504 0.521936328219206 0.01961086939505625 0.030688557878390376
0 0.7882477518361679 0.5217620229716516 0.02130091515269079 0.03234206314006229
0 0.7704065475938023 0.5222779624624254 0.022863415152690792 0.03243306840173403
0 0.7524377975938024 0.5212314019531992 0.022863415152690792 0.03243306840173403
0 0.7360953204726195 0.5210570967056447 0.019738415152690793 0.032251057878390374
0 0.999273310241159 0.8091009412039764 0.0014533795176820518 0.0323420631400622