0 0.9922829487703361 0.06749112801555726 0.015434102459327904 0.057903403590796175
0 0.9612783884654856 0.0641843208339649 0.05033634328594587 0.05810339149054777
0 0.9120232770291672 0.057647974522956946 0.04718407220870695 0.05339771077238853
0 0.865911346311008 0.05425480893010822 0.04874657220870695 0.05340680113146814
0 0.8166744155928487 0.05084346261910026 0.04874657220870695 0.05340680113146816
0 0.7674193041565303 0.0443071163080923 0.048710210772388504 0.047156801131468154
0 0.720526123438371 0.040909405535703776 0.048710210772388504 0.047156801131468154
0 0.6736465782588311 0.03985544476331524 0.05030907220870695 0.053415891490547776
0 0.6259721475406719 0.0364531888113869 0.04405907220870695 0.053379530054229296
0 0.5775255571815924 0.03460888767991875 0.047211343285945874 0.05808521077238854
0 0.5298238553861943 0.02651913172799041 0.048710210772388504 0.04715680113146814
0 0.480609650565734 0.027014035416982447 0.04871930113146803 0.04871930113146815
0 0.4337255602066545 0.025178824644593915 0.04557612041330898 0.045576120413308906
0 0.3852789698475748 0.023334523513125767 0.048682939695149675 0.04246930113146814
0 0.3383948794884952 0.021499312740737235 0.04866475897699045 0.039344301131468154
0 0.28681874394987583 0.018855580891109853 0.04863748789975162 0.03465680113146815
0 0.23992101805217675 0.01467662011872132 0.048592036104353475 0.026844301131468146
0 0.19303692769309713 0.012841409346332789 0.048573855386194256 0.02371930113146815
0 0.1453579517953981 0.008657903394404448 0.050090903590796196 0.015915891490547767
0 0.08990738251355732 0.011460195647078019 0.05168976502711464 0.022174981849627386