0 0.11953125 0.153125 0.01015625 0.02109375
0 0.1296875 0.153125 0.00859375 0.02109375
0 0.1390625 0.153125 0.00859375 0.02109375
0 0.14921875 0.153125 0.0078125 0.0203125
0 0.159375 0.153125 0.00859375 0.02109375
0 0.17890625 0.15390625 0.0078125 0.01953125
0 0.18828125 0.1546875 0.00703125 0.01875
0 0.1984375 0.1546875 0.00859375 0.01875
0 0.20859375 0.1546875 0.00625 0.01875
0 0.2171875 0.1546875 0.00859375 0.01953125
0 0.2265625 0.15390625 0.00703125 0.0203125
0 0.4515625 0.15546875 0.00703125 0.01875
0 0.46171875 0.1546875 0.0078125 0.01875
0 0.4703125 0.1546875 0.00859375 0.01796875
0 0.48046875 0.1546875 0.00546875 0.01875
0 0.490625 0.15390625 0.00625 0.01796875
0 0.5 0.1546875 0.00703125 0.01796875
0 0.51015625 0.15390625 0.00703125 0.01875
0 0.51953125 0.1546875 0.00703125 0.01875
0 0.5296875 0.15390625 0.00625 0.01796875
0 0.5390625 0.15390625 0.00703125 0.01875
0 0.54609375 0.15390625 0.00546875 0.01875
0 0.753125 0.1484375 0.0078125 0.01953125
0 0.7625 0.1484375 0.00859375 0.01953125
0 0.77109375 0.1484375 0.0046875 0.01953125
0 0.7828125 0.1484375 0.0078125 0.01875
0 0.7921875 0.1484375 0.0078125 0.01875
0 0.80234375 0.1484375 0.00703125 0.01953125
0 0.81171875 0.1484375 0.0078125 0.01953125
0 0.821875 0.14765625 0.00625 0.01875
0 0.83046875 0.14765625 0.00703125 0.01875
0 0.84140625 0.14765625 0.00625 0.01875
0 0.85078125 0.14765625 0.00703125 0.01953125
0 0.8578125 0.14765625 0.00546875 0.01875
0 0.8796875 0.146875 0.0078125 0.01953125
0 0.86953125 0.14765625 0.00703125 0.01875
0 0.8890625 0.146875 0.0078125 0.01953125
0 0.13671875 0.34453125 0.01796875 0.01875
0 0.1515625 0.34375 0.00625 0.01875
0 0.1609375 0.34453125 0.00703125 0.01875
0 0.17109375 0.34453125 0.00703125 0.01953125
0 0.18046875 0.34453125 0.00859375 0.0203125
0 0.190625 0.3453125 0.00859375 0.0203125
0 0.20078125 0.3453125 0.00859375 0.0203125
0 0.21015625 0.3453125 0.00859375 0.02109375
0 0.21953125 0.3453125 0.00859375 0.0203125
0 0.11796875 0.5359375 0.00859375 0.0203125
0 0.128125 0.5359375 0.00859375 0.0203125
0 0.13828125 0.5359375 0.00859375 0.0203125
0 0.14765625 0.5359375 0.00859375 0.0203125
0 0.1578125 0.5359375 0.0078125 0.0203125
0 0.1671875 0.5359375 0.00859375 0.0203125
0 0.17734375 0.53515625 0.009375 0.0203125
0 0.1875 0.5359375 0.0078125 0.02109375
0 0.196875 0.5359375 0.0078125 0.0203125
0 0.20703125 0.5359375 0.009375 0.02109375
0 0.21640625 0.5359375 0.00859375 0.02109375
0 0.2359375 0.5359375 0.00859375 0.02109375
0 0.22578125 0.5359375 0.009375 0.02109375
0 0.096875 0.72734375 0.009375 0.0203125
0 0.10703125 0.72734375 0.00859375 0.0203125
0 0.11640625 0.7265625 0.00859375 0.01953125
0 0.1265625 0.7265625 0.00859375 0.0203125
0 0.13671875 0.7265625 0.00859375 0.0203125
0 0.14609375 0.72734375 0.00859375 0.01953125
0 0.15625 0.72734375 0.00859375 0.01953125
0 0.165625 0.72734375 0.0078125 0.01953125
0 0.17578125 0.72734375 0.00859375 0.0203125
0 0.1859375 0.72734375 0.0078125 0.0203125
0 0.1953125 0.72734375 0.00859375 0.02109375
0 0.20546875 0.72734375 0.009375 0.0203125
0 0.21484375 0.72734375 0.0078125 0.0203125
0 0.225 0.72734375 0.00859375 0.02109375
0 0.234375 0.72734375 0.0078125 0.0203125
0 0.24375 0.72734375 0.00859375 0.02109375
0 0.25390625 0.72734375 0.00859375 0.0203125
0 0.14140625 0.92421875 0.00859375 0.01875
0 0.1515625 0.92421875 0.0078125 0.01875
0 0.17109375 0.92421875 0.00859375 0.01953125
0 0.16171875 0.92421875 0.00859375 0.01953125
0 0.18125 0.92421875 0.00859375 0.0203125
0 0.190625 0.92421875 0.00859375 0.0203125
0 0.20078125 0.92421875 0.0078125 0.02109375
0 0.42421875 0.92109375 0.009375 0.021875
0 0.43515625 0.92109375 0.00859375 0.02109375
0 0.44453125 0.92109375 0.009375 0.021875
0 0.45390625 0.92109375 0.0078125 0.021875
0 0.4625 0.92109375 0.00859375 0.021875
0 0.47265625 0.92109375 0.0078125 0.021875
0 0.4828125 0.92109375 0.00859375 0.02109375
0 0.4921875 0.92109375 0.00703125 0.021875
0 0.50234375 0.92109375 0.0078125 0.02109375
0 0.5125 0.92109375 0.00625 0.021875
0 0.521875 0.92109375 0.0078125 0.021875
0 0.5296875 0.92109375 0.00625 0.02265625
0 0.54140625 0.9203125 0.009375 0.02109375
0 0.55078125 0.9203125 0.00859375 0.02265625
0 0.5609375 0.9203125 0.00859375 0.02109375
0 0.5703125 0.92109375 0.009375 0.021875
0 0.4703125 0.3421875 0.0078125 0.01953125
0 0.48046875 0.3421875 0.0078125 0.01953125
0 0.48984375 0.3421875 0.00703125 0.0203125
0 0.49921875 0.3421875 0.0078125 0.0203125
0 0.509375 0.3421875 0.00625 0.01875
0 0.51796875 0.3421875 0.00703125 0.01953125
0 0.52578125 0.3421875 0.00546875 0.01953125
0 0.44453125 0.534375 0.0078125 0.0203125
0 0.453125 0.53359375 0.0078125 0.01953125
0 0.46328125 0.53359375 0.00703125 0.01875
0 0.4734375 0.53359375 0.00625 0.01953125
0 0.4828125 0.53359375 0.00703125 0.01953125
0 0.49296875 0.53359375 0.00625 0.0203125
0 0.5015625 0.53359375 0.00703125 0.01796875
0 0.51171875 0.53359375 0.0078125 0.01796875
0 0.52109375 0.53359375 0.00625 0.01796875
0 0.53046875 0.53359375 0.00625 0.01875
0 0.540625 0.534375 0.0078125 0.01875
0 0.55 0.534375 0.0078125 0.01875
0 0.7796875 0.33828125 0.009375 0.0203125
0 0.790625 0.33828125 0.0078125 0.02109375
0 0.80078125 0.3375 0.0078125 0.0203125
0 0.81015625 0.3375 0.0078125 0.01875
0 0.81953125 0.3375 0.0078125 0.01953125
0 0.8390625 0.3375 0.0078125 0.01953125
0 0.8484375 0.3375 0.00859375 0.01953125
0 0.86796875 0.3375 0.0078125 0.01953125
0 0.85859375 0.3375 0.00859375 0.01875
0 0.8296875 0.3375 0.0078125 0.01953125
0 0.8109375 0.53125 0.00703125 0.01875
0 0.8203125 0.53125 0.00859375 0.01953125
0 0.83046875 0.53125 0.0078125 0.01875
0 0.840625 0.53125 0.00859375 0.01796875
0 0.77421875 0.72734375 0.0078125 0.01953125
0 0.784375 0.72734375 0.009375 0.0203125
0 0.80390625 0.72734375 0.009375 0.02109375
0 0.79453125 0.72734375 0.0078125 0.02109375
0 0.8140625 0.7265625 0.00859375 0.0203125
0 0.8234375 0.7265625 0.0078125 0.01953125
0 0.83359375 0.7265625 0.0078125 0.01875
0 0.8421875 0.72734375 0.0078125 0.01875
0 0.853125 0.7265625 0.009375 0.0203125
0 0.8625 0.7265625 0.00859375 0.01953125
0 0.87265625 0.7265625 0.009375 0.0203125
0 0.8828125 0.7265625 0.009375 0.0203125
0 0.47578125 0.72890625 0.00859375 0.01953125
0 0.465625 0.72890625 0.009375 0.0203125
0 0.484375 0.72890625 0.0078125 0.0203125
0 0.49453125 0.72890625 0.0078125 0.01953125
0 0.5046875 0.72890625 0.009375 0.01953125
0 0.51484375 0.72890625 0.0078125 0.01875
0 0.52421875 0.72890625 0.009375 0.01953125
0 0.53359375 0.7296875 0.00703125 0.01875