0 0.0953125 0.04985790252860859 0.0265625 0.03920220234403846
0 0.11484375 0.05345327189922511 0.025 0.039102072794389146
0 0.13359375 0.057779826495016964 0.025 0.039102072794389146
0 0.15078125 0.06278750154115949 0.025 0.04066457279438915
0 0.1875 0.07295304595791854 0.025 0.042227072794389156
0 0.20625 0.0788421005537104 0.025 0.042227072794389156
0 0.225 0.08394990514950224 0.025 0.04222707279438913
0 0.26015625 0.08932782001661196 0.0234375 0.0390019432447398
0 0.2796875 0.09448568938722848 0.025 0.03910207279438915
0 0.296875 0.09793086443337101 0.025 0.03910207279438913
0 0.31484375 0.1037698542543382 0.025 0.03910207279438915
0 0.1171875 0.37000971622369905 0.025 0.03910207279438911
0 0.134375 0.3734548912698416 0.0234375 0.03587694324473985
0 0.1515625 0.3792438163159842 0.025 0.03910207279438911
0 0.171875 0.3844517504614253 0.025 0.03910207279438911
0 0.18984375 0.38716574028239253 0.021875 0.035776813695090406
0 0.0375 0.6625593591915837 0.0234375 0.03743944324473993
0 0.05703125 0.6677172285622002 0.025 0.03910207279438911
0 0.075 0.6719937183831675 0.0203125 0.03567668414544123
0 0.0921875 0.67622014342931 0.021875 0.03577681369509058
0 0.11015625 0.6812778832502772 0.0234375 0.039001943244739753
0 0.1296875 0.6864357526208936 0.025 0.039102072794389285
0 0.14765625 0.6914934924418608 0.021875 0.03577681369509058
0 0.1640625 0.6948886027131786 0.021875 0.03577681369509058
0 0.18203125 0.6983838425341459 0.021875 0.03733931369509058
0 0.68359375 0.8227129279715779 0.025 0.03910207279438893
0 0.70234375 0.8278207325673698 0.025 0.03910207279438893
0 0.72109375 0.8321472871631617 0.0234375 0.03743944324473958
0 0.73984375 0.8372550917589535 0.025 0.03910207279438893
0 0.73984375 0.5200675917589536 0.025 0.03910207279438911
0 0.759375 0.5244442111295701 0.0265625 0.03920220234403846
0 0.778125 0.528770765725362 0.0234375 0.03743944324473993
0 0.796875 0.5338785703211537 0.0234375 0.03743944324473976
0 0.81484375 0.538155060142121 0.0234375 0.03743944324473976
0 0.77421875 0.21289544185123863 0.025 0.03910207279438911
0 0.79375 0.21805331122185515 0.025 0.040664572794389106
0 0.8140625 0.22169874536729628 0.025 0.03910207279438911
0 0.83046875 0.22587510563861418 0.0234375 0.039001943244739844
0 0.85078125 0.23108303978405537 0.0234375 0.03587694324473985
0 0.8671875 0.23447815005537326 0.021875 0.03577681369509049
0 0.8859375 0.23880470465116507 0.021875 0.03577681369509049