0 0.1421875 0.910799357955519 0.021875 0.028506829545304768
0 0.1609375 0.905784575488115 0.021875 0.028506829545304768
0 0.19609375 0.8957959208617323 0.021875 0.03006932954530477
0 0.17890625 0.9015646797901862 0.0203125 0.028479556006354302
0 0.2140625 0.8923572751638034 0.021875 0.03006932954530477
0 0.2328125 0.8873424926963993 0.01875 0.02688978246740419
0 0.24921875 0.8823686205374207 0.021875 0.03163182954530477
0 0.26640625 0.878162361608967 0.021875 0.03006932954530477
0 0.28515625 0.8731475791415629 0.0203125 0.0316045560063543
0 0.30234375 0.8681600702131093 0.021875 0.03163182954530477
0 0.3203125 0.8639401745151802 0.0203125 0.0316045560063543
0 0.3375 0.8589526655867266 0.021875 0.03163182954530477
0 0.771875 0.7435581217585321 0.021875 0.03006932954530477
0 0.78828125 0.7393654995995534 0.025 0.03168637662320535
0 0.815625 0.7326382126679226 0.025 0.03168637662320535
0 0.83359375 0.7276370669699936 0.0234375 0.031659103084255055
0 0.85078125 0.7234308080415399 0.021875 0.03163182954530477
0 0.66953125 0.4672195385597793 0.0234375 0.031659103084255055
0 0.6875 0.46299964286185047 0.025 0.03168637662320535
0 0.70625 0.45798486039444636 0.021875 0.03163182954530477
0 0.72421875 0.4537649646965174 0.021875 0.03163182954530477
0 0.7421875 0.4479825689985885 0.021875 0.03163182954530477
0 0.76015625 0.44532517330065957 0.021875 0.03163182954530477
0 0.77890625 0.44031039083325557 0.021875 0.03006932954530477
0 0.79609375 0.43532288190480173 0.021875 0.03006932954530477
0 0.8140625 0.43032173620687286 0.021875 0.03006932954530477
0 0.578125 0.1953775405883742 0.021875 0.03006932954530477
0 0.59453125 0.19040366842939566 0.0234375 0.031659103084255104
0 0.6125 0.1854025227314667 0.021875 0.03006932954530477
0 0.6296875 0.180415013803013 0.021875 0.03163182954530477
0 0.64921875 0.17538659456613376 0.021875 0.03163182954530477
0 0.66640625 0.17039908563768 0.0234375 0.031659103084255104
0 0.684375 0.1669604399397511 0.021875 0.03163182954530477
0 0.70234375 0.1611780442418222 0.021875 0.03006932954530477
0 0.72109375 0.1561632617744181 0.021875 0.028506829545304768
0 0.73828125 0.15195700284596436 0.0234375 0.030096603084255102
0 0.75703125 0.1461609703785603 0.021875 0.028506829545304768
0 0.09921875 0.6193618802766534 0.0234375 0.031659103084255055
0 0.11640625 0.6135931213481997 0.021875 0.03163182954530477
0 0.134375 0.6101544756502707 0.021875 0.03163182954530477
0 0.1515625 0.604385716721817 0.021875 0.03163182954530477
0 0.17109375 0.6001385474849378 0.021875 0.03163182954530477
0 0.1875 0.5943834253259592 0.021875 0.03163182954530477
0 0.20390625 0.5894095531669807 0.0203125 0.0316045560063543
0 0.22265625 0.5851760206995765 0.025 0.03168637662320535
0 0.240625 0.5817373750016477 0.021875 0.03163182954530477
0 0.0515625 0.3319124732146388 0.021875 0.03163182954530477
0 0.0328125 0.33692725568204285 0.021875 0.028506829545304768
0 0.06953125 0.3276925775167099 0.021875 0.03163182954530477
0 0.08671875 0.3227050685882561 0.021875 0.03006932954530477
0 0.10546875 0.31769028612085204 0.01875 0.0268897824674041
0 0.1234375 0.31425164042292314 0.021875 0.028506829545304768
0 0.1390625 0.31007265503341974 0.0203125 0.02847955600635448
0 0.15703125 0.3042902593354908 0.0203125 0.02847955600635448
0 0.17578125 0.30005672686808676 0.021875 0.028506829545304768