0 0.396875 0.1375 0.025 0.06640625
0 0.42265625 0.140625 0.02578125 0.0609375
0 0.4515625 0.14140625 0.02578125 0.06171875
0 0.4796875 0.1515625 0.02578125 0.0640625
0 0.50859375 0.153125 0.0265625 0.05859375
0 0.5359375 0.1546875 0.02578125 0.06171875
0 0.56484375 0.16015625 0.025 0.06015625
0 0.35078125 0.28203125 0.02421875 0.06328125
0 0.3796875 0.284375 0.0234375 0.06484375
0 0.40703125 0.28671875 0.0265625 0.05859375
0 0.43359375 0.29375 0.025 0.06484375
0 0.55859375 0.4296875 0.02421875 0.0625
0 0.58828125 0.43515625 0.02421875 0.0625
0 0.615625 0.43671875 0.0234375 0.06015625
0 0.64453125 0.44140625 0.02578125 0.06015625
0 0.3703125 0.528125 0.0234375 0.0609375
0 0.39921875 0.53671875 0.025 0.065625
0 0.425 0.5375 0.025 0.06171875
0 0.4921875 0.6453125 0.02421875 0.06484375
0 0.51875 0.6484375 0.025 0.06484375