0 0.9054208236374215 0.015440514252271966 0.06709164727484307 0.030881028504543932
0 0.7981663040925843 0.03361986441055653 0.09633260818516849 0.06723972882111307
0 0.6844864413654879 0.03989860814235037 0.08772288273097573 0.07979721628470074
0 0.5700891015172088 0.047026798034078235 0.08705320303441759 0.09405359606815647
0 0.45763689894183324 0.058774291765872066 0.08089879788366652 0.11754858353174413
0 0.3446585378817268 0.06828202091618954 0.07075852333785929 0.12208560015828458
0 0.23381663273097572 0.09186793659302257 0.0805161606107628 0.12704588479802065
0 0.12024834030732108 0.11083454842978964 0.07401106909549378 0.12373902837152992
0 0.030563958035387306 0.1345879486672165 0.04990388939893551 0.13394910266556703
0 0.983545307885606 0.40931225389393766 0.032909384228787884 0.15181856426490725
0 0.901242088350467 0.4303270990376573 0.09164485030926066 0.16789820533113406
0 0.7865099086539088 0.4446289429277357 0.09413212152108805 0.16017663354437944
0 0.6722719365336959 0.4745785188711255 0.0967469384905499 0.15401756175762477
0 0.5624185754735894 0.49108772044133586 0.08373675546001173 0.14740384890464336
0 0.45028523729230036 0.5084463681714803 0.0833221672787225 0.16142088479802066
0 0.3384707635050974 0.5297112659016247 0.08411939273291544 0.15209134890464338
0 0.11594193032477809 0.5761245793086021 0.07579670970237724 0.14561402837152998
0 0.8328253809432995 0.8873021762346884 0.08469347758022465 0.12093227711788898
0 0.7206282698831931 0.9038795739648326 0.07101361485312836 0.12521060015828453
0 0.6114126376112594 0.928201275535043 0.0810582945496865 0.11459134890464355
0 0.49655291215706654 0.9409406194251215 0.0701527454580722 0.09556856426490726