0 0.2621483105039836 0.10437007458692207 0.2544722028238516 0.10878475607526776
0 0.27912887351524956 0.1783259297590652 0.2480858105039835 0.10387900126594438
0 0.2968224903665816 0.24996531678237374 0.24817673871722895 0.10700400126594438
0 0.31373485721791355 0.3215774219545169 0.24505173871722885 0.10689487386128267
0 0.32678643817586817 0.3946156178708328 0.2480858105039836 0.10387900126594438
0 0.3436533409205775 0.464665223042976 0.2449608105039836 0.10376987386128267
0 0.36141515393184354 0.5386483600662846 0.24505173871722893 0.10689487386128267
0 0.3782820566765529 0.6086979652384277 0.24505173871722885 0.10689487386128267
0 0.3913791017411302 0.6832986611547437 0.24817673871722895 0.10700400126594438
0 0.4082914685924622 0.7549107663268868 0.23563127461060632 0.10500499164729753
0 0.4307407816037282 0.8290575944571879 0.24983016693047427 0.11018356496827515
0 0.45309916640174885 0.9000794225874891 0.2545176669304743 0.11034725607526781
0 0.4636024088799015 0.9562103383819203 0.25286423871722896 0.08757932323615947
0 0.6882956218658969 0.05135177902557656 0.24846624373179385 0.06330856496827522
0 0.7006652412245113 0.10095247494189255 0.24817673871722903 0.10700400126594438
0 0.7175776080758434 0.1725645801140357 0.2387562746106063 0.10511411905195925
0 0.7391547428738641 0.2435591263931714 0.24505173871722902 0.10689487386128267
0 0.75691655588513 0.31754226341647995 0.23563127461060632 0.10500499164729753
0 0.7652806368430847 0.39041676822580335 0.23866534639736087 0.10198911905195925
0 0.7868805036944166 0.46219256450493906 0.2387562746106063 0.10511411905195925
0 0.8045741205457487 0.5338319515282477 0.24040970282385138 0.10829368275429019
0 0.8215092194503921 0.6062253067003908 0.2418812746106062 0.10522324645662096
0 0.8392483004083466 0.6794271937236993 0.2498756310370971 0.11174606496827515
0 0.85696464931299 0.7518478307470079 0.24036423871722903 0.10673118275429001
0 0.8691667841110107 0.8225149948121583 0.24040970282385174 0.1082936827542901
0 0.8821672658018642 0.8958805729424595 0.23566546839627173 0.11034725607526781