0 0.4923092388888913 0.9460685281746205 0.33729734577334836 0.10786294365075903
0 0.46361493753230193 0.8752426695048333 0.3342119185677376 0.1569927352084335
0 0.4271384145533427 0.7802511630790427 0.3370365299187895 0.15243256920082224
0 0.39852445634920813 0.6863592416342241 0.33234902991878956 0.15224156821223894
0 0.3680976742709502 0.588497403193211 0.3324491594684389 0.1538040682122391
0 0.33870246606681553 0.49457364825029515 0.3342119185677375 0.1569927352084335
0 0.302125813538207 0.3980196418245045 0.33899954811738686 0.1587462361970166
0 0.2725804110095984 0.30175213688158864 0.3199491594684389 0.15329473224268392
0 0.24737205505721716 0.2002068829272559 0.33899954811738686 0.1587462361970166
0 0.22402658775378392 0.10341279596911761 0.3453496776670362 0.16056340418179418
0 0.9431315453396097 0.8600924437623021 0.11373690932078055 0.13005886760421675
0 0.9299213440753054 0.7643661082870385 0.1401573118493893 0.13088653855474383
0 0.9174423280361765 0.6663278563098723 0.165115343927647 0.13008804250907638
0 0.8940758767718722 0.5717501853593452 0.21184824645625575 0.13486838441013055
0 0.8832594902823925 0.47690060037837323 0.23348101943521504 0.13394255437207453
0 0.8679710020810265 0.3806649289335545 0.26405799583794687 0.14188238836446337
0 0.8388271722683653 0.2858644234963471 0.2689478639719457 0.13563238836446337
0 0.805956510640458 0.18634458456104247 0.2756985117201922 0.14369955634924092
0 0.7804675524363235 0.09257999710861257 0.267185104872647 0.13244372136826899
0 0.7502701102713178 0.04693457467521072 0.2692902205426357 0.043699556349240956