0 0.1046875 0.13515625 0.0734375 0.1234375
0 0.20625 0.13359375 0.0734375 0.1234375
0 0.3078125 0.13125 0.0734375 0.1265625
0 0.4078125 0.13125 0.075 0.1265625
0 0.5078125 0.13359375 0.06875 0.1296875
0 0.6078125 0.13125 0.0734375 0.1296875
0 0.7125 0.13125 0.0734375 0.1390625
0 0.815625 0.13515625 0.06875 0.13125
0 0.9109375 0.13359375 0.06875 0.1296875
0 0.1078125 0.375 0.065625 0.121875
0 0.2046875 0.37890625 0.0703125 0.128125
0 0.309375 0.37890625 0.0734375 0.134375
0 0.415625 0.37890625 0.075 0.13125
0 0.509375 0.37890625 0.0671875 0.1296875
0 0.6109375 0.37890625 0.071875 0.1265625
0 0.7109375 0.37734375 0.06875 0.1296875
0 0.8140625 0.37890625 0.0703125 0.1265625
0 0.909375 0.37890625 0.0640625 0.121875
0 0.15 0.6171875 0.075 0.1296875
0 0.2546875 0.6171875 0.0671875 0.134375
0 0.3546875 0.61875 0.075 0.1359375
0 0.453125 0.6171875 0.071875 0.1296875
0 0.553125 0.615625 0.0703125 0.1296875
0 0.6546875 0.615625 0.0703125 0.128125
0 0.75625 0.62109375 0.0703125 0.128125
0 0.8640625 0.61875 0.0734375 0.128125