0 0.9541268971159681 0.8485156152071209 0.09174620576806376 0.1412563527754692
0 0.8519277021047298 0.8606880099601938 0.09458757142762977 0.1412563527754692
0 0.7483214610331835 0.8736416547132668 0.0946421185055307 0.1443813527754692
0 0.6462231728837367 0.8835339664625341 0.09776711850553052 0.1445086867678576
0 0.5440839744258642 0.8910825282118016 0.09313416558343128 0.14744268577927463
0 0.4428214833543179 0.904131673459166 0.09625916558343128 0.1475700197716634
0 0.33604933197434617 0.9146142342198502 0.09642280681713337 0.1569450197716634
0 0.22999024674699853 0.9212223784786318 0.09313416558343128 0.147442685779275
0 0.13260673213650193 0.9295734241634225 0.09313416558343128 0.14085315167315499
0 0.913779271100023 0.6024563572984555 0.08825575081077872 0.13631418479069152
0 0.8139565491032001 0.6085379195420144 0.09151711850553061 0.14425401878308045
0 0.7071843977232286 0.6190204803026986 0.09634098620028234 0.1522575197716634
0 0.5988633831127319 0.6302206240671884 0.09782166558343128 0.14763368676785796
0 0.5030014581938098 0.6395863538012334 0.089981892044481 0.14575285178688588
0 0.39935430681383804 0.6501962485543062 0.09464211850553061 0.1443813527754692
0 0.29806454220334144 0.6616828938016708 0.09313416558343128 0.14744268577927463
0 0.19204636728441932 0.6706347880604522 0.09151711850553061 0.14425401878308045
0 0.09540319236549721 0.6799686842963999 0.0851307508107789 0.13618685079830276
0 0.8314405093321955 0.35786675748873586 0.09782166558343128 0.14763368676785787
0 0.7246683579522237 0.3683493182494201 0.09006371266133187 0.15044035178688597
0 0.6217751830333016 0.3774285465005902 0.09949325973923262 0.15394735376405233
0 0.5220479184228051 0.38897885874414917 0.09625916558343128 0.14757001977166348
0 0.4199769038123085 0.40043367049341655 0.09313416558343128 0.14744268577927463
0 0.3163297524323367 0.41104356524648955 0.09151711850553061 0.14425401878308025
0 0.21257350689656357 0.4154034599995625 0.09151711850553061 0.14425401878308025
0 0.10273090259449247 0.42888368676785793 0.09464211850553061 0.14438135277546915