0 0.065625 0.34609375 0.05 0.2421875
0 0.1390625 0.34609375 0.046875 0.2375
0 0.2109375 0.34609375 0.0484375 0.2375
0 0.2828125 0.34609375 0.05 0.2328125
0 0.3546875 0.34140625 0.0453125 0.2359375
0 0.425 0.34140625 0.046875 0.2328125
0 0.4984375 0.34140625 0.0484375 0.2328125
0 0.56875 0.34140625 0.05 0.2328125
0 0.6421875 0.33671875 0.05 0.2375
0 0.7140625 0.33671875 0.05 0.2234375
0 0.7890625 0.34140625 0.0515625 0.2359375
0 0.8609375 0.34609375 0.05 0.2421875
0 0.9296875 0.34140625 0.053125 0.240625
0 0.065625 0.77734375 0.0515625 0.2375
0 0.1375 0.77265625 0.05 0.2375
0 0.209375 0.77265625 0.0484375 0.2265625
0 0.28125 0.77734375 0.0484375 0.2328125
0 0.3546875 0.77734375 0.0484375 0.2234375
0 0.4265625 0.76796875 0.046875 0.228125
0 0.4984375 0.77265625 0.0484375 0.2265625
0 0.5703125 0.77265625 0.053125 0.2265625
0 0.6421875 0.77265625 0.0484375 0.23125
0 0.715625 0.77265625 0.053125 0.2375
0 0.7875 0.77265625 0.05 0.2265625
0 0.8578125 0.76796875 0.0515625 0.228125
0 0.93125 0.77265625 0.05 0.2421875