0 0.28515625 0.1609375 0.0890625 0.1546875
0 0.4421875 0.1640625 0.084375 0.1609375
0 0.596875 0.16484375 0.0953125 0.15
0 0.7484375 0.15703125 0.0953125 0.159375
0 0.9015625 0.15390625 0.0890625 0.159375
0 0.29609375 0.4734375 0.0765625 0.15
0 0.44140625 0.4671875 0.103125 0.1609375
0 0.59609375 0.46640625 0.0828125 0.159375
0 0.75078125 0.46328125 0.08125 0.153125
0 0.903125 0.465625 0.10625 0.1578125
0 0.2984375 0.77578125 0.08125 0.1546875
0 0.44453125 0.7796875 0.0796875 0.15
0 0.6 0.778125 0.0921875 0.1453125
0 0.74921875 0.771875 0.078125 0.140625
0 0.89765625 0.7703125 0.08125 0.1484375